-54.069594700111836,68,68
-188.99920114100587,59,127
-79.16496339212813,89,216
-107.23419255188547,63,279
-372.6781379471591,112,391
-134.47519311310396,108,499
-106.75575366825596,79,578
-310.3726350841682,100,678
-103.01464360206275,118,796
-250.93761774712354,86,882
-47.04514684701637,119,1001
-599.8418964641194,115,1116
-92.83170303275902,85,1201
-161.03567570617224,116,1317
-113.12125813921297,67,1384
-98.3678264292564,92,1476
-363.1426892865482,77,1553
-113.47586681095765,105,1658
-506.4825803892642,110,1768
-454.5180060701397,102,1870
-60.99775816822071,134,2004
-371.6959554734418,78,2082
-213.59946602170982,80,2162
-180.9609691744513,78,2240
-130.7935681773466,87,2327
-172.65492430355283,69,2396
-248.74719044656513,88,2484
-356.99547569732897,92,2576
-134.535345021105,82,2658
-226.44190623993117,97,2755
-216.3992535321076,79,2834
-432.25271462747975,124,2958
-99.86990647117278,87,3045
-277.83913173783606,120,3165
-106.02035916581558,92,3257
-270.7082704543227,95,3352
-107.24517826450673,60,3412
-97.28615998873232,76,3488
-447.22151600290607,86,3574
-370.6803427597745,150,3724
-160.66458765690805,99,3823
-78.61395993970291,93,3916
-112.60815618408728,63,3979
-252.57177105804243,118,4097
-157.28107320593077,150,4247
-112.58009017448464,83,4330
-40.83319631973974,108,4438
-206.7993246650126,86,4524
-182.54710333865316,67,4591
-103.18561096927219,73,4664
-156.98227982444092,109,4773
-365.3209416386313,79,4852
-375.889463263383,107,4959
-325.5017749677261,112,5071
-294.9408098057055,83,5154
-472.94693607510453,117,5271
-385.7730931755693,95,5366
-185.14795767163565,131,5497
-139.7096973045465,84,5581
-349.69212855379084,114,5695
-223.74483581175207,72,5767
-112.02351244362505,68,5835
-288.7971736715384,110,5945
-241.34450593617743,97,6042
-163.54312766371447,74,6116
-175.24996007484907,79,6195
-119.47110683142134,112,6307
-128.75419476931123,110,6417
-414.49625554754004,112,6529
-145.03920965993933,60,6589
-320.7951624826526,113,6702
-389.9430792162243,115,6817
-372.2385857459886,117,6934
-81.2701763744952,61,6995
-113.54262712853792,122,7117
-261.290528068458,103,7220
-126.8915166464732,114,7334
-326.498393591025,107,7441
-112.30695887523092,69,7510
-300.7109105884092,96,7606
-202.57146704292796,86,7692
-207.6269422428521,109,7801
-316.6416060384695,129,7930
-85.4299888098498,80,8010
-104.06718376242591,129,8139
-101.70547684504253,94,8233
-438.8263309494301,87,8320
-133.05039397195404,108,8428
-120.19558314011238,60,8488
-238.77720554250533,77,8565
-276.95118127461933,98,8663
-277.52168033499447,134,8797
-87.60697308116075,70,8867
-74.69596013520457,77,8944
-320.71647783530466,106,9050
-76.77565445363032,71,9121
-166.23277345172855,129,9250
-83.21648594129377,140,9390
-190.7465379580139,100,9490
-271.97363550628165,100,9590
-217.0993808648215,96,9686
-103.53372391601829,127,9813
-228.89386190750488,102,9915
-233.81858084587418,64,9979
-114.9054608765439,63,10042
-106.56145929483402,110,10152
-115.78424282243955,122,10274
-150.23971519956257,80,10354
-170.1156892921885,61,10415
-87.48741740611005,78,10493
-93.55928092694582,78,10571
-278.90494455568,102,10673
-84.6984905147563,71,10744
-221.52098187604193,105,10849
-430.0840599755001,97,10946
-78.03419348040036,61,11007
-316.3820835035327,113,11120
-329.13461996853647,104,11224
-268.9263740386733,81,11305
-154.9784084153028,90,11395
-504.5580059565202,91,11486
23.318237390520267,134,11620
-94.93566547013377,88,11708
-280.48692856007676,114,11822
-226.98909242116736,121,11943
-78.91753802905855,76,12019
-296.71517538602586,74,12093
-100.24902553462489,92,12185
-80.49500413062252,78,12263
-143.0336641979396,109,12372
-387.6745014573687,103,12475
-379.73895073860444,80,12555
-78.59083849342015,64,12619
-88.4520781999278,61,12680
-86.4901389228213,73,12753
-310.2105800158081,117,12870
-169.52323406270983,112,12982
-71.35185972861863,61,13043
-144.33789702038018,94,13137
-117.73591095132716,85,13222
-102.27281620656319,57,13279
-152.82340780524163,76,13355
-199.90662242094749,71,13426
-179.69411014501338,60,13486
-361.5305670169282,113,13599
-254.08773150811672,119,13718
-423.28007415562183,79,13797
9.424913825269329,60,13857
-188.16785345035464,76,13933
-153.0053676491513,64,13997
-82.81463095691032,70,14067
-248.86650385713781,103,14170
-105.83315402169487,86,14256
-69.5854859126238,60,14316
-161.09919295095597,79,14395
-262.14287322114643,132,14527
-442.1357068597881,83,14610
-319.07893632366904,110,14720
-229.28395619650223,101,14821
-198.77353083501686,115,14936
-104.47597547535437,88,15024
-83.33316353936507,69,15093
-270.6976568808834,144,15237
-88.01181765258852,74,15311
-242.37133446145813,84,15395
-99.00726108400609,64,15459
-95.61927627038064,77,15536
-323.96031067712096,118,15654
-132.69211394163003,88,15742
-43.96094540103078,99,15841
-201.63566329346958,91,15932
-192.39692012463092,69,16001
-158.8376776038289,93,16094
-168.3395509739135,73,16167
-89.36519837515371,60,16227
-112.5139440032617,67,16294
-278.37569882975714,88,16382
-143.67721042710707,67,16449
-92.6375693639334,63,16512
-231.506653640902,88,16600
-421.24638613725983,85,16685
-58.93991133480918,68,16753
-103.02617110536782,93,16846
-98.75107061436182,85,16931
-112.72465733714886,91,17022
-77.60603197148174,69,17091
-198.66732160161695,74,17165
-152.73962018379584,60,17225
-259.60302408847815,76,17301
-177.63279562144982,99,17400
-101.49232194868537,70,17470
-163.27901014485766,67,17537
-100.8145752887572,105,17642
-100.64225679450786,70,17712
-83.9804356358836,62,17774
-430.09172688993954,101,17875
-248.04395563785053,67,17942
-82.96288821264919,87,18029
22.54839861212892,100,18129
-74.54343448167288,134,18263
-77.3497842341937,106,18369
-172.46318155035573,69,18438
-105.49305446011087,110,18548
-116.94237811143407,146,18694
-59.22854494172617,112,18806
-89.62624666798708,97,18903
-216.60870586534242,119,19022
-3.830750324893174,76,19098
-88.06994203775436,77,19175
-337.8058306429272,96,19271
-234.54652406503723,66,19337
-264.8115852530441,107,19444
-96.8005585543195,140,19584
-104.9442045479754,69,19653
-237.0070510370685,101,19754
-125.15255983633661,55,19809
-37.26314265954613,91,19900
-95.47232417268962,61,19961
34.06028956569156,84,20045
-553.8224564912841,102,20147
-124.69765865465072,69,20216
-331.74800595335387,130,20346
-282.8302905947854,106,20452
-101.05798307844522,111,20563
-145.83027534868913,86,20649
-73.32531692900193,69,20718
-253.16072532843816,67,20785
-245.30177797653377,138,20923
-130.35731045782407,111,21034
-362.30107915248806,94,21128
-138.29632748619775,116,21244
-120.81039748138329,81,21325
-58.73367922141702,129,21454
-87.03390620786331,100,21554
5.823235415721157,71,21625
-74.54756456475226,87,21712
-392.73989529470725,85,21797
-195.42280377794884,62,21859
-149.45599362764227,103,21962
-148.31985578736248,59,22021
-180.09801099157133,132,22153
-209.5771284168107,95,22248
-147.5910645553011,89,22337
-378.86924161820457,126,22463
-304.55045240835375,87,22550
-92.27211720302087,69,22619
-82.12007761861798,66,22685
-96.6886989133168,80,22765
-121.3463139753422,86,22851
-164.90952810717954,68,22919
-116.514415008783,111,23030
-134.65797961565912,90,23120
-345.13532880917495,104,23224
-112.34189786588499,90,23314
-203.9498052467972,72,23386
-141.92124478251665,112,23498
-120.33509727743791,73,23571
-292.10888684512076,102,23673
-215.89585649904632,78,23751
-199.49684523518846,108,23859
-89.73841893054089,68,23927
-134.7526454823256,98,24025
-199.39468170334635,73,24098
-36.72156018373826,65,24163
-104.50431586062503,103,24266
-265.7074588349626,114,24380
-73.07845954310996,65,24445
-212.2098515030525,62,24507
-81.66034084222834,87,24594
-137.29820390841428,72,24666
-189.5281976791852,69,24735
-187.93949736605686,129,24864
-235.30115677202411,89,24953
-114.95510004768587,87,25040
-307.5371820650645,106,25146
-176.74474597192722,78,25224
-343.65795907191205,145,25369
-79.00381208114922,65,25434
-115.7188441430434,90,25524
-134.31433326830535,86,25610
-108.1804635326267,75,25685
-120.90918564722665,66,25751
-183.85078705722222,101,25852
-132.11696462292844,81,25933
-120.59773812334153,96,26029
-93.26449047216116,80,26109
-189.40024595365546,92,26201
-180.08787413380762,81,26282
-86.35792563162636,69,26351
-99.77216655318627,65,26416
-109.82414388101957,109,26525
-163.6382308110555,87,26612
-148.25725989647205,64,26676
-54.286064423644014,76,26752
-110.9842100443108,80,26832
-159.48779213449103,67,26899
-80.72556028212206,94,26993
-71.73958396388096,64,27057
-312.6472324353083,98,27155
-124.6201280850582,92,27247
-169.5410606385579,57,27304
-140.48080243139043,99,27403
-107.7952637115132,109,27512
-184.80697628970617,73,27585
-73.52231676090179,66,27651
-227.3571393238281,97,27748
-284.01815718746616,98,27846
-116.53207484334791,88,27934
-89.30348723442106,100,28034
-120.63305295467225,81,28115
-120.32270581251056,86,28201
-154.35336909144243,94,28295
-413.2773523721539,112,28407
-113.21136570543777,86,28493
-162.6631102093142,78,28571
-105.26236379849068,128,28699
-94.4209467259841,75,28774
-115.00501559651677,88,28862
-115.10342921871715,99,28961
-188.86396853042584,76,29037
-150.30050464087742,74,29111
-158.82086318871,113,29224
-101.38830612112919,63,29287
-114.86469137919835,105,29392
-222.98096682376433,100,29492
-96.85380799455551,119,29611
-257.94206615107953,97,29708
-149.7619241645906,117,29825
-98.1925215906486,69,29894
-232.07038685216563,71,29965
-142.63007889332675,100,30065
-281.9061169553837,116,30181
-208.81009717937047,105,30286
-191.83472733719162,74,30360
-258.2603699877596,106,30466
-58.65990960488041,125,30591
-122.17006705947472,81,30672
-203.83480835687627,72,30744
-150.05486137526185,80,30824
-141.7034559807227,125,30949
-87.44251430861148,69,31018
-341.55516712700114,91,31109
-88.34458878603415,71,31180
-201.14103635830634,124,31304
-69.09247480637836,76,31380
-8.860901803822898,144,31524
-169.97658914662696,66,31590
-151.0794830735378,84,31674
-99.89017924417897,63,31737
-284.2461109917488,104,31841
-114.04330895368267,81,31922
-72.72185349450993,71,31993
-120.85282719714237,68,32061
-71.05048143789135,59,32120
-140.77136610409687,61,32181
-294.5218455742601,105,32286
-191.205295576845,127,32413
-132.751755943043,105,32518
-135.47821781567362,77,32595
-142.93570523986926,104,32699
-241.64273512585854,83,32782
-206.42981157502646,108,32890
-369.77451686476456,105,32995
-111.96203614749527,129,33124
-53.333635434550956,117,33241
-86.47972839723576,67,33308
-131.65570126472727,63,33371
-106.18228691161126,98,33469
-241.2714971554099,128,33597
-248.54227048677345,89,33686
-185.87245348701816,101,33787
-76.00805187304147,73,33860
-99.10567850484817,80,33940
-187.62456218300775,120,34060
-55.486957320553635,65,34125
-127.4778234774949,93,34218
-360.6594693690842,116,34334
-191.40259866558753,121,34455
-174.20367844321214,61,34516
-348.47796575070015,93,34609
-85.33356963727859,77,34686
-152.42606060104512,76,34762
-287.2242002418718,73,34835
-368.02029195779346,101,34936
-288.99305934837025,88,35024
-197.89063768851116,82,35106
-123.62019816333444,106,35212
-117.87129656203231,66,35278
-125.13034576841441,114,35392
22.847246893252688,70,35462
-82.47478663215551,67,35529
-173.23539109367584,121,35650
-119.79395569644986,100,35750
-267.27908339956514,128,35878
-141.5353200215311,91,35969
-93.27489847726245,124,36093
-372.9535588085671,98,36191
-132.08201855134257,85,36276
-241.29773088799757,119,36395
-168.8509106593442,103,36498
-113.76231859117473,92,36590
-79.10643329234782,146,36736
-276.36313290056853,105,36841
-108.21253334996456,116,36957
-47.32968270012938,61,37018
-126.34281218994386,72,37090
-72.5603278834503,70,37160
-106.01898206313967,71,37231
-125.73059292045954,119,37350
-164.43073600755633,95,37445
-375.7678731419461,92,37537
-62.70912467379299,72,37609
-226.62310871810226,103,37712
-62.7821348064172,67,37779
-117.26012571243758,77,37856
-145.21644932803088,85,37941
-371.9064178123576,119,38060
-238.59152221492377,123,38183
-91.7957633771653,71,38254
-103.73049208183599,79,38333
-114.35002578310794,74,38407
-152.16400763406074,88,38495
-220.29832235828331,89,38584
-349.56440235673176,98,38682
-29.595024686765456,96,38778
-382.215161341704,92,38870
-88.55589854570647,92,38962
-158.28058205147346,118,39080
-169.93408313414187,91,39171
-533.4888969562855,98,39269
-244.42121852850946,79,39348
-101.70127017670819,109,39457
-29.119817362343866,152,39609
-328.98649956756446,75,39684
-70.9201157048844,98,39782
-219.74854270189348,107,39889
-83.86617290418505,64,39953
-167.02319734777421,69,40022
-62.3499753597358,57,40079
-145.06673271136177,110,40189
-327.334125365275,140,40329
-177.3410426521828,138,40467
-101.21255268503556,102,40569
-167.309206463056,64,40633
-154.1356752215911,115,40748
-105.07010506187747,70,40818
-326.1942788097763,126,40944
-101.41827099859894,120,41064
-144.0219907206374,102,41166
-91.79397826833748,69,41235
-301.5881671606792,81,41316
-151.7574163638284,95,41411
-221.5296826428173,75,41486
-228.9573827508943,104,41590
-260.81877079521166,124,41714
-94.76206665689423,90,41804
-71.77513822011454,95,41899
-122.65694819445304,99,41998
-235.37043237526117,102,42100
-153.1926542468234,70,42170
-394.1503305175254,83,42253
-273.60737260902533,117,42370
-104.22278313231772,91,42461
-139.31368418431583,130,42591
-274.89335041976074,108,42699
-160.75980045259485,84,42783
-79.77099991540291,67,42850
-179.45559348924377,80,42930
-77.38756202382264,62,42992
-450.8859670857131,101,43093
-191.70771286257983,73,43166
-91.56284354178658,73,43239
-144.4693711499578,90,43329
-170.1889521195863,97,43426
-436.162633370379,93,43519
-218.67577496434137,101,43620
-162.62941627039024,81,43701
-142.48775944439421,70,43771
-394.84359508216033,94,43865
-214.8154203464066,102,43967
-194.3543364635819,77,44044
-94.39760776230648,69,44113
-25.542891438094344,117,44230
-93.73273407466151,61,44291
-429.6971939518893,103,44394
-97.46046951838962,63,44457
-185.50685175456198,108,44565
-277.3105563824962,109,44674
-155.12870729983584,90,44764
-467.6198363994581,109,44873
-110.41587358989221,111,44984
-115.19185295430124,88,45072
-173.02422325501294,116,45188
-81.35872645101705,62,45250
-95.35455016897697,115,45365
-122.7501932975783,85,45450
-352.5700525940951,103,45553
-162.61710384133528,78,45631
-117.13176240658649,109,45740
-374.6100310789045,78,45818
-196.30763383856686,59,45877
-371.5164050081295,87,45964
-122.89883792325345,78,46042
-266.5197412103247,108,46150
-192.72547870112936,78,46228
-246.21583288696564,83,46311
-109.32437786715415,99,46410
-336.9301385934639,104,46514
-221.9626060613889,107,46621
-160.126699690444,127,46748
-384.0237836159521,114,46862
-111.21067770153863,136,46998
-112.4273616604499,119,47117
-92.5735811905387,100,47217
-321.6165750130924,96,47313
-93.92563552211998,68,47381
-140.8826159148265,80,47461
-130.8318667477296,98,47559
-157.6666093237126,96,47655
-133.26753380620698,63,47718
9.376306111185414,73,47791
-119.65733669996159,72,47863
-99.24030655500684,111,47974
-193.11354231920123,78,48052
-457.49532137520583,90,48142
-168.1445939382417,76,48218
-70.96592652242464,74,48292
-182.29307870863465,76,48368
-282.87289496510664,62,48430
-308.61955809695036,101,48531
-76.81104643301288,98,48629
-400.84934166921107,119,48748
-58.986211039382,77,48825
-84.87408274768406,65,48890
-114.40808085904862,77,48967
-479.90284201105186,94,49061
-251.98197355236593,111,49172
-375.1455146503617,88,49260
-344.49658799747374,100,49360
-104.70756321538255,63,49423
-157.76068683170826,95,49518
-158.69376264971706,113,49631
-119.11306060528642,65,49696
-176.7062103511743,72,49768
-239.17858387413926,109,49877
-402.61312540238373,108,49985
-86.03016300839562,103,50088
-141.06729284717613,64,50152
-214.91616024522594,77,50229
-121.86094073952552,97,50326
-92.67162648536349,66,50392
-82.73291231382356,75,50467
-60.184096821965596,64,50531
-16.679239827924093,131,50662
-296.27099332812236,79,50741
-92.3900228731805,92,50833
-255.38017028375407,105,50938
-244.44243509059828,86,51024
-225.1892773392991,109,51133
-397.7319650235296,120,51253
-129.642126463476,96,51349
-69.18480433002686,70,51419
-398.7774961614474,98,51517
-112.95712911369917,89,51606
-97.97895019630164,98,51704
-114.23333557736878,67,51771
-268.55754134437717,100,51871
-126.9992403322936,75,51946
-343.9403281156756,119,52065
-365.02209501406674,102,52167
-421.2667702140371,77,52244
-111.11978141602052,99,52343
-105.7653580992399,65,52408
-337.82925510907125,107,52515
-145.8621790214276,100,52615
-90.5669902224012,91,52706
-159.04248667099745,99,52805
-132.64259555816403,87,52892
-87.40494237293998,63,52955
-202.90957169216404,109,53064
-156.23793432923463,81,53145
-169.87338350163716,127,53272
-146.23519496911433,98,53370
-122.38958461364244,120,53490
-254.1107822887153,96,53586
-106.40029661457395,88,53674
-100.87408012807293,100,53774
-39.28808706958915,120,53894
-123.37433099833412,83,53977
-119.02953564875338,89,54066
4.649926315509418,129,54195
-290.115758145752,83,54278
-289.37567744450337,77,54355
-132.51523649255273,125,54480
-108.64512597829999,68,54548
-50.833948070762446,64,54612
-420.7459139558098,100,54712
-90.67918156143088,97,54809
-129.24913016393404,93,54902
-45.03529716909907,126,55028
-129.6582183746811,102,55130
-105.22227994609317,64,55194
-250.45938695760094,93,55287
-79.38261412728954,109,55396
-70.59764372058991,94,55490
-208.2949688563791,57,55547
-152.5249312068263,113,55660
-148.24330072910203,77,55737
-206.6885545956336,104,55841
-99.48610288188782,80,55921
-72.78084732905963,88,56009
-91.72570418628789,57,56066
-130.64538637845496,76,56142
-372.973275951772,91,56233
-55.2519452478231,108,56341
-243.74705806684486,84,56425
46.59896519347981,87,56512
-104.61360286866929,115,56627
-103.35692436445244,74,56701
-73.29971050004342,72,56773
-92.4433945146886,79,56852
-348.72656561683175,123,56975
-183.27498878495524,107,57082
-145.5843844346508,64,57146
-163.22713497905377,125,57271
-139.8697799116536,93,57364
-370.3204866201311,85,57449
-287.3382382860575,88,57537
-187.1423197579649,95,57632
-190.8069925078241,110,57742
-72.32723712731296,112,57854
-171.6957586155213,110,57964
-159.40862759570825,89,58053
-49.13882196740283,106,58159
-366.23236819840474,87,58246
-322.1982824943649,89,58335
-167.99146732902102,70,58405
-135.86725809847547,120,58525
-162.987029160349,87,58612
102.92874153527396,1000,59612
-174.1141789089238,100,59712
-62.13275329385172,72,59784
-143.29659397686433,82,59866
-71.53224262738925,74,59940
-84.20310368910935,79,60019
-84.73723236794599,82,60101
-112.83865563387444,88,60189
-112.67584574734464,91,60280
-132.74948578573702,66,60346
-147.43247943108452,60,60406
-152.96809692332664,133,60539
-208.9594025259162,106,60645
-466.9039733861572,112,60757
-129.36653684078044,93,60850
-114.7636301377909,81,60931
-329.2951866608079,114,61045
-131.01552077859117,89,61134
-427.21821766307085,97,61231
-176.22650564977525,71,61302
-118.58151476725837,70,61372
-64.44733284872805,66,61438
-94.75257683190137,88,61526
-174.55628395992755,80,61606
-343.9803070614061,115,61721
-210.09461610546782,92,61813
-185.64983077870443,88,61901
-108.49754276918839,57,61958
-227.01155041315542,89,62047
-157.85236340842584,109,62156
-188.18423495391093,61,62217
-307.6235487408251,84,62301
-120.27781656412114,123,62424
-94.39881860516296,65,62489
-198.37108541924994,83,62572
-358.64292158405055,98,62670
-161.8348932945877,100,62770
-84.47772872816464,60,62830
-15.127958015109101,87,62917
-354.14981680536937,108,63025
-240.07789414479248,86,63111
-205.6770041353829,105,63216
-344.99035868946896,98,63314
-107.8471794286176,75,63389
-96.68052275653476,105,63494
-234.05151294646583,66,63560
-1.2376099440997166,90,63650
-105.37459742400343,69,63719
-333.05076405954355,107,63826
-64.03842802566422,69,63895
-129.1480525589394,83,63978
-117.75780378526989,98,64076
-96.30873084161702,71,64147
-145.4000791771778,104,64251
-129.87855332626816,68,64319
-89.74136411257228,113,64432
-100.0066504640881,70,64502
3.0493619548874307,128,64630
-389.4449982035153,84,64714
-113.38465377644572,79,64793
-181.65897943230902,77,64870
-88.66288935259219,65,64935
-549.5955402662954,109,65044
-338.39776534457496,96,65140
-113.68876737733,74,65214
-404.6453913049834,97,65311
-218.174602301451,115,65426
-316.4740301517895,94,65520
-236.57488420071107,119,65639
-49.781004782873794,121,65760
-292.72719598755816,111,65871
-104.68531360537108,113,65984
-70.50996756985853,83,66067
-89.72970416632013,58,66125
-101.42406200392789,87,66212
-226.94068050240543,78,66290
-212.80583522706266,395,66685
-290.1886057571714,84,66769
-72.88572894371528,68,66837
-394.9406766910771,145,66982
-114.00884424805979,135,67117
-127.04015381277074,66,67183
-248.5313918388155,69,67252
-188.06744785250686,134,67386
-82.68064408111681,93,67479
-161.9490976519984,79,67558
-94.74709334819525,58,67616
-132.1176843215544,77,67693
-488.74828876345964,124,67817
-339.8588505162966,85,67902
-283.43998045135703,98,68000
-172.85881144251852,146,68146
-316.2627418994026,137,68283
-176.206299946854,89,68372
-193.80325095571857,141,68513
-294.1737551977799,112,68625
-265.12438026433085,113,68738
-90.66804407404422,75,68813
-66.57266481170103,69,68882
-107.1297611141949,111,68993
-141.53146941508373,98,69091
-99.39426955494163,73,69164
-195.183637341544,69,69233
-169.718510104916,77,69310
-217.55490342997172,65,69375
-132.76897062569006,86,69461
-103.37077633332338,76,69537
-116.927450424892,85,69622
-261.3827263382604,92,69714
-147.51787100849631,82,69796
-277.8131919444503,86,69882
-137.10830565221542,80,69962
-305.93588532075614,77,70039
-208.27438155880452,79,70118
-43.30590735244297,64,70182
-87.46210778871382,83,70265
-103.78320687964217,69,70334
-93.37499012477014,90,70424
-209.01399154052092,108,70532
-168.16558997606998,63,70595
-107.58094811386437,65,70660
-221.6579207996449,95,70755
-153.9471353080904,92,70847
-132.17737400776838,96,70943
-213.62745676615165,102,71045
-107.25142292888711,68,71113
-223.69287221081044,128,71241
-76.05881664691917,73,71314
-106.31237273627588,64,71378
-103.18868482809891,58,71436
-124.61505009101326,126,71562
-108.28190174613708,93,71655
-106.66973765463871,97,71752
-129.58760570615954,114,71866
-111.98646119758762,91,71957
-65.96290123365767,85,72042
-140.97939998589766,104,72146
-104.0971489236213,76,72222
-132.48953747661704,65,72287
-250.7922028136718,89,72376
-398.9438614669092,104,72480
-68.31615798385147,72,72552
-278.7483078532042,66,72618
-359.8631141431533,91,72709
-155.68205291395412,72,72781
-194.2421198664473,108,72889
-164.49188706144676,126,73015
-108.92200335765888,132,73147
-104.62033140794539,93,73240
-137.1831777759626,65,73305
-57.81524040876582,60,73365
-114.33922022049128,96,73461
-126.73613235421885,101,73562
-209.95104898364693,126,73688
-111.4964001424876,91,73779
-120.14062381200681,92,73871
-24.18565246380234,77,73948
-110.23765628382631,72,74020
-99.28913799568139,103,74123
-351.3891600096409,74,74197
-217.2861827488656,122,74319
-108.88179569629824,78,74397
-87.21204577947424,74,74471
-109.97903318580235,64,74535
-225.63210399331442,75,74610
-93.01175311233325,115,74725
-253.77317625028027,85,74810
-235.01486924302566,96,74906
-2.9699022785271865,79,74985
-281.9858818839651,76,75061
-279.2441646802856,89,75150
-142.08498621414532,76,75226
-355.59097010475773,92,75318
-81.45532006618087,82,75400
-119.13547599746047,74,75474
-71.42681866385132,98,75572
-73.73869723500579,101,75673
-352.59588093739706,90,75763
-155.4212882224534,97,75860
-136.30739567265152,70,75930
-459.9683560266537,135,76065
-171.39087210707623,76,76141
-208.22453072028696,87,76228
-94.59908201022975,66,76294
-123.31398516713854,91,76385
-361.5207961037681,155,76540
-59.6462268300684,143,76683
-96.92010289013274,89,76772
-110.43205487842273,79,76851
-120.16714292271521,124,76975
-209.47770885454617,107,77082
-109.59228758978813,121,77203
-576.0436413719196,147,77350
-175.0287204136016,71,77421
-440.4863204458722,95,77516
-344.08828290257134,103,77619
-470.9734347999758,86,77705
-105.15941733153598,81,77786
-231.14138202237052,83,77869
-252.2470144064914,106,77975
-95.74723138846052,70,78045
-84.72771813758217,129,78174
-158.8024549600148,88,78262
-123.29999585977096,87,78349
-142.51108248316643,79,78428
-248.73245649747105,81,78509
-267.2194182097196,91,78600
-211.2948785618686,95,78695
-114.99904074862017,86,78781
-333.1015288432344,102,78883
-97.97424229107804,68,78951
-74.67014335483479,63,79014
-309.04325020504143,95,79109
-277.670585603311,69,79178
-77.96050795374046,61,79239
-323.51580296355894,101,79340
-251.09310948948252,134,79474
-52.26285930147108,73,79547
-116.30045663334451,90,79637
-165.81042595333236,120,79757
-103.86689252652954,70,79827
-136.90045243028914,90,79917
-247.7105979183916,77,79994
-158.82051447959458,93,80087
-161.35519208005098,70,80157
-127.67408064145174,78,80235
-237.16359705159135,142,80377
-252.64496369665812,135,80512
-197.20158292246396,113,80625
-89.35816069257565,111,80736
-159.8674995375003,85,80821
-271.84858101801547,109,80930
-139.52775463196144,123,81053
-106.85377768981334,69,81122
-137.21270938819248,83,81205
-243.23170267231782,120,81325
-364.43839440710053,132,81457
-68.12387797033068,65,81522
-108.20720411787363,78,81600
-105.05323578115933,91,81691
-97.46414050757527,64,81755
-174.5611988663424,101,81856
-118.03805716532463,104,81960
-104.82141310943356,81,82041
-161.3470426313927,139,82180
-146.570367492111,69,82249
-123.838617383406,83,82332
-162.38146130048776,76,82408
-317.4462477915016,93,82501
-139.4469259347493,61,82562
-154.6062307538175,93,82655
-306.9267213912825,79,82734
-349.46082592229504,102,82836
-255.1792625280421,115,82951
-410.79561192365395,120,83071
-156.03218624029242,78,83149
-376.65109557040023,95,83244
-214.01807024147627,108,83352
-209.67851640237316,84,83436
-308.85778511898997,128,83564
-155.7172199528126,117,83681
-205.62434473206702,77,83758
-100.49053658405958,86,83844
-182.05636435557346,104,83948
-108.62845911060921,123,84071
-90.66081487510213,134,84205
-95.36104524654883,75,84280
-101.076172605918,119,84399
-356.98944877441875,117,84516
-227.12790234113388,75,84591
-128.82736289134158,73,84664
-159.89647884915144,85,84749
-159.5981858448572,98,84847
-263.28650419519727,99,84946
-113.17226524134507,80,85026
-75.89648198551166,86,85112
-114.24294071314053,67,85179
-480.0319857098949,96,85275
-431.4493350998057,89,85364
-298.37702946664774,128,85492
-292.3791442915227,99,85591
-310.89446181474375,76,85667
-112.89330919952963,107,85774
-126.27686716534362,82,85856
-81.8882211981626,131,85987
-72.70515771437053,68,86055
-337.72414926810757,86,86141
-105.12321292754609,67,86208
-164.92983114283388,99,86307
-114.203726808659,99,86406
-236.0295909449645,90,86496
-189.58269880509584,75,86571
1.6322548959978462,139,86710
-316.475061792714,94,86804
-123.36542116474467,121,86925
-250.65183193247572,67,86992
-88.10370106148986,87,87079
-204.9948742239588,83,87162
-291.4172145645611,96,87258
-130.81563119077526,91,87349
-77.19309659017762,60,87409
-130.07071342856952,110,87519
-251.71537723743234,111,87630
-410.07632176774365,91,87721
-344.6692089227744,98,87819
-166.1798287417758,74,87893
-100.03304459518593,80,87973
-136.0507377199034,75,88048
-235.4623696920553,88,88136
-45.37061932264136,111,88247
-93.00864847697228,84,88331
-150.32769116173907,114,88445
-118.89375562601262,84,88529
-85.6295994623448,119,88648
-384.8707229077188,87,88735
-110.80042665955628,73,88808
-81.82294252096753,63,88871
-91.10519745426022,104,88975
-81.3604015734619,79,89054
-207.9109115484464,134,89188
-306.6322906403142,90,89278
-322.06465867118754,82,89360
-269.26231063691057,86,89446
-364.14696539644063,123,89569
-125.30586483643287,62,89631
-411.15679602045446,79,89710
-93.91914280762018,77,89787
-310.3016592656377,90,89877
-324.4311692028581,102,89979
-81.79019466547429,99,90078
-131.34978339792434,76,90154
-327.76611967960486,80,90234
-104.04693012531494,78,90312
-254.49740506497923,72,90384
-131.19334143125255,80,90464
-142.40966557206957,99,90563
-94.93688500744857,68,90631
-224.10292504947319,105,90736
-101.02737319461622,75,90811
-105.92621941702724,81,90892
-353.8345585795662,131,91023
-197.07741848209236,133,91156
-163.24613356514013,129,91285
-93.05961815310002,68,91353
-153.79867679860524,107,91460
-337.8621134933179,109,91569
-168.20373459312563,76,91645
-245.39041327063399,99,91744
-415.03205557516037,115,91859
-113.70194826643637,70,91929
-257.5790102494752,95,92024
-168.16537909419065,96,92120
-86.06955693548355,65,92185
-133.12563581612687,140,92325
-22.004782485686704,91,92416
-115.22008693502444,101,92517
-71.3191208895962,64,92581
-167.72821433200284,106,92687
-232.7909169757258,68,92755
-310.8479328819704,139,92894
-311.6979324705693,104,92998
-246.68674626585147,80,93078
-348.8712373424236,128,93206
-166.12533653485633,97,93303
-312.84036491557595,109,93412
-266.0408880854507,92,93504
-476.2839174707565,136,93640
-346.22677089029855,66,93706
-120.05834536806577,89,93795
-443.075744989975,104,93899
-93.61300658456672,147,94046
-45.82942572414927,57,94103
-274.63960324204686,76,94179
-225.5696748554126,125,94304
-96.87775629890271,119,94423
-165.90077730615582,94,94517
-203.8868437454332,69,94586
-427.39980775187445,95,94681
-205.80429405594697,105,94786
-100.75029928917442,100,94886
-334.6092713329746,83,94969
-123.18445891940395,85,95054
-355.92497446976785,93,95147
-116.6644165944069,85,95232
-275.8256049959372,74,95306
-172.04450388349917,111,95417
-117.49953287596706,99,95516
-160.8397607391723,74,95590
-238.0990473443635,76,95666
-108.9036914101458,88,95754
-48.17062706865508,69,95823
-91.48495150884843,85,95908
-115.90551837168212,63,95971
-196.82106962144928,94,96065
-166.10026612576127,82,96147
-97.07579643121234,77,96224
-90.39108816099545,99,96323
-150.76397555635623,102,96425
-184.17019951505472,118,96543
-117.21981619334811,94,96637
-333.31108873940525,92,96729
-446.12276933551544,110,96839
-254.58724134083664,120,96959
-92.01904045801678,79,97038
-141.02498674461052,67,97105
-251.46114845100615,97,97202
-269.69128616703995,86,97288
-99.47878172916936,73,97361
-149.06158060191956,61,97422
-111.33578214571199,65,97487
-160.80424979977977,109,97596
-133.9906353661113,72,97668
-157.61587437788245,64,97732
-230.33607020031593,68,97800
-155.68472529162437,107,97907
-218.63654594909815,99,98006
-155.81606186138274,104,98110
-412.48652367540336,126,98236
-20.168030899344743,96,98332
-150.64378374925874,58,98390
-112.53376642760952,117,98507
-66.35299469826174,63,98570
-216.40653924665259,79,98649
-73.02116841076068,64,98713
-360.21011111893927,100,98813
-261.4883254414463,84,98897
-232.62217946540167,90,98987
-85.9143288367469,72,99059
-367.4050224130592,113,99172
-318.2001108102819,143,99315
-404.35857932508605,90,99405
-219.98440260440682,86,99491
-249.65491476050838,108,99599
-130.2526308034824,64,99663
-310.8397461276863,81,99744
-125.10296485087234,78,99822
-136.19182053284686,90,99912
-227.73759356786118,78,99990
-75.87528229121125,64,100054
-97.29733392949004,76,100130
-279.3990828602804,88,100218
-117.14407706576802,83,100301
-409.2694973843388,161,100462
-90.58862298985714,72,100534
-200.64142595681113,98,100632
-103.47543143121078,109,100741
-343.4589153286204,96,100837
-10.864318424574392,75,100912
-334.0843508243514,111,101023
-79.33274837253916,104,101127
-94.02993962910577,77,101204
-163.326921535838,125,101329
-221.9011890239933,84,101413
-186.66053007579976,128,101541
-117.23764658347649,78,101619
-170.01374243963102,75,101694
-78.85199850558823,71,101765
-94.77760870160759,77,101842
-269.57094508095906,116,101958
-405.5197420813693,107,102065
-329.10121202516234,90,102155
-94.05402570511256,95,102250
-205.4674760028681,70,102320
-182.74994537595967,80,102400
-118.70675288909926,82,102482
-112.08583126074811,67,102549
-141.5780710010969,114,102663
-155.74696028285263,112,102775
-171.80279113439525,74,102849
-139.7286346509864,99,102948
-50.438488030877146,74,103022
-119.48708470253348,96,103118
-373.88481983130725,98,103216
-108.82336785724532,74,103290
-190.1844394931174,75,103365
-110.95644870315404,108,103473
-201.13622696202367,121,103594
-137.65117777409364,129,103723
-43.962309145577294,62,103785
-314.76603995263713,102,103887
-34.75256587441626,84,103971
-131.98147621889078,99,104070
-427.45248324087663,108,104178
-116.87813466570537,77,104255
-116.15323718524616,87,104342
-371.40870560675506,102,104444
-196.20837468035384,64,104508
-440.3179829553681,116,104624
-248.88554077440307,128,104752
-286.22741918828535,105,104857
-85.01671825935975,85,104942
-207.41883992796807,87,105029
-116.1078304829398,91,105120
-101.20342710360435,76,105196
-91.00088517807428,71,105267
-148.7970271083068,75,105342
-82.48307739963042,64,105406
-67.02428032604266,103,105509
-357.2721093445018,88,105597
-216.2255797022578,66,105663
-85.06269601570085,99,105762
-131.44507071092116,80,105842
-457.93240789653476,100,105942
-417.4117371226647,124,106066
-112.31178872627433,98,106164
-146.14947418586956,69,106233
-69.09486174561884,63,106296
-99.6661921596867,75,106371
-150.89734617030228,63,106434
-257.09582372008435,86,106520
-164.78929550893622,78,106598
-260.78403321150904,100,106698
-326.44383068302875,87,106785
-402.94440213988463,102,106887
-149.5331809679673,89,106976
-101.07120679886653,63,107039
-205.62469753931924,133,107172
-57.66213138416653,58,107230
-105.86935036721417,88,107318
-233.4657516353023,117,107435
-86.69692572113127,67,107502
-92.00042572836452,81,107583
-355.22747552387597,96,107679
-144.2828227791399,73,107752
-112.60184206487287,59,107811
-264.76087914597815,110,107921
-392.0118078635218,89,108010
-93.29574158304487,100,108110
-116.24600873025553,73,108183
-408.17830309385363,92,108275
-146.4262744729747,86,108361
-319.05976594908793,105,108466
-116.0810300966676,60,108526
-128.99243811405464,100,108626
-441.2145969997451,112,108738
-172.93332634162658,68,108806
-165.6568824383259,104,108910
-389.5898242899792,99,109009
-343.8440001539162,125,109134
-402.79224793404916,114,109248
-95.61369975949428,79,109327
-196.53684833017218,101,109428
-102.19345638535053,84,109512
-184.88846996899034,89,109601
-320.8066573368974,120,109721
-145.4036992219198,86,109807
-210.99492322270044,147,109954
-104.07980933350731,89,110043
-176.8194527240657,70,110113
-126.00425127303355,117,110230
-108.8474147251558,79,110309
-138.0128239803367,72,110381
-201.14275912173704,64,110445
-75.7906709705025,65,110510
-127.87926006922034,96,110606
-124.0397173351456,117,110723
-74.72835846884898,66,110789
-201.0511702407005,115,110904
-103.99537194444088,113,111017
-291.1365316942005,110,111127
-290.7781454633342,125,111252
-111.6657670520115,62,111314
-333.8178353856407,146,111460
-114.74269201143602,100,111560
-135.89611297464953,69,111629
-117.17487718604912,82,111711
-69.44419801424183,59,111770
-345.6467532881165,99,111869
-264.62257135442144,118,111987
-19.384233076145463,84,112071
-108.20085154014374,60,112131
-328.2007323624606,96,112227
-197.43507632431175,81,112308
-211.33196313229396,89,112397
-358.0505717870076,121,112518
-379.5260804757857,119,112637
-97.91814095040799,68,112705
-57.63742591839857,75,112780
-119.75283592895127,68,112848
-375.24382348807643,119,112967
-121.53354351654153,74,113041
-201.92993324647813,111,113152
-221.57801090895686,96,113248
-163.84542319241376,111,113359
-154.9722359978511,67,113426
-41.09341932657972,110,113536
-118.53104550139106,57,113593
-565.4190561544358,120,113713
-110.91686190666655,79,113792
-247.13924754462033,100,113892
-391.1049473343614,118,114010
-248.38855110343277,80,114090
-135.37645835962667,135,114225
-96.64391109856089,102,114327
-139.03024903907817,100,114427
-127.16257828574969,91,114518
-123.78501967607808,67,114585
-406.26065721260454,98,114683
-318.11667603181684,127,114810
-245.10670905398555,127,114937
-114.81128469448961,88,115025
-161.06854826149868,53,115078
-175.79433247686217,86,115164
-123.04663380368609,109,115273
-350.60571876699777,86,115359
-204.84420305958605,82,115441
-248.1360244551552,95,115536
-118.82159615365703,99,115635
-155.9471275984408,72,115707
-130.9502132038311,121,115828
-194.1843867193984,79,115907
-342.02879820029375,100,116007
-75.53205733784377,104,116111
-103.89264695968701,58,116169
-182.89825335610692,112,116281
-123.61684031497516,99,116380
-97.44523323521214,68,116448
-150.3169645105827,109,116557
-212.6087070937905,102,116659
-207.6903462974108,69,116728
-205.89822421490976,112,116840
-397.05993927269645,114,116954
-116.79584567586147,68,117022
23.72502956172316,59,117081
-126.16691949716719,85,117166
-73.16048294503095,72,117238
-68.49641908194243,70,117308
-294.33760851311456,105,117413
0.7733542289527975,115,117528
-86.10224199957126,75,117603
-295.3723447325887,72,117675
-402.1685767330886,90,117765
-402.7494589005665,121,117886
-236.1730201604989,105,117991
-261.25936945071305,99,118090
-92.82276260508237,86,118176
-363.48185697869707,96,118272
-223.33103538556287,94,118366
-132.3468109477197,106,118472
-65.59390533839425,70,118542
-139.81681095945714,111,118653
-431.8840627056318,107,118760
-138.10609130472437,86,118846
-217.30977001844576,112,118958
-63.26205844423975,101,119059
-37.39540535197801,92,119151
-78.48827850729748,73,119224
-446.6634580536589,108,119332
-128.3657491464611,113,119445
-8.054029275458419,92,119537
-131.7792592088711,117,119654
-156.33231351800922,104,119758
-98.61774128205236,110,119868
-403.9044239691842,118,119986
-123.60355404764789,86,120072
-122.61636328274935,92,120164
19.199262782247104,93,120257
-10.219141686572343,64,120321
-196.6461669605352,114,120435
-360.3536512161215,109,120544
-130.257307195809,120,120664
-264.2864059119785,86,120750
-304.07264281692926,86,120836
-98.6257804536827,94,120930
-445.28399934923476,119,121049
-147.0776868930734,134,121183
-554.7797179309247,97,121280
-295.69007907540555,111,121391
-90.89524123778271,80,121471
-193.0782140840057,79,121550
-149.45839780287136,66,121616
-174.80009887581633,121,121737
-13.632157898791121,103,121840
-182.59317081806347,89,121929
-122.52211294309839,87,122016
-124.62863759158259,78,122094
-378.6632175630941,101,122195
-345.83361111320437,90,122285
-183.21461289775868,98,122383
-90.34644662010447,78,122461
-115.38196431356079,88,122549
-209.59168230528547,82,122631
-244.24466378958033,127,122758
-160.56905055100782,66,122824
-347.24174147991505,104,122928
-88.97976685241633,64,122992
-145.08317159792244,114,123106
-77.98274292411902,75,123181
-8.056467235801591,100,123281
-106.75285766414558,73,123354
-132.29339016143894,65,123419
-89.53697562190078,65,123484
-80.4753820019659,108,123592
-126.91821031499342,83,123675
-304.9877236567251,109,123784
-147.54429740634453,77,123861
-179.697689147752,107,123968
-176.31333955038642,150,124118
-112.35218240284331,109,124227
-525.0656741307535,126,124353
-81.19944037445939,76,124429
-133.70574928610412,77,124506
-73.71397507758996,71,124577
-183.92733400157113,85,124662
-393.2682277716433,120,124782
-166.56875370139875,92,124874
-160.71533957331025,87,124961
-125.32137421625575,67,125028
-112.28657305577332,69,125097
-151.20105829802068,162,125259
-455.79529019276305,105,125364
-133.91847393750658,72,125436
-176.61844756821836,84,125520
-474.4485399863157,108,125628
-103.51998211181848,99,125727
-111.73960777137177,119,125846
-431.507409731204,81,125927
-206.6904600454338,82,126009
-134.9620043383299,91,126100
-126.54961530402758,123,126223
-145.63302734839385,98,126321
-263.17319589373085,91,126412
-145.39510581473178,82,126494
-77.3409321471693,69,126563
-101.46702463611096,72,126635
-80.25608390980277,67,126702
-299.2432167307907,103,126805
-3.4369772820246425,113,126918
-174.51951133080001,105,127023
-224.23653879516252,170,127193
-177.00832926202241,106,127299
-128.85237744115472,86,127385
-81.3131385032534,66,127451
-133.95630496943087,89,127540
-93.76416542643123,72,127612
-219.87395660267364,82,127694
-325.74211937678024,133,127827
-144.22719569190178,87,127914
-301.1076749074779,134,128048
-100.25487825791086,114,128162
-60.19518716516117,124,128286
-32.32841200598118,99,128385
-203.77577029091862,73,128458
-130.36196995835243,110,128568
-318.0573396979471,101,128669
-117.97670131793333,84,128753
-147.82407848565921,135,128888
-150.44374329599992,67,128955
-121.8874384496148,82,129037
13.006484275642407,95,129132
-246.10034748668505,95,129227
-100.35609025850393,74,129301
-151.3534844644947,67,129368
-10.845966379716515,123,129491
-229.7052456457067,123,129614
-127.08293482849562,94,129708
-205.68925046936766,97,129805
-126.96464186599434,73,129878
-251.5450328322849,84,129962
-34.72299590595452,70,130032
-73.48806180344783,98,130130
-180.35221514915156,114,130244
-53.2863895172805,110,130354
-279.8441985572749,78,130432
-374.6361802517968,94,130526
-88.27811836751107,67,130593
-177.6106620969012,70,130663
-111.42778229679642,90,130753
-143.84180298735797,68,130821
-80.26042082348131,106,130927
-246.15818971281348,105,131032
-95.94115702428373,79,131111
-107.51263101427182,70,131181
-362.413706926702,96,131277
-52.35204826743009,85,131362
-196.5905558858922,91,131453
-91.19548432708332,75,131528
-172.73144987992595,57,131585
-80.2164899889882,66,131651
-140.55327868343713,64,131715
-84.43866490313603,72,131787
-247.92345494773144,108,131895
-79.14519237344827,61,131956
-129.3681556235717,89,132045
-216.3619017592973,92,132137
-106.77917849427567,109,132246
-128.96887367338394,69,132315
-100.72687039399894,72,132387
-37.038996091233344,111,132498
-41.596781464261056,127,132625
-94.7612408527193,100,132725
-143.583264912353,96,132821
-238.82650456780533,126,132947
-160.64578382454602,120,133067
-61.70147491028416,76,133143
-321.8031334304533,120,133263
-103.98357800979987,74,133337
-156.26490152826585,84,133421
-89.11039311911124,77,133498
-112.45877928138894,68,133566
-60.02760198625036,61,133627
-81.31993433391362,60,133687
-178.07901122613907,145,133832
-221.27330261978227,86,133918
-79.24909845727163,95,134013
-293.93048666636804,87,134100
-123.8966094616776,130,134230
-151.12884684543621,78,134308
-433.1124425087298,83,134391
-87.14744351264203,77,134468
-395.6279446232031,115,134583
-306.5297150914236,106,134689
-100.07247933655637,113,134802
-233.1528170810785,130,134932
16.8335713275046,82,135014
-192.10617097320159,191,135205
-85.51306802920487,68,135273
-18.469156849563092,100,135373
-141.67368596141716,57,135430
-127.27588495333657,106,135536
-246.70235763835595,74,135610
-364.028239768411,97,135707
-67.74551025616785,109,135816
-448.1306614578172,110,135926
-248.01775327617173,74,136000
-236.9576698241054,113,136113
-180.9835406147576,96,136209
-109.14924374785532,62,136271
-95.34727164863192,62,136333
-102.8695386365769,79,136412
-230.68133858360318,74,136486
-404.72022909926045,93,136579
-70.87926134173152,67,136646
-102.36478615288414,77,136723
-508.4545593688282,105,136828
-385.3792158502196,104,136932
-143.9065156053382,99,137031
-325.4276892364548,88,137119
-98.49271201702703,63,137182
-63.04341636816676,70,137252
-128.63273366779686,62,137314
-405.4885643255425,76,137390
-215.0855333280819,104,137494
-88.13380060421227,69,137563
-109.45463189293847,69,137632
-110.7633077372092,67,137699
-253.07654700404146,85,137784
-97.82291124773435,72,137856
-295.57526339211097,117,137973
-387.15907309476495,94,138067
-326.48094163693077,119,138186
-268.5438957621078,117,138303
-76.90167813304325,92,138395
-154.09077661126227,124,138519
-333.64013910036135,117,138636
-406.05958107489084,139,138775
-202.5176459615207,86,138861
-205.0843325609443,72,138933
-93.0518454377076,72,139005
-91.61860938311723,63,139068
-404.6812457801329,96,139164
-298.5843921818134,100,139264
-63.17677879656633,64,139328
-130.44699926029574,107,139435
-99.24807103962387,77,139512
-295.2100690545084,117,139629
-88.49293059917395,63,139692
-96.06681359818205,58,139750
-128.08963082285365,79,139829
-138.99541058868,81,139910
-179.63115293812518,86,139996
-319.25282031346296,87,140083
-68.4391712113264,66,140149
-311.5712808809876,90,140239
-155.4388256061824,126,140365
-230.6953128490838,97,140462
-128.1289907283453,85,140547
-90.05535395379667,96,140643
-217.418992818976,110,140753
-179.15615874763512,99,140852
-59.241674664966915,67,140919
-85.43065379852943,80,140999
-94.88036153723691,101,141100
-260.2265968066174,91,141191
-134.5806379098825,89,141280
-45.242021759580936,87,141367
-131.36274395600165,77,141444
-278.0522653034478,107,141551
-287.9815269157943,106,141657
-478.0529673280626,102,141759
-392.4971266342957,96,141855
-153.4762651498509,112,141967
-96.85108135595503,93,142060
-123.01597703545531,64,142124
-151.62274429151051,119,142243
-107.79911268340265,82,142325
-211.60228125372404,82,142407
-98.74029359960147,80,142487
-258.7625653746427,88,142575
-146.6183671388284,54,142629
-267.5533013260465,129,142758
-151.30045981263703,62,142820
-148.8112006400999,130,142950
-118.95222359122162,72,143022
-99.2354914711693,96,143118
-259.82808753782683,107,143225
-187.00770708035748,91,143316
-118.48640636846666,130,143446
-217.06467000150846,96,143542
-132.21942074981047,88,143630
-147.3775524150472,73,143703
-109.12919891612736,108,143811
-184.38329695075095,116,143927
-115.44124620691775,110,144037
-67.69939737612472,73,144110
-225.88790661825834,103,144213
-88.93110640472622,61,144274
-323.57490843200515,108,144382
-132.3398133682699,80,144462
-189.9202308080663,92,144554
-168.4052635649503,108,144662
-117.76551813330478,102,144764
-242.15997609676455,81,144845
-440.5708984888498,111,144956
-279.27191635694606,73,145029
-62.009956932567135,75,145104
-106.91676718881197,77,145181
-123.22944855441364,96,145277
-273.6477239875877,59,145336
-108.7549017333068,80,145416
-213.21940287867181,88,145504
-352.95588160562653,84,145588
-184.67968708393408,94,145682
-129.7897528730456,102,145784
-60.23674250170263,59,145843
-175.32610927959874,109,145952
-386.68045922060634,103,146055
-51.466259555187094,121,146176
-382.9316899076511,109,146285
-165.07865345522768,122,146407
-113.90671474453626,108,146515
-206.2549096555921,127,146642
-272.8040456863471,125,146767
-114.72321422163384,121,146888
-111.10082251978065,96,146984
-187.33955347631442,105,147089
-84.99979963808222,79,147168
-235.0383092706999,126,147294
-287.32469438886557,118,147412
-89.33861996138968,62,147474
-117.96645679145871,70,147544
-293.2929999933949,87,147631
-385.44678870345035,91,147722
-216.44058223980682,101,147823
-189.63769012860757,67,147890
-127.67250713889263,82,147972
-223.44954822995675,135,148107
-108.89508776350357,75,148182
-256.5347143865944,105,148287
-117.87246333691904,71,148358
-91.59405682255594,76,148434
-59.35287931043451,70,148504
-329.20828927749886,95,148599
-108.77440986808995,66,148665
-420.51287543457374,85,148750
-43.256511730847265,97,148847
-304.5525301986539,72,148919
-178.752262488018,80,148999
-109.59603652280634,67,149066
-0.6008732005885662,105,149171
-114.33160125931707,92,149263
-301.58652288822464,72,149335
-346.10496075713115,122,149457
-169.94440828000518,67,149524
-178.80298993787176,82,149606
38.552783441710176,158,149764
-385.97202610015006,132,149896
-65.20778113903746,82,149978
-125.27301714953101,67,150045
-131.78805705018544,106,150151
-309.33615689706767,75,150226
-156.91786179190444,104,150330
-366.0129919510917,91,150421
-139.03536041424235,88,150509
-84.18631936936336,114,150623
-2.034726240227684,81,150704
-228.4346907780442,109,150813
-107.05180960479649,99,150912
-186.219658953896,108,151020
-75.10761262471266,73,151093
-307.0992525206245,85,151178
-75.71546790873296,66,151244
-224.41028068977568,123,151367
-184.9555108428915,143,151510
-262.4471139423737,99,151609
-403.5018982328038,114,151723
-90.53284431637827,95,151818
-323.23517735546824,94,151912
-87.26606287916658,62,151974
-343.73669744458095,88,152062
8.163385858351347,112,152174
-113.47057350890015,115,152289
-144.2617334319272,145,152434
-195.4650062907922,112,152546
-193.08625963790143,94,152640
-392.8767952694883,118,152758
-23.862961430372394,122,152880
-217.57601168961068,93,152973
-386.18849750861375,79,153052
-116.7461121006937,59,153111
-184.20281032557105,110,153221
-132.5631116406148,96,153317
-274.291243852353,118,153435
-173.0307304143399,76,153511
-140.26710624360192,82,153593
-234.58198899815616,81,153674
-125.39773051053912,107,153781
-352.49739269801205,117,153898
-339.1489523610523,87,153985
-217.07219039240908,112,154097
-105.9734326478703,98,154195
-183.17346125998006,88,154283
-398.8801833190264,108,154391
-180.91429049360048,107,154498
-118.96034255477892,89,154587
-123.70367604540274,70,154657
-138.63596375890648,125,154782
-261.22760443533514,93,154875
-363.86826495383747,104,154979
-115.6000986690562,85,155064
-271.36042696540653,73,155137
-105.43162911274771,77,155214
-156.12866079046478,79,155293
-171.99516685901045,117,155410
-162.15156463390718,120,155530
-90.0221178419068,64,155594
-121.29234403614495,87,155681
-393.0458844590398,123,155804
-95.72037865456419,117,155921
-90.61265542783573,76,155997
-107.1440557299498,109,156106
-531.9875118487043,106,156212
-375.68020889197555,95,156307
-59.59370242460878,67,156374
-105.4303406018888,124,156498
-153.1691188972991,72,156570
-122.0957492846436,64,156634
-138.54626120489797,90,156724
-273.8214935263351,128,156852
-173.2010070568865,72,156924
-63.11155743196102,57,156981
-181.50351247490528,144,157125
-124.00960738310467,126,157251
-92.79531451455452,151,157402
-147.58864380178187,103,157505
-102.9592265157656,79,157584
-83.72981632391394,70,157654
-413.3899605096509,105,157759
-88.97847453631225,135,157894
-267.3712090616632,93,157987
-181.02591088320168,89,158076
-95.02206978223523,92,158168
-402.8637773732541,105,158273
-242.83413603927835,93,158366
-60.82329149011364,132,158498
-93.78201062513877,96,158594
-102.40974991131915,70,158664
-124.89972067815049,130,158794
-119.55597046058617,97,158891
-182.8351696854532,77,158968
-337.08045713700267,94,159062
-29.62728372702071,109,159171
-386.60419707361393,109,159280
-218.16010663702184,102,159382
-134.88571694637818,70,159452
-132.35924357192246,86,159538
-419.40342413786044,119,159657
-336.7927052201924,78,159735
-106.72754175194547,63,159798
-332.8594912048498,106,159904
-187.02845186679042,106,160010
-82.55922615348285,71,160081
-157.90165476959152,64,160145
-51.39812806299173,63,160208
-160.06896900732528,103,160311
-170.92617437165134,85,160396
-59.90730983736853,66,160462
-318.8786695315746,101,160563
-174.91770496925227,66,160629
-83.45071302967227,127,160756
-110.04533173044982,108,160864
-108.92826616894749,83,160947
-87.72301811124903,71,161018
-86.14716442152508,57,161075
-98.10990178815693,76,161151
-196.80752944047356,103,161254
-107.2044285452742,109,161363
-276.13337813247574,91,161454
-137.0802530615717,102,161556
-99.54802060533399,71,161627
-133.00696454718815,88,161715
-348.0287955126787,93,161808
-107.05347204767602,65,161873
-133.48444618786888,95,161968
-97.69117787944705,79,162047
-143.53339965837273,98,162145
-219.21565012352306,116,162261
-106.1010534943789,125,162386
-165.63911305253825,102,162488
-64.53903115528061,68,162556
-96.93869524619869,64,162620
-271.9116347944703,100,162720
-96.1813543802421,93,162813
-93.3883857096685,109,162922
18.209015004113837,114,163036
-177.72541900119325,87,163123
-109.19196444009697,98,163221
-164.2973720167916,102,163323
-105.13513142740054,76,163399
-326.8118497077119,97,163496
-100.09251811540763,60,163556
-108.16542468428338,84,163640
-111.3668610587667,69,163709
-222.43840213664313,69,163778
-391.8310027461234,108,163886
-184.89108061955045,117,164003
-210.07150353313398,113,164116
-493.45568532708324,78,164194
-141.72985840404596,87,164281
-76.59055782391404,66,164347
-101.45725886427269,67,164414
-125.46628513561237,72,164486
-80.44723977785718,102,164588
-81.12294453988531,60,164648
-344.11314460714874,126,164774
-214.6909491591786,64,164838
-147.1997184313965,96,164934
-159.86314846887743,89,165023
-132.03299047039548,128,165151
-145.67440035005353,105,165256
-341.85394203781203,114,165370
-128.86176787241573,66,165436
-97.33016612663566,56,165492
-99.8332828325992,71,165563
-104.24910544853682,85,165648
-85.28704466135818,81,165729
-149.13718492750056,93,165822
-230.33542502249296,70,165892
-159.2073978128125,106,165998
-141.66145162137443,110,166108
-253.16362401074733,83,166191
-56.331771199353696,70,166261
-103.74844822546386,107,166368
-93.47030354667909,63,166431
-131.07675714972686,115,166546
-100.43369623557211,58,166604
-340.3451419700239,99,166703
-245.0679527218605,90,166793
-84.55548570952027,70,166863
-332.7627293734686,123,166986
-259.33846964310476,118,167104
-189.98284725121263,103,167207
-143.7409696078716,99,167306
-239.6000608477397,118,167424
-73.24730629157965,73,167497
-118.25962599769474,63,167560
-160.25580533928655,87,167647
-69.79778660775222,107,167754
-113.39803923165196,151,167905
-124.78350315957852,80,167985
-121.30768780277444,77,168062
-272.93428274808906,90,168152
-103.31615670444357,86,168238
-431.88523342713387,105,168343
18.980780270191246,85,168428
-424.2752754190051,91,168519
-151.45697509395808,124,168643
-178.9021876591974,96,168739
-178.63656927625416,103,168842
-373.89311175508413,101,168943
-69.16060896858214,76,169019
-297.24272568087105,62,169081
-131.08838045282218,71,169152
-152.91847347288203,80,169232
-69.38896316549635,70,169302
-144.28396525498863,67,169369
-67.98695321789963,73,169442
-214.1658476206493,105,169547
-315.32233075055296,120,169667
-132.1551324106592,82,169749
-291.111827399554,98,169847
-86.26258920802593,85,169932
-102.43495586717687,66,169998
-134.1221828043238,89,170087
-101.544915643034,69,170156
-205.21879113647603,127,170283
-141.3418959463708,75,170358
-115.29522315805276,119,170477
-300.5707694609923,135,170612
-131.78700347099132,76,170688
-66.44437715220376,97,170785
-187.34371179819408,138,170923
-204.33757026978037,60,170983
-161.49134001755087,94,171077
-112.83956516419713,71,171148
-92.6799383318003,81,171229
-259.7508653941319,107,171336
-387.4109199298064,118,171454
-182.8955881334035,62,171516
-217.7663030659337,98,171614
-397.5521407128312,113,171727
-276.2702681681784,93,171820
-247.61012140756696,105,171925
-90.70769537957489,106,172031
-282.66755715115426,74,172105
-108.5726235448578,62,172167
-110.03727967107866,85,172252
-26.443247708613967,118,172370
-146.58310920371022,83,172453
-65.38026825090346,126,172579
-101.85188720880053,71,172650
-467.53513958857405,90,172740
-500.71594615707534,91,172831
-101.97578629560437,87,172918
-135.69695491098457,75,172993
-122.14035678710846,116,173109
-125.00516590063758,98,173207
-298.7628712478386,104,173311
-128.13647906110648,70,173381
-286.80050730648236,103,173484
-101.1949024269874,104,173588
-362.06604242685336,117,173705
-105.31426048925135,68,173773
-161.6035414335227,64,173837
-121.14523345697113,83,173920
-195.4443246817534,111,174031
-224.5714252019079,93,174124
-145.63489034386976,109,174233
-350.80068508716215,96,174329
-375.91592482631745,93,174422
-395.9641713080022,90,174512
-461.1438840638483,84,174596
-149.86744541075615,89,174685
-120.34347176945633,60,174745
-84.75530591946308,77,174822
-103.42879342526712,98,174920
-88.66055705742183,75,174995
-237.11468338833777,88,175083
-87.02815711850822,64,175147
-106.33749410057631,66,175213
-87.43702823830537,99,175312
-528.5490715367738,89,175401
-273.4386880900947,112,175513
-152.44881834816786,62,175575
-393.05087322569307,115,175690
-349.69578183761433,98,175788
-324.90812906877125,107,175895
-130.71353476032039,69,175964
-116.92820426215751,103,176067
-174.3668800542149,85,176152
-234.24848728286275,119,176271
-78.1382404812673,68,176339
-118.54703992931137,73,176412
-237.1990274577036,65,176477
-126.97982682676769,86,176563
-126.0684058889596,99,176662
-158.32424579661262,121,176783
-106.90648648729744,91,176874
-151.49094571337213,113,176987
-135.46981036492866,98,177085
-105.61379942480514,95,177180
-156.069054942127,75,177255
-156.07440817731634,114,177369
-83.6271891363497,69,177438
-86.69625237661128,78,177516
-287.5624615369246,105,177621
-85.09838112621499,66,177687
-108.64698047489318,79,177766
-72.44580825658355,70,177836
-138.86506288664503,91,177927
-144.93692104387245,77,178004
-0.42504174081788904,168,178172
-122.18340131774585,89,178261
-116.38509700629623,90,178351
-133.95879166497394,86,178437
-155.48663212911777,90,178527
-402.0545471356208,131,178658
-310.7737405165282,98,178756
-292.68196080106736,116,178872
-286.7505581934098,111,178983
-141.48116839472368,88,179071
-188.11745496058666,116,179187
-249.99268345385258,94,179281
-131.57278861200993,66,179347
-282.14430463088655,107,179454
-146.98577341915598,89,179543
-76.32857564393778,72,179615
-117.4092767640916,101,179716
-145.41210818248726,77,179793
-97.87898296574141,58,179851
-180.09164409469196,118,179969
-106.61153304388526,73,180042
-309.8895463658737,91,180133
-328.82980268119377,91,180224
-550.7868534364308,95,180319
-49.28457129558794,67,180386
-249.51463362340843,102,180488
-123.46136401430874,99,180587
-367.5310536428423,91,180678
-141.30148580167307,113,180791
-199.20184615296435,70,180861
-515.2129053172891,126,180987
-453.3526527167218,97,181084
-89.28854472386801,74,181158
-400.8783599017934,95,181253
-333.1906187979615,81,181334
-190.39121216254404,97,181431
-332.4000074484811,88,181519
-399.3113525258006,108,181627
-183.2117535577969,104,181731
-194.35550808400666,67,181798
-261.7622196560675,92,181890
-334.39361073508087,117,182007
-192.14561691506952,79,182086
-129.86121841650893,123,182209
-86.29750237135177,74,182283
-391.0613157514273,95,182378
-174.70220343918118,103,182481
-370.8950028523331,84,182565
-375.46728994110305,105,182670
-10.915828759462087,104,182774
-74.30175807672859,64,182838
-325.2672428221326,99,182937
-259.14644673275063,100,183037
-97.22129180764348,99,183136
-84.03800939359944,65,183201
-118.03189197348026,83,183284
-89.19734935568746,69,183353
-81.39529349182155,55,183408
-213.63603388292424,72,183480
-119.9533500130614,74,183554
-101.86638000896625,90,183644
-116.60214006186459,88,183732
-424.1672136596223,120,183852
-356.50460098929767,77,183929
-231.98676954590826,123,184052
-159.73306607443885,80,184132
-131.78866398058025,90,184222
-172.82467555076715,92,184314
-143.75283825091213,68,184382
-125.45106631355398,121,184503
-271.6888481559939,73,184576
-82.43482491911796,75,184651
-362.6931871114081,97,184748
-203.9424620050587,88,184836
-102.42837747165669,108,184944
-82.16993952788954,58,185002
-139.32231925374992,72,185074
-312.33442174784875,100,185174
-235.1500832666061,98,185272
-433.0920269807462,116,185388
-145.9704602721469,73,185461
22.258269627385033,98,185559
-239.8681908056984,117,185676
-122.36404494177447,114,185790
-96.12357540047196,59,185849
-112.74253854613814,70,185919
-214.30858376195124,70,185989
-165.91563506195354,121,186110
-86.17664308899144,105,186215
-351.03927884965447,91,186306
-207.6074727835026,77,186383
-128.90883748941667,104,186487
-115.17534615475482,78,186565
-106.32081792034448,73,186638
-494.5734821611523,89,186727
-95.91892551760182,74,186801
-111.8346083021071,117,186918
-237.82239295568968,68,186986
-277.58624679434615,118,187104
-99.92089187461097,124,187228
-103.57380783694873,122,187350
-106.67770482853528,79,187429
-137.39700169870355,87,187516
-33.96586908677574,92,187608
-79.83979239383675,88,187696
-299.51137372897097,111,187807
-264.5168922533162,114,187921
-96.12514814148736,85,188006
-105.65892806262698,63,188069
-502.5669080301567,93,188162
-126.7410255250945,67,188229
-47.12752884881887,90,188319
-180.1825136682609,80,188399
-253.4077844189689,76,188475
-98.59340586248284,65,188540
-172.81746678461715,58,188598
-213.06207069458696,73,188671
-116.95808952423747,89,188760
-348.2057102261685,137,188897
-338.8368979719403,109,189006
-225.82423761160442,79,189085
-426.76487083618923,122,189207
-107.73305737942499,69,189276
-109.91725679446846,135,189411
-82.33078248503398,74,189485
-97.07089318318553,60,189545
-221.98187147951268,118,189663
-256.84268390732956,82,189745
-175.68564737171087,129,189874
-71.5634969015352,62,189936
-42.79301330053254,69,190005
-57.70652082380369,104,190109
-329.61806861675933,91,190200
-247.41923315191755,93,190293
-246.1422079272952,69,190362
-138.1562710943954,71,190433
-98.2766681710194,107,190540
-189.41670897178187,87,190627
-99.30486626742018,83,190710
-118.28892954939367,91,190801
-234.89499918994875,106,190907
-215.6790343986012,117,191024
-102.8940011782206,78,191102
-405.172435064327,97,191199
-103.21085311156911,78,191277
-287.2329186699976,117,191394
-205.51099081287794,77,191471
-425.9737633820705,99,191570
-276.14010108784,90,191660
-68.65278631012578,68,191728
-76.94408872188345,104,191832
-307.06985503917565,110,191942
-131.1319515114492,66,192008
-116.37620411350906,80,192088
-111.16226603748177,78,192166
-80.56580523059225,60,192226
-140.37177203022566,93,192319
-72.91087147353552,61,192380
-196.0552797617333,98,192478
-314.76635038787026,102,192580
-98.50109510168045,102,192682
-113.54286197867131,105,192787
-80.18492944231821,69,192856
-56.309424305707644,73,192929
-305.20346403581027,121,193050
-115.57243218987887,67,193117
-71.07409022884255,75,193192
-389.77797797132234,138,193330
-89.8494756168796,68,193398
-59.22046138808668,72,193470
-189.59223634262298,87,193557
-115.4850935909289,119,193676
-176.72388642979564,117,193793
-235.3474955477134,78,193871
-396.9176018688218,84,193955
-225.43061893572988,101,194056
-92.58476015127209,68,194124
-70.04470027332131,119,194243
-202.9444139455597,131,194374
-129.018432265153,113,194487
-115.03171731104086,80,194567
-86.82650452413142,88,194655
-79.87892321903922,68,194723
-104.5607401190412,150,194873
-83.20088908223772,82,194955
-209.32591788578435,91,195046
-264.7862977293928,88,195134
-74.38249272891913,63,195197
-92.11491665890316,80,195277
-63.3793277469732,75,195352
-178.13742578643587,103,195455
-78.01035298433817,98,195553
-95.00339581365319,79,195632
-99.75447532194822,76,195708
-69.98998647248952,83,195791
-397.1300569235553,85,195876
-307.7780477875817,109,195985
-138.8530628868416,76,196061
-175.4711277482617,81,196142
-150.48272720503905,105,196247
-353.0170127071587,140,196387
-440.0608579021402,96,196483
-103.79649571774607,91,196574
-156.5292108198101,69,196643
-61.155363740159885,75,196718
-73.94592472763624,64,196782
-80.65500592529249,89,196871
-86.79889508073774,109,196980
-120.04879462692658,109,197089
-267.2584215544297,100,197189
-96.37860576147825,82,197271
-211.17123425939963,75,197346
-231.33752688701372,69,197415
-145.19286589899025,126,197541
-242.27350132895415,74,197615
-245.242295947751,122,197737
-163.71485869873004,99,197836
-255.86907427283697,60,197896
-89.32854904060059,75,197971
-146.68381360021294,64,198035
-86.12643969912361,59,198094
-243.47595194127823,101,198195
-309.91732746661415,93,198288
-80.68618383383385,76,198364
-128.18836556217227,102,198466
-490.6352953843807,102,198568
-143.69185908268904,77,198645
-101.92558171123902,65,198710
-122.715544269965,90,198800
-250.82480830096162,84,198884
-46.92121743443991,63,198947
-107.65808424755342,74,199021
-191.79034615623863,100,199121
-337.7349933572051,96,199217
-83.68900704384475,65,199282
-219.53502607811913,151,199433
-77.66278301340373,63,199496
-89.33661583167914,73,199569
-179.75458165089907,85,199654
-328.1805186587003,153,199807
-59.26533499563307,89,199896
-396.9748314316078,127,200023
-114.45182173546154,71,200094
-202.40598396100592,69,200163
46.488161020160675,96,200259
-210.19165039450218,131,200390
-252.4900398150863,131,200521
-74.39975185469726,61,200582
-294.8468458082084,103,200685
-229.0459762215275,129,200814
-67.6848583796269,59,200873
-140.85082320543628,115,200988
-136.58537659839382,62,201050
-180.23148903026856,95,201145
-315.3050920027918,100,201245
-57.15679786101377,60,201305
-265.42578165034513,120,201425
-121.56869726951014,106,201531
-209.59687274269623,79,201610
19.398514513203253,77,201687
-126.92403544134108,100,201787
-244.95121892417455,73,201860
-268.34787298571393,63,201923
-48.04134302109258,76,201999
-324.3456402847544,75,202074
-204.81716966592916,60,202134
-115.61464219564378,61,202195
-18.61308667671743,119,202314
-22.227168662740283,82,202396
-131.78513952150382,79,202475
-182.98347855105789,90,202565
-260.1155570881484,96,202661
-91.49005637653539,76,202737
-145.4818247366395,74,202811
-93.64744126787875,91,202902
-219.51759631991217,94,202996
-223.8791828662677,84,203080
-118.13516910361459,70,203150
-339.95920967225294,94,203244
-85.1573025097626,137,203381
-335.602182351402,81,203462
-261.30789874753447,106,203568
-5.561980905591952,79,203647
-82.03451384944978,131,203778
-322.9861285198643,73,203851
-311.8022899604597,140,203991
-481.11098001471447,124,204115
-129.87425007236715,110,204225
-246.3291258354607,89,204314
-381.5726686291075,94,204408
-43.139277300273406,112,204520
-230.4987148825491,75,204595
-353.08901184194696,93,204688
-153.71023090033484,151,204839
-217.97585475442042,98,204937
-336.31738203309425,95,205032
-155.44551664533105,124,205156
-164.1636680172859,107,205263
-422.8854074977176,101,205364
65.39489612653071,135,205499
-199.76955960510935,90,205589
-172.75235030778083,96,205685
-120.30142192908178,106,205791
-400.24652470117746,90,205881
-308.038379774241,88,205969
-77.02618589720322,93,206062
-385.71181609000854,117,206179
-0.958753631581402,106,206285
-66.9159472117459,74,206359
-58.16418806609977,61,206420
-104.90463290644342,84,206504
-104.14503441428403,100,206604
-368.0244717296412,104,206708
-97.74230690833956,71,206779
-93.64583761487755,73,206852
-110.946999559657,82,206934
-322.56963800775577,88,207022
-120.1810020111266,61,207083
-183.57218424638032,113,207196
-57.71098100708423,71,207267
-225.40850815770722,59,207326
-216.12386485369603,84,207410
-151.5530820468005,57,207467
-109.41296107231071,92,207559
-119.08037422976068,75,207634
-160.8671952705319,64,207698
-394.5758967328561,112,207810
-64.09987257116394,69,207879
-87.43947624010664,62,207941
-258.85431902430525,120,208061
-127.88137825506587,108,208169
-145.78949421866588,98,208267
-127.29839485000679,110,208377
-127.99834796572972,109,208486
-117.5828013023496,101,208587
-77.59758957011479,100,208687
-187.82046954471173,61,208748
-124.77508821202235,88,208836
-97.98990645237362,116,208952
-333.132538504417,81,209033
-206.4711512264904,92,209125
-240.4728031735712,108,209233
-450.05152533436996,89,209322
-267.09245242309805,108,209430
-151.0080335547148,85,209515
-255.03050102765354,95,209610
-129.47054390438183,95,209705
-263.3419064648382,102,209807
-114.82108513888164,89,209896
-100.5093609854072,149,210045
-246.0762427656674,91,210136
-116.42531917730332,74,210210
-89.66077569045551,116,210326
-121.11505375969261,71,210397
-90.24531627984712,132,210529
-90.51650488534818,66,210595
-190.83864857906664,81,210676
-159.72640320515103,87,210763
-180.89661300455288,69,210832
-109.14566154644737,90,210922
-96.4082450908511,106,211028
-94.35949185936816,61,211089
-119.42961745364491,103,211192
-265.19593917009996,99,211291
-94.5627245927289,63,211354
-87.30231661898954,90,211444
-72.07725525624168,70,211514
-385.39199696901875,76,211590
-262.6843583686417,121,211711
-199.90982891563118,69,211780
-106.63240560041277,78,211858
-142.04412244385446,111,211969
-393.1866200732227,129,212098
-289.5660565606189,132,212230
-145.84010539887865,64,212294
-215.83166936598903,122,212416
-133.79476796399885,80,212496
-215.576624256937,106,212602
-382.2410451215245,111,212713
-280.8150404438191,129,212842
-100.93968975101822,67,212909
-317.29615857383595,90,212999
-97.80300318113026,109,213108
-141.59527862475397,99,213207
-127.27088472045615,85,213292
-276.20558755998405,109,213401
-125.2355965784267,99,213500
-125.94111005056959,90,213590
-99.3129372760523,86,213676
-344.5048462775762,86,213762
-224.57730243147202,81,213843
-116.7437693401875,92,213935
-351.34022661443623,108,214043
-385.7710937364441,104,214147
-15.589466511511091,120,214267
-296.09845548317963,79,214346
-111.19788618400118,62,214408
-262.70605470173246,102,214510
-285.85131760899515,97,214607
-141.20204002483476,101,214708
-341.5084837924937,119,214827
-153.51811716838802,77,214904
-161.48741616329536,75,214979
-320.51844214405617,68,215047
-157.39110985210652,100,215147
-79.4780377062327,68,215215
-278.36053557656413,114,215329
-260.7540573913335,84,215413
-70.72874100916854,106,215519
-256.9427854763411,106,215625
-95.27481832653635,68,215693
-91.44491200682847,73,215766
-298.1017141844768,92,215858
-70.40701028993092,63,215921
-411.1944810035098,101,216022
-394.64725467786684,76,216098
-251.35560289792286,96,216194
-116.61265449267447,81,216275
-107.60293749894251,128,216403
-172.28660817282366,113,216516
-130.99179397490474,72,216588
-99.19737457014851,84,216672
-123.51313360183778,69,216741
-408.1899966749044,90,216831
-115.57379328392358,111,216942
-289.6719729213487,120,217062
-12.997411216067846,105,217167
-452.4704548917783,88,217255
-113.61113931315086,119,217374
-248.89173616571946,98,217472
-144.7472721818438,76,217548
-126.67267807648277,76,217624
-104.3688928204959,64,217688
-172.65058393768874,83,217771
-142.87606628182377,72,217843
-298.7698980852425,94,217937
-59.09106538097053,73,218010
-149.28046638924002,108,218118
-123.78981704416671,95,218213
-289.7661029522999,99,218312
-479.77072018403715,116,218428
-128.35721604729332,88,218516
-270.97149390095944,98,218614
-264.45222098125635,93,218707
-317.42458754084134,108,218815
-379.53115377936007,86,218901
-119.71614166173994,110,219011
-181.19659680767649,53,219064
-167.48017393533328,80,219144
-373.0532553091658,98,219242
-335.53093844461705,89,219331
-101.72642377152921,129,219460
-235.22698158775148,100,219560
-271.5891764540337,88,219648
-195.59940712236184,97,219745
-155.47450747099305,76,219821
-115.35592613190322,97,219918
-146.64766081512465,106,220024
-209.9835455134275,59,220083
-89.98620546490965,95,220178
-179.08453345979086,119,220297
-239.45811231664186,111,220408
-99.03735451650816,78,220486
-246.02943945091835,129,220615
-138.77297265761564,85,220700
-112.45468430749139,126,220826
-192.70534879599978,53,220879
-92.52598742113733,74,220953
-75.43186247068033,66,221019
-346.44202071755865,101,221120
-112.49089023698407,81,221201
-364.20140061209077,105,221306
-91.63672499437439,82,221388
-90.93729189912816,67,221455
-102.87792596086027,89,221544
-157.84622245583537,110,221654
-159.9429536610547,105,221759
-99.08332118691416,81,221840
-173.74041522077817,69,221909
-144.44210721143986,113,222022
-209.7723955088053,110,222132
-96.56429180236516,74,222206
-120.38866688560877,100,222306
-66.77597415486878,129,222435
-477.58846409576387,101,222536
-45.37113158314965,74,222610
-81.33863293405562,65,222675
-103.02558548539278,60,222735
-326.98920741371046,99,222834
-112.23545677075184,120,222954
-144.09510515398443,118,223072
-112.32290376982053,121,223193
-17.765425969514865,106,223299
-334.73669693241925,109,223408
-90.79996370180415,94,223502
-49.6277176699223,77,223579
-229.05858616193126,91,223670
-148.4708069473029,98,223768
-152.73953083615694,95,223863
-98.40638707891318,93,223956
-238.0832213908212,106,224062
-129.25192887689747,103,224165
-313.8442344404348,111,224276
-340.1113744640691,109,224385
-99.07463177218447,93,224478
-318.3308772916415,78,224556
-129.4114678512558,84,224640
-131.827419197591,69,224709
-233.55906827578113,98,224807
-93.55576300701551,84,224891
-329.1460730265669,71,224962
-423.7206197378919,110,225072
-111.91570305069067,92,225164
-99.7361621124638,69,225233
-145.63868561670597,101,225334
-110.45837063611003,117,225451
-468.11382306660056,93,225544
-99.1508709630178,74,225618
-218.8622624030761,82,225700
-21.434463418197538,108,225808
-176.94557862282096,110,225918
-134.85071983637437,114,226032
-178.3729659865108,84,226116
-181.01865715469458,94,226210
-86.43808197723115,83,226293
-159.50905574650542,103,226396
-161.05763009414812,101,226497
-162.11103063480465,90,226587
-276.4555309764262,117,226704
-104.38182327502471,91,226795
-122.16180491844861,55,226850
-344.0447602708573,142,226992
-392.81112962603765,92,227084
-254.78208069429482,117,227201
-115.33524585462385,126,227327
-123.13533207778143,72,227399
-145.73920870348735,118,227517
-269.4420948576444,125,227642
-123.72955604632789,65,227707
-381.1413169373634,97,227804
-26.951183912369046,93,227897
-82.48449738261418,63,227960
-291.362693983912,97,228057
-121.0355074490196,87,228144
-172.6514026746761,78,228222
-378.45853275474974,91,228313
-119.61858617721492,114,228427
-348.03501435455337,92,228519
-177.63466317904266,64,228583
-246.60016290026203,106,228689
-166.47958003921576,75,228764
-117.77079946764664,106,228870
-116.84223074956954,94,228964
-181.45855683759012,79,229043
-137.40037965388655,78,229121
-111.86044932153538,61,229182
-130.488735741747,80,229262
-104.96500490005006,111,229373
-107.03139854615551,61,229434
-331.63596468861203,118,229552
-272.1224637627503,92,229644
-101.22849239477188,95,229739
-340.7646941899351,98,229837
-114.57207921298968,95,229932
-150.3531927445118,115,230047
-14.003098897867645,102,230149
-188.33780400025557,93,230242
-203.63804054358113,81,230323
-137.00969186956408,76,230399
-414.4546220051179,111,230510
-68.93329133962524,60,230570
-175.88685211028513,111,230681
-92.95361242472612,72,230753
-218.72697903225492,82,230835
-110.9623099464288,93,230928
-208.083129435339,75,231003
-90.3653613378058,64,231067
-214.69526134826168,132,231199
-16.12955103375735,92,231291
-3.05252565678623,76,231367
-114.53946245208112,95,231462
-100.58713225193355,78,231540
-538.9718768268162,108,231648
-71.56352806852351,73,231721
-39.186530451915715,118,231839
-303.24596966266944,92,231931
-273.14631010923654,98,232029
-177.2430238134964,90,232119
-158.2162102733002,77,232196
-112.94418961774906,68,232264
-251.73417517494732,96,232360
-106.12857746609768,82,232442
-90.15400804016818,96,232538
-288.1136862881895,119,232657
-81.56342747295236,93,232750
-252.95834291734127,72,232822
-119.90209542586793,65,232887
-236.10887696858777,98,232985
-126.23745681557547,71,233056
-37.88321039998,114,233170
-327.97665108923894,92,233262
-229.55756115265442,113,233375
-185.75629792312043,124,233499
-333.9986211226005,104,233603
-73.89980306585582,94,233697
-182.86829113524988,96,233793
-479.78680651906507,98,233891
-10.558204038417813,120,234011
-261.2449749015335,74,234085
-267.25207049595195,101,234186
-90.66701360621907,84,234270
-50.73887028303122,61,234331
-213.4550383761228,111,234442
-99.33062033706756,84,234526
7.193985775125029,74,234600
-207.85435600187256,56,234656
-87.06395941348393,58,234714
-72.55681234643052,123,234837
-122.47355528771486,111,234948
-84.94729991289176,64,235012
-439.67364891651783,90,235102
-52.531275284055326,66,235168
-67.710376045093,63,235231
-132.64453024600056,64,235295
-102.925272910683,80,235375
-234.55692392624508,106,235481
-221.18400790510015,123,235604
-116.38079672179066,125,235729
-101.4196793594415,78,235807
-109.110441912667,84,235891
-188.9056077294859,103,235994
-200.57251561041173,73,236067
-213.62785699435668,103,236170
-253.97971964121075,92,236262
-318.3634340528854,132,236394
-309.1054572086033,146,236540
-118.51782858308196,64,236604
-73.68131606946787,123,236727
-90.90811730872558,62,236789
-277.8201272772645,94,236883
-329.8281220373725,74,236957
-428.63874050264525,95,237052
-157.992064695535,105,237157
-256.19922362967543,138,237295
-243.9573774813996,93,237388
-66.52506404513474,68,237456
-127.86817938948376,103,237559
-175.7879841505267,73,237632
-124.50246495567625,74,237706
-113.86557379857753,111,237817
-348.3010855743007,90,237907
-147.114299952033,112,238019
-140.56783935447714,95,238114
-260.8176780820101,96,238210
-197.0605014789379,104,238314
4.902215502319038,85,238399
-206.59526090515544,71,238470
-489.8583473698206,94,238564
-182.53239781209328,83,238647
-53.382883738594586,66,238713
-166.93359699567208,105,238818
-162.65435338076335,76,238894
-224.70454097519945,96,238990
-130.42904623042415,80,239070
-65.30172359467508,99,239169
-28.459415091841905,74,239243
-191.97800639636355,90,239333
-69.19118221002155,129,239462
-239.0293457584134,98,239560
-117.27495462583947,70,239630
43.98608719572775,77,239707
-52.031901210398715,70,239777
-185.2133083136248,99,239876
-349.91721726773653,128,240004
-65.07752457116828,62,240066
-119.91040559743277,71,240137
-307.587030934312,103,240240
-76.53774441695013,69,240309
-236.60085138891108,99,240408
-141.76440125227788,64,240472
-108.3774707453681,69,240541
-82.03812090200663,82,240623
-93.38102405498327,92,240715
-144.63222018796554,79,240794
-167.7754978281775,111,240905
-123.08054755396866,85,240990
-114.25073684634002,88,241078
2.3143417826851476,89,241167
-91.0655733955816,72,241239
-78.09369297748637,75,241314
-266.9777604337885,121,241435
-225.70365897097705,67,241502
-220.03088629276124,130,241632
-176.0676899143097,65,241697
-160.07540769941204,94,241791
-187.18143004015167,59,241850
-305.7300855862893,81,241931
-181.21559003205107,72,242003
-207.88440403217686,94,242097
-270.73394319259944,105,242202
-315.94830942322756,112,242314
-109.62380921977753,108,242422
-219.2608055175946,95,242517
-131.39778578906737,86,242603
-274.57574143676993,130,242733
-92.78223732401645,121,242854
-149.73093579492078,97,242951
-94.25739950416373,75,243026
-116.60480645716781,83,243109
-96.54997266603985,81,243190
-112.38062573354786,89,243279
-166.57534800465334,76,243355
-320.4612505365398,103,243458
-81.51264548196957,71,243529
-363.60649333907605,117,243646
-331.62447152548236,92,243738
-131.83405002211668,101,243839
-277.4667553218993,82,243921
-325.32235767642646,87,244008
-144.79441898768118,73,244081
-397.3462204910058,71,244152
-226.35442233817594,78,244230
-347.1701329222086,116,244346
-143.2887969493466,114,244460
-119.18270886666116,94,244554
-220.81539854512263,64,244618
-63.19049845830691,75,244693
-142.7075883348188,110,244803
-86.47773399320486,84,244887
-219.55752190937244,77,244964
-87.4460647564944,83,245047
-69.0781988509938,108,245155
-189.85425826458146,88,245243
-165.8098363514332,82,245325
-395.51233738583045,134,245459
-97.65312339822776,71,245530
-225.27113070946402,102,245632
-90.94577865862433,64,245696
-317.6438709292455,85,245781
-375.5373205390629,92,245873
-82.74062870570769,62,245935
-391.708671820726,77,246012
-117.81630946270718,53,246065
-170.48502545607562,106,246171
-189.4432022854494,87,246258
-73.28470768277491,70,246328
-407.75165194964956,87,246415
-310.71773780506373,114,246529
-126.37796459453239,83,246612
-176.5053046123511,59,246671
-138.3203939728765,111,246782
-89.68990062679046,61,246843
-116.62184084613575,81,246924
-272.9161282261019,106,247030
-299.74368298980573,82,247112
-408.1662676265387,91,247203
-170.0807533771947,65,247268
-368.3604953709033,87,247355
-188.54932478057844,99,247454
-194.6213709018865,75,247529
-220.21874800998287,108,247637
-210.25939573487213,83,247720
-128.89061978488078,54,247774
-105.11916532784079,62,247836
-123.02452827649915,102,247938
-100.41362448256785,95,248033
-343.2066140175664,117,248150
-410.6946796023701,101,248251
-181.23420314322192,83,248334
-102.26524642779337,117,248451
-107.02026228324647,80,248531
-292.34382729742754,95,248626
-219.71425481164232,68,248694
-106.29027272861414,119,248813
-284.99154828543465,124,248937
-289.0632904080617,93,249030
-286.8103125941658,141,249171
-175.37232868909513,61,249232
-102.60106032589344,63,249295
-326.8213586512071,110,249405
-346.5454072206044,111,249516
-61.77262775341288,62,249578
-101.94304236837172,117,249695
-124.5084026853234,85,249780
-106.6779329049106,92,249872
-150.322393224876,66,249938
-157.26238059275855,64,250002
-32.415883825807455,92,250094
-166.71353299046098,71,250165
-172.80546204487513,95,250260
-76.59290378873916,60,250320
-134.46830456965222,62,250382
-286.8164426109124,105,250487
-99.41662001695134,103,250590
-308.9439152135609,88,250678
-263.40994613036094,101,250779
-88.41301523524747,60,250839
-95.75078009648958,71,250910
-324.11613413215366,93,251003
-434.5495883525042,114,251117
-166.7883741379141,72,251189
-123.61095236817519,106,251295
-82.46773789447145,66,251361
-128.71981963192374,74,251435
-104.26011441007535,82,251517
-103.85129586028417,78,251595
-241.7370308175769,93,251688
-100.64588925223484,82,251770
-103.41535265777432,78,251848
-298.85119731563776,81,251929
-161.3452699431615,109,252038
-257.0714306232808,108,252146
-135.63672108921074,103,252249
-385.88154925535014,88,252337
-421.46309014289284,111,252448
-85.25394666222296,80,252528
-76.24981498618965,87,252615
-92.51389572842469,83,252698
-379.225714802314,108,252806
-168.84341050084663,107,252913
-112.51140402401342,74,252987
-362.606531786563,110,253097
-119.14534452222112,83,253180
-371.6542836018202,110,253290
-329.36813568026116,92,253382
-102.59056308072368,89,253471
-234.29500990477683,114,253585
7.397299567988995,120,253705
-109.35551024611088,117,253822
-128.62029617498362,72,253894
-131.7262369796257,86,253980
-67.76015121317596,77,254057
-301.9560141031643,124,254181
-377.7001614403118,91,254272
-279.07441268644334,118,254390
-163.5296908837247,60,254450
-157.4395699376541,65,254515
-71.00702113595142,69,254584
-112.60411490003713,106,254690
-80.6881474669139,57,254747
-38.94475878409919,89,254836
-112.71976461599492,119,254955
-134.54742345999242,119,255074
-262.9643124113244,122,255196
-112.45016669041257,70,255266
-329.4323191422051,75,255341
-386.28773580199885,91,255432
-97.71439072923854,65,255497
12.406384021269588,125,255622
-59.57487820719498,71,255693
-417.449387985766,120,255813
-50.681643629045595,75,255888
-111.0635503324939,92,255980
-110.8075734031132,58,256038
-100.74218509595963,115,256153
-153.59082996455442,108,256261
-262.5930044630401,104,256365
-424.7231422329472,105,256470
-136.26643568136524,98,256568
-389.1934017309209,121,256689
-77.63721655013268,85,256774
-264.53489843461523,89,256863
-113.03432703126859,69,256932
-92.49654248003587,78,257010
-103.33619020578082,74,257084
-287.0703933262125,87,257171
-178.19611377521232,96,257267
-111.57221893039315,67,257334
-213.76831149719962,102,257436
-294.4623085096856,106,257542
-76.64183742585321,126,257668
-142.60088679124465,90,257758
-105.91738551882133,102,257860
-125.23302610203625,97,257957
-119.94685761084735,65,258022
-374.52139054033023,102,258124
-130.6480660524144,101,258225
-121.20639085088376,123,258348
-260.2113491728509,86,258434
-473.2394317077072,111,258545
-77.23415782626682,64,258609
-484.7869594472658,130,258739
-144.51889028466022,84,258823
-112.75421438701304,101,258924
-186.86934114570352,92,259016
-325.566748010888,72,259088
-117.49208943220214,70,259158
-87.0645331721836,71,259229
-84.65853540605856,73,259302
-99.64906448186854,68,259370
-173.64509529417177,70,259440
-101.14093736438232,91,259531
-150.29220043901623,81,259612
-325.1796032057505,130,259742
-133.73618358280294,64,259806
-313.78072400888504,102,259908
-201.7520353723072,80,259988
-124.46036462584168,80,260068
-119.64385301048974,81,260149
-100.84915060264484,85,260234
-75.3998619918292,69,260303
-69.93006909121188,89,260392
-197.96138654924903,69,260461
-222.00333598777246,71,260532
-111.7227132602964,82,260614
-212.9966467033413,130,260744
-109.27788375771578,82,260826
-244.15900763098495,117,260943
-113.19815789598849,111,261054
-262.4986100234571,104,261158
-153.27335591481744,110,261268
-324.508046474701,58,261326
-176.08180937639742,95,261421
-51.89656541118505,71,261492
-115.5265116203355,73,261565
-66.57893690537965,127,261692
33.84247091883665,99,261791
-244.54549417026814,92,261883
-146.18025968496198,81,261964
-138.8226626512697,104,262068
-359.87509949901715,76,262144
-113.51181986146862,71,262215
-266.8406379573095,104,262319
-210.87557953561156,96,262415
-143.22232480256355,122,262537
-234.4023441925821,80,262617
-137.24892046948645,110,262727
-82.12489467539055,62,262789
-103.15704696395896,59,262848
-232.04665323155126,63,262911
-153.4675187257944,134,263045
-164.33382336562192,64,263109
-128.22526873115447,93,263202
-92.05075835729961,120,263322
-291.8504778714969,91,263413
-106.46309200017107,70,263483
-113.95951013782278,63,263546
-87.09336771057636,116,263662
-400.6888847397057,104,263766
-167.73234396895987,92,263858
-156.6554904643215,85,263943
-141.1039873424858,139,264082
-47.02917784299149,103,264185
-234.16635791881004,78,264263
-123.69467908450234,81,264344
-122.0431144789952,89,264433
-120.02274757773944,72,264505
-138.58277595652584,70,264575
-95.22095040049939,81,264656
-84.62392417333987,72,264728
-330.20537478475273,86,264814
-244.54738767591834,102,264916
-149.63427558280907,90,265006
-342.240187770116,73,265079
-256.4589014282273,69,265148
-223.72744380569395,112,265260
-119.67322042322427,122,265382
-125.38621040636829,83,265465
-190.2377267392914,95,265560
-118.23895422899038,102,265662
-379.0887834839034,109,265771
-133.70376968352366,106,265877
-135.0172025291331,114,265991
-260.8627525447389,66,266057
-109.9218954294204,63,266120
-198.3953466691314,82,266202
-202.8366561347047,70,266272
-94.56654148840597,118,266390
-307.8264993123339,107,266497
-115.99619816564119,79,266576
-113.23129592754769,72,266648
-118.25024487905901,82,266730
-187.629978608776,91,266821
-108.23913725663698,101,266922
-367.5196650518227,106,267028
-118.00163300389342,132,267160
-87.20580502071651,68,267228
-121.29529091779776,105,267333
-115.42503304667257,67,267400
-119.73337143444827,114,267514
-320.844199961095,70,267584
-103.23158426413652,118,267702
-103.46983148413779,60,267762
-140.82781642945744,81,267843
-127.17251881947703,86,267929
-107.31774046618297,134,268063
-250.03076873532083,81,268144
-133.76297344483925,90,268234
-173.30529722104913,78,268312
-126.2847653642523,113,268425
-270.44948947473813,120,268545
-326.6695757859263,134,268679
-336.37633883101614,108,268787
-98.60787475499185,95,268882
-3.472450963480995,108,268990
-117.9256127590926,91,269081
-122.86457221062112,104,269185
-85.92477773002338,68,269253
-134.75554933136885,87,269340
-175.64461871216136,141,269481
-143.9324897085483,108,269589
-134.06529069920637,60,269649
11.504894960587961,83,269732
-351.27836829342266,92,269824
-94.27631567832431,65,269889
-97.1141496505191,105,269994
-144.1990248871017,123,270117
-128.8460747700746,123,270240
-366.3636191666731,87,270327
-322.6752262013689,89,270416
-2.8601650632532483,121,270537
-170.70053203841792,106,270643
-159.6028415600272,84,270727
-204.41165565631007,130,270857
-1.2589364279508573,90,270947
-104.51435277093513,70,271017
-92.55804116447185,75,271092
-150.1472350260024,99,271191
-200.22749486624508,93,271284
-64.5487850839145,72,271356
-231.33676469405017,61,271417
-140.14870050249286,58,271475
-119.31423156931359,101,271576
-66.03692897809213,67,271643
-280.1440916400985,99,271742
-375.775200514902,111,271853
-140.19493016167235,74,271927
-125.99433144773344,95,272022
-63.320214634259244,73,272095
-140.36752121261725,81,272176
18.99972694768988,74,272250
-98.54063257620608,75,272325
-298.07512810522724,83,272408
69.51740858813068,86,272494
-44.52515443523657,128,272622
-123.06695833705751,76,272698
-306.8301970564977,116,272814
-195.5560737482591,114,272928
-267.35873805276185,91,273019
-251.43476010623914,93,273112
-100.28496793191059,98,273210
-124.13085818720351,89,273299
-120.7945987072847,86,273385
-348.79287680241595,93,273478
-113.9873843259871,83,273561
-279.5282943190879,120,273681
-183.3005808460097,89,273770
-118.8629714728884,94,273864
-181.7197869149972,139,274003
-70.50256217618525,75,274078
-101.41278393640059,122,274200
-100.29169616006874,92,274292
-125.16816894442681,75,274367
-355.8476074753817,83,274450
-104.9176930202376,89,274539
-214.27053686704403,77,274616
-117.88790561002365,108,274724
-34.29601578913547,126,274850
-175.3541757406922,78,274928
-93.29291854224721,126,275054
-151.65308157327547,116,275170
-258.320425087216,114,275284
-187.7849208817641,68,275352
-164.60730300379612,69,275421
-135.52289287277037,130,275551
-125.15857561047025,70,275621
-112.49955264157123,131,275752
-75.25988146339452,64,275816
-458.0246877324613,96,275912
-168.0826158984286,107,276019
-172.245343712978,141,276160
-182.7535750278467,78,276238
-211.390516560426,83,276321
-27.232133438983936,118,276439
-249.85130962637393,111,276550
-106.41146287121573,64,276614
-396.12512403378685,126,276740
-123.0766851408001,79,276819
-111.09187877640063,81,276900
-49.09988113286411,117,277017
-100.08515057005121,87,277104
-167.11904492155074,115,277219
-314.1278215511278,105,277324
-363.02319536253486,77,277401
-170.614435508882,83,277484
-347.5982410240425,135,277619
-267.86591035513277,128,277747
-92.7608329728333,68,277815
-91.8091968827904,126,277941
-126.49242498007716,80,278021
-115.1895943890705,78,278099
-197.39467644944307,92,278191
-247.62725514692505,84,278275
-353.36257404201876,104,278379
-140.1556572934997,72,278451
-389.61185088090997,104,278555
-96.02921272569773,65,278620
-142.19387160165036,111,278731
-73.16666311901892,82,278813
-144.1852891322509,79,278892
-105.86382238497093,73,278965
-271.8829806035981,63,279028
-104.40098997095131,64,279092
-234.2942394111245,98,279190
-459.98435643408334,137,279327
-158.01112316603553,64,279391
-65.40704974538004,81,279472
-96.82749723219375,72,279544
-106.16058715741572,89,279633
-113.1467335979923,96,279729
-204.70337279771525,105,279834
-261.30187556659536,102,279936
-135.64550475624802,74,280010
-59.32648084682098,61,280071
-124.42177747197115,85,280156
-280.51558536530104,116,280272
-292.21877201767904,129,280401
-243.3035747585858,89,280490
-110.64955670728034,99,280589
-64.33890338164784,114,280703
-108.98596600705399,90,280793
-141.74563284738812,68,280861
-189.2631277978859,68,280929
-109.93182387979033,92,281021
-376.7498068238719,102,281123
-130.3629134610949,106,281229
-259.54580070486213,100,281329
-122.21928809056428,68,281397
-382.1745157098899,91,281488
-168.52746542333534,92,281580
-139.98022768333183,63,281643
-80.64343585581857,103,281746
-215.45661238768332,97,281843
-293.0661124454389,87,281930
-343.33378577590634,101,282031
-320.3373529509519,94,282125
-204.4739761323097,62,282187
-189.94958788231781,84,282271
-339.2898568260983,83,282354
-323.37847413046075,88,282442
-115.22722203784356,104,282546
-111.5534297418479,62,282608
-411.6313177371636,99,282707
-162.83152887979895,74,282781
-178.67777382989073,72,282853
-96.31427547689508,62,282915
-228.7851384462887,117,283032
-82.12543570431863,68,283100
-438.13875837529173,110,283210
-251.430381886579,71,283281
-253.27677540506625,84,283365
-123.67663029575115,105,283470
-87.44133350945889,103,283573
-80.31697297205034,108,283681
-253.02744309155477,130,283811
-104.61133984880915,105,283916
-139.6812775579172,61,283977
-23.813113423564516,71,284048
-100.00511199734082,91,284139
-110.27712394624753,102,284241
-181.77019165796816,94,284335
-136.43114756732894,126,284461
-95.38365829947756,84,284545
-160.18388531678175,57,284602
-128.78566476675374,100,284702
-351.02969357140785,96,284798
-101.94735478292141,72,284870
-93.33745265825326,67,284937
-208.25987408570234,78,285015
-73.74208489261265,77,285092
-164.86117229592912,101,285193
-262.87917584016304,114,285307
-57.411738750691825,85,285392
-492.4893411795738,113,285505
-60.72216435339453,95,285600
-70.24738241310747,89,285689
-155.42833307552527,59,285748
-72.53826986159758,68,285816
-420.1955651181093,98,285914
-363.95357421791715,118,286032
-97.3709309268237,68,286100
-142.14619682130223,79,286179
-187.40523157547545,101,286280
-289.96036532925325,78,286358
-274.72585400248647,87,286445
-234.05238547984476,80,286525
-57.53890585234119,74,286599
-276.01030784257193,136,286735
-57.41801022564276,89,286824
-333.8282458310506,99,286923
-412.22724674097753,86,287009
-276.1124452586607,107,287116
-79.5298865890412,91,287207
-142.9426688570981,78,287285
-250.5710889352159,116,287401
-181.85782408356505,94,287495
-371.9473008172183,95,287590
-177.17361334158724,103,287693
-9.84194805976972,93,287786
-71.07674240851894,61,287847
-285.3909533158536,120,287967
-62.35173260886563,62,288029
-106.68744331540168,100,288129
-107.79504856066896,60,288189
-88.77660603688282,62,288251
-113.72050713662834,92,288343
-228.27945296245713,72,288415
-108.83176841404091,69,288484
-317.41072720243466,125,288609
-121.64155770961148,95,288704
-41.935114359288406,117,288821
-106.42981777304291,68,288889
-191.1968350604747,112,289001
-86.12200857190224,60,289061
-133.05638294074654,110,289171
-188.98837640244875,135,289306
-76.92849277384151,60,289366
-90.75655617403599,80,289446
-200.41035765144835,73,289519
-241.46097095235996,116,289635
-117.42486937977236,124,289759
-161.49356480597334,92,289851
-150.73489657044618,103,289954
-70.82740759617194,96,290050
-124.86669890658952,69,290119
-96.7127124207277,62,290181
-362.6766054090705,109,290290
-336.1911420980207,88,290378
-168.41174881624454,101,290479
-270.67595528142203,96,290575
-268.2256634462167,108,290683
-89.73119931921106,110,290793
-276.0721824459744,102,290895
-255.605641262079,99,290994
-106.180962675701,84,291078
-89.12818789801634,131,291209
-200.41339083485977,73,291282
-112.98120484218649,74,291356
-166.1199831314343,122,291478
-139.07222070651562,80,291558
-385.23310007397697,142,291700
-201.71892852833764,76,291776
-89.26159935376927,113,291889
-331.55100623855253,109,291998
-413.68062490020037,81,292079
16.024501267132948,103,292182
-112.09067627227704,96,292278
-89.21310925638778,65,292343
-186.85054900499904,76,292419
-119.66276861262077,103,292522
-447.27109524453306,96,292618
-86.25549702166364,71,292689
-111.48997752449904,73,292762
-191.84167061170848,101,292863
-136.11130977114976,87,292950
-54.31690388936584,66,293016
-75.59105185080249,107,293123
-369.69105016232317,104,293227
-51.18395180531425,61,293288
-150.62683481469094,81,293369
-69.27329946651463,65,293434
-105.53263864570305,106,293540
-80.17394602088547,60,293600
-123.23216920324319,70,293670
-112.03006951187874,68,293738
-207.7495776285533,79,293817
-175.75578478002316,75,293892
-94.16460222062511,74,293966
-323.46492273640814,110,294076
-94.44222684321441,61,294137
-69.24496624413372,84,294221
-115.32428653436313,113,294334
-103.01529092923757,99,294433
-90.20551377212686,96,294529
-114.54661404767585,93,294622
-259.0930593749864,124,294746
-307.8591228114784,97,294843
-307.10726023582197,117,294960
-126.58178596504138,125,295085
-83.97968714103217,64,295149
-169.41725900918004,84,295233
-215.3016944955632,89,295322
-123.90215945797677,52,295374
-246.20315834515506,106,295480
-135.25504362756985,91,295571
-161.277909814749,77,295648
-201.11474637092306,102,295750
-98.61760284742084,93,295843
-122.24103194108324,61,295904
-138.37543089647173,92,295996
-26.924385282228315,80,296076
-95.03401310113178,111,296187
-96.87733689787613,135,296322
-100.77350020248345,132,296454
-137.00231681286107,70,296524
-146.9865829897285,80,296604
-90.74495496241371,69,296673
-154.07804536470397,81,296754
-123.81587868828711,83,296837
-209.60897027901174,119,296956
-356.08612679979933,111,297067
-107.80706198943238,116,297183
-106.98308753504844,106,297289
-309.0843017378963,119,297408
-210.59254141548453,102,297510
-139.903480522581,104,297614
-361.53113121033954,81,297695
-89.56363755552101,74,297769
-104.62167523908006,80,297849
-140.64748719542666,101,297950
-133.2516974023928,106,298056
-65.05835217144067,68,298124
-401.195183806117,92,298216
-148.5982952836855,94,298310
-412.4829787516126,87,298397
-226.38797457525237,86,298483
-246.47006590110124,99,298582
-9.820238252365556,88,298670
-122.34641408853054,137,298807
-90.1916135194497,71,298878
-119.54728480180418,104,298982
-224.48992115540756,78,299060
-206.3424079983297,76,299136
-327.0478445468945,88,299224
-108.4909763552848,100,299324
-83.64728208950875,107,299431
-261.5370230388144,91,299522
-433.54528443290087,116,299638
-105.20164657746733,92,299730
-376.9920732553531,108,299838
-179.97659852843125,73,299911
-113.9104840598097,95,300006
-94.02778559569661,68,300074
-306.6176892473119,109,300183
-305.10903452424407,76,300259
-67.60671310876143,60,300319
-102.9736254699073,89,300408
-95.37520594987734,92,300500
-213.20429407594213,107,300607
-269.55369415008994,104,300711
-58.865920028952935,151,300862
-399.01572418865743,124,300986
-27.271157827649702,113,301099
-61.469502197153616,58,301157
-128.00749657916964,104,301261
-132.28718815573734,83,301344
-123.57094550872598,68,301412
-192.24954239666286,110,301522
-107.63637425679306,76,301598
-183.62277031288932,107,301705
-259.5008637969672,116,301821
-111.47682384156232,113,301934
-100.5038714651247,95,302029
-286.6660437420614,85,302114
-164.32415832758215,116,302230
-113.85704361870896,83,302313
-110.95835657345074,107,302420
-254.52028569161985,96,302516
-148.99613314531223,150,302666
-175.7216767078428,59,302725
-203.66750688129315,101,302826
-175.54290588258615,123,302949
-106.11180180495815,77,303026
-130.65594142795672,73,303099
-272.5184199814957,85,303184
-90.94507979636812,113,303297
-90.32761115762686,78,303375
-201.86474465016755,68,303443
-84.8070700940549,78,303521
-210.92725902143363,93,303614
-117.81033091333553,116,303730
-330.95300942448955,90,303820
-70.89325843701249,79,303899
-420.43601706759665,109,304008
-425.0395272726189,113,304121
-124.04559714553744,82,304203
-130.3632067912827,98,304301
-291.0236158132753,87,304388
-130.802230818785,74,304462
-102.91240704690792,104,304566
-290.61913440251897,84,304650
-212.02160881919335,99,304749
-180.60999113132226,71,304820
-114.23869637092838,70,304890
-239.72979580265272,108,304998
-99.07345761379625,85,305083
-330.1318812206595,130,305213
-228.18264522262047,94,305307
5.184675815699691,88,305395
-120.05212998140304,103,305498
-226.03815372156674,106,305604
-100.75813070196982,103,305707
-81.97856301915029,69,305776
-477.9114062377065,106,305882
-257.8317444557748,67,305949
-106.26884869644229,67,306016
-141.02674249583526,106,306122
-419.09768613942845,122,306244
-77.20311824241963,62,306306
-103.13390863762365,102,306408
-86.48068150862377,94,306502
-146.24549500210688,75,306577
-157.53044097716608,124,306701
-409.3845329115458,100,306801
-216.5750176968284,68,306869
-98.69826380763551,84,306953
-144.0667150632112,72,307025
-125.16740068420519,73,307098
-5.398533467907114,84,307182
-51.248754153206946,102,307284
-66.22717931771177,105,307389
-30.11182390446818,136,307525
-168.79084382693986,84,307609
-11.66626530996983,86,307695
-191.3869445787634,118,307813
-117.35182355202765,75,307888
-162.45199407244385,83,307971
-132.65920145381273,116,308087
-113.59049150382769,111,308198
-104.03779124943333,72,308270
-116.82960832321713,65,308335
-78.56752462421605,80,308415
-84.38457011284012,71,308486
-35.15602499777444,134,308620
-202.87943511238825,78,308698
-141.4285539699425,75,308773
-180.9522607189126,67,308840
-101.17590237395771,81,308921
-308.83660838813284,108,309029
-115.43146691802016,74,309103
-296.18045323733315,101,309204
-26.56120774523326,118,309322
-66.41797296510765,56,309378
-117.14029564268981,94,309472
-303.98670099558876,96,309568
-129.39952194634694,102,309670
-213.41903250714307,140,309810
-436.2760645887725,96,309906
-272.06238571270353,93,309999
-66.98385747694168,81,310080
-126.31146709436952,69,310149
-157.3205540196252,87,310236
-161.2821491703212,125,310361
-333.3241509280069,124,310485
-115.1677371523443,71,310556
-82.71084750072498,70,310626
-92.72553855396738,99,310725
-169.4391133271212,82,310807
-236.857471206809,103,310910
-127.5053750275223,114,311024
-196.85124488710568,73,311097
-184.89038048269018,107,311204
-127.29854937670544,70,311274
-158.95318000528982,65,311339
-104.43749080015651,69,311408
-250.8772174331717,95,311503
-125.86577200792361,67,311570
-119.80546184859398,102,311672
-16.845421317192447,92,311764
7.702563693634914,114,311878
-130.6102281235884,67,311945
-362.827634854206,75,312020
-174.8758094446989,110,312130
-116.34443467831966,65,312195
-110.70893458982117,77,312272
-102.53796447184429,73,312345
-382.44225847480556,95,312440
-86.1944468914783,64,312504
-338.9743803527082,89,312593
-245.22482910464424,120,312713
-95.50720838529261,107,312820
-245.72174596995484,91,312911
-383.8587428496648,102,313013
-338.1175683344198,98,313111
-94.83488644017535,70,313181
-0.4192290239063965,123,313304
-264.71327786933057,76,313380
-329.09259450268286,71,313451
-98.80133987899642,95,313546
-199.2465590015517,78,313624
-119.66175552633383,114,313738
-512.6924045368369,83,313821
-157.96041432753208,104,313925
-287.13096620928627,86,314011
-196.29078713548566,137,314148
-152.86641612427198,58,314206
-197.63717771832387,77,314283
-248.27324972228524,119,314402
-138.91826387913952,114,314516
-170.89042599766552,86,314602
-254.39376582823024,67,314669
-175.4960249253835,58,314727
-171.49623888567487,75,314802
-114.566795605744,85,314887
-128.39108937723825,96,314983
-140.16027140387664,84,315067
-117.00057251377417,86,315153
-385.3931772345246,89,315242
-336.08135383576536,114,315356
-151.79040652948385,100,315456
-170.16063454727103,102,315558
-204.5527934969467,106,315664
-110.06777322201712,86,315750
-303.05562734314253,116,315866
-400.2233005001281,81,315947
-101.67946172502549,71,316018
-198.52376417596705,127,316145
-162.2109001844417,95,316240
-193.1905978124341,109,316349
-195.6268203458032,93,316442
-141.45337952231216,71,316513
-36.21804527221295,85,316598
-105.2954050186551,83,316681
-185.66697143366645,63,316744
-253.53097992373662,91,316835
-506.34436536146745,119,316954
-214.2670861354888,117,317071
-62.75773428806146,74,317145
-378.3197737146549,97,317242
-171.2752817404916,87,317329
-59.995671492007226,114,317443
-502.50615293148894,77,317520
-243.06199781876214,60,317580
-345.59623942027247,95,317675
-281.3982901642703,106,317781
-276.7339721664106,108,317889
-346.3216460433358,108,317997
-141.18305156384443,105,318102
-326.7934431459609,112,318214
-41.36675895719547,69,318283
-115.8144175962547,148,318431
-180.61556840710517,124,318555
-389.3187486533465,103,318658
-340.79732141059594,90,318748
-395.9561946472589,102,318850
-191.32850878025462,67,318917
27.426755656562037,95,319012
-120.20079620157634,109,319121
-97.63076456097716,104,319225
-97.0551145762035,63,319288
-236.6516767398762,109,319397
-101.09802284190496,91,319488
-254.94848017989077,82,319570
-66.05905604777173,129,319699
-119.1249882790699,93,319792
-108.95981043342324,78,319870
-182.83980409086527,118,319988
29.11996410822124,85,320073
-108.09965438043892,65,320138
-108.4856611144437,90,320228
-130.17334826050183,68,320296
-155.1629466364521,101,320397
-67.45933333826724,57,320454
-88.00084944188167,85,320539
-281.8468222236464,105,320644
-427.00949048170963,105,320749
-143.45924075906592,78,320827
-93.31311665550237,90,320917
-293.92691757340674,83,321000
-155.24059696051285,85,321085
-118.90164841259912,113,321198
-371.81027774734946,100,321298
-262.51892676425143,88,321386
-173.93467384299223,108,321494
-408.9029520936907,84,321578
-89.71957955680976,57,321635
-103.86816923400288,67,321702
-186.85231608220505,72,321774
31.597869664562722,79,321853
-104.25142529594153,90,321943
-407.0588599336968,95,322038
-248.5641386730898,87,322125
-208.7704055223103,77,322202
-109.69866440014798,122,322324
-324.20988342893634,104,322428
-188.56880031291215,77,322505
-5.506619564265236,105,322610
21.51648953827882,161,322771
-359.198999471616,115,322886
-338.21985492109894,76,322962
-202.2022540462247,75,323037
-157.58095888361032,122,323159
-146.82462431958425,81,323240
-172.95857549709913,103,323343
-75.36739435278292,60,323403
-280.28214478518754,95,323498
-118.38618181154753,106,323604
-87.15927247705248,96,323700
-138.224783039576,73,323773
-196.26810930501077,140,323913
-108.08910955316091,67,323980
-96.09203150812452,100,324080
-96.56928177082895,72,324152
-144.60522999107687,78,324230
-70.2622588251673,89,324319
-284.48177926845136,118,324437
-113.01257710532298,90,324527
-282.25556535657154,90,324617
-137.5357635975323,115,324732
-91.79718199773073,71,324803
-388.9100383409064,119,324922
-501.40040368150886,114,325036
-122.33304989880385,71,325107
-33.53647150787357,66,325173
-172.24416492182584,100,325273
-98.51501002766916,89,325362
-163.43744067534988,116,325478
13.125306458206637,87,325565
-81.45738339922498,64,325629
-59.29157736208269,61,325690
-66.28130043567077,132,325822
-81.64677360676005,62,325884
-316.55565900362194,82,325966
-74.85206339848368,79,326045
-54.117181428520865,57,326102
-307.16876847740934,119,326221
-183.8638197704757,108,326329
-106.04154236799593,79,326408
-121.51287447185393,110,326518
-332.05065855640237,103,326621
-224.40255700549338,102,326723
-221.52662190444897,114,326837
-202.19548598891205,99,326936
-245.43300670706532,103,327039
-264.85564969756376,94,327133
-148.61182753883503,69,327202
-242.79070911238117,98,327300
-136.18024183539308,83,327383
-137.99368306463634,129,327512
-77.52246313457438,63,327575
-251.88707229870823,105,327680
-87.1716592591853,93,327773
-85.63180416199882,107,327880
-149.63035872492975,146,328026
-161.23934674669832,83,328109
-367.94306360727535,131,328240
-503.82103982740665,95,328335
-35.58340448999667,65,328400
-160.27613368662313,105,328505
-82.12566780068411,68,328573
-95.23454455510132,84,328657
-240.27140052524135,102,328759
-261.4850282480802,96,328855
-136.49042875023446,115,328970
-222.19762061969664,77,329047
-269.36383515860393,124,329171
-267.2359083699491,107,329278
-189.6939964958715,128,329406
-171.981686101447,79,329485
-450.801981128166,107,329592
-96.46737908633993,80,329672
-39.751786959753154,74,329746
-153.08117774928454,109,329855
-194.28957434129939,89,329944
-213.5029493670608,109,330053
-96.12531569727915,58,330111
-115.71996489657005,98,330209
-126.81927106493163,99,330308
-92.0964978338975,84,330392
-112.2587402009807,76,330468
-143.5146478297629,118,330586
-203.14407959148093,101,330687
-110.54140800515884,93,330780
-151.1363501237856,82,330862
-148.86401470300066,107,330969
-422.3116064624303,81,331050
-213.89114654409536,93,331143
-69.19733442975226,63,331206
-249.48933105799424,106,331312
-201.96614544495168,91,331403
-353.0846782258195,92,331495
-113.2596802233537,74,331569
-138.84023851139807,100,331669
-182.08770100261782,87,331756
-434.67651333733966,158,331914
-245.53147905697023,76,331990
-159.98654710285166,94,332084
-132.8489355767157,62,332146
-86.96438431373707,72,332218
-208.1280121805462,62,332280
-122.39131007553522,81,332361
-179.33749405012748,105,332466
-130.38338207772273,77,332543
-108.71231580233778,88,332631
-270.8775901256879,110,332741
-113.16783490901904,59,332800
-87.03239434673245,70,332870
-317.272955390069,79,332949
-295.96917985923477,78,333027
-99.23395845677393,94,333121
-116.30077311767137,87,333208
-169.60824977464958,93,333301
-261.24645788407577,108,333409
-213.00505477840466,78,333487
-119.85277102079587,67,333554
-174.30176807962926,99,333653
-155.86461625607808,80,333733
-80.47772971276963,81,333814
-189.6176293462405,117,333931
-94.79074329188353,82,334013
-190.8517426100449,122,334135
-303.506908693866,103,334238
-204.96628259901556,67,334305
-250.16137575719918,115,334420
-92.83298978033169,60,334480
-356.2245927013157,102,334582
-88.03058212807258,66,334648
-264.3166150091798,94,334742
-139.9133848753749,88,334830
-347.2318317885248,76,334906
-50.43301548397659,71,334977
-231.14287900390437,127,335104
-75.93797992968636,118,335222
-56.127123985050694,66,335288
-176.05903375994836,78,335366
-90.1891200420086,107,335473
-116.47030625321771,126,335599
-82.30742604025937,71,335670
-201.28712975078807,95,335765
-275.9170975662284,93,335858
-69.25491425489885,63,335921
-237.68231458079046,93,336014
-424.63351581123493,93,336107
-96.51204257625614,73,336180
-111.57479461607066,128,336308
-396.7799784928926,86,336394
-141.45601354861327,61,336455
-389.34905668306914,110,336565
-120.40669226588642,97,336662
-94.16966548510024,105,336767
-103.71683847532032,89,336856
-138.9939985774704,107,336963
-358.63814095307475,112,337075
-130.09549230588416,101,337176
-239.2469021411976,118,337294
-330.00344254016613,100,337394
-133.04875638905452,87,337481
-377.1385678991438,110,337591
-44.23766638705894,60,337651
-331.76705149618334,113,337764
-119.48448199360669,85,337849
-129.1979676870522,70,337919
-323.0028484373291,114,338033
-172.57240886125115,83,338116
-406.33724044531846,80,338196
-306.5438432628267,122,338318
-323.4633823347083,92,338410
-189.141365135007,90,338500
-139.75120611075852,76,338576
-227.2453343308113,107,338683
-105.67467610336244,89,338772
-123.42031696413994,91,338863
-97.387944935329,79,338942
-448.90235303404296,114,339056
-371.48201975007527,105,339161
-82.68718021001425,74,339235
-210.0203358935458,112,339347
-272.7716053131862,71,339418
-80.39029133599841,85,339503
-133.3652508031288,91,339594
-103.67778731458712,88,339682
-121.45784569559535,86,339768
-152.89473794318363,63,339831
-104.19208240317391,75,339906
-110.88130034072958,82,339988
-288.9971268580771,79,340067
-413.32553798312426,92,340159
-98.19549150289959,64,340223
-109.78384591870599,84,340307
-358.29926921828013,112,340419
-231.07118881248556,87,340506
-233.22665148853082,84,340590
-382.4659913044398,101,340691
-156.02108049439087,82,340773
-134.88156261093383,76,340849
-46.398410637947684,81,340930
20.261250809135348,90,341020
-261.55015456435603,88,341108
-124.80997149576729,125,341233
-80.00785737839941,64,341297
-258.9329102876749,84,341381
-477.91006587398033,90,341471
-156.764378414901,113,341584
-372.95518504089836,96,341680
-146.87985417609207,117,341797
-241.74418019497594,86,341883
-481.00019061971415,128,342011
-215.98288580064153,101,342112
-132.93747580214858,76,342188
-185.03203466767096,83,342271
-68.56747235577916,108,342379
-226.88167592002802,85,342464
-136.70972089417123,77,342541
-83.26417830165045,67,342608
-232.77337796881258,104,342712
-258.3913829381311,88,342800
-115.19286317097756,79,342879
-83.48716875554123,112,342991
-186.27496809322975,109,343100
-392.7772644338093,96,343196
-153.7347009005862,110,343306
-116.81145073091498,79,343385
-173.4434443699476,84,343469
-183.09937262006787,58,343527
-280.8189125391531,122,343649
-520.4245971977676,92,343741
-182.050851875209,62,343803
-163.66350575772645,116,343919
-364.63641228102824,85,344004
-86.67463515620832,76,344080
-121.2495782045584,116,344196
-390.622177907278,96,344292
-226.41999577888805,136,344428
-143.16135064794855,71,344499
-299.150004263647,107,344606
-177.15103252416753,89,344695
-87.26433727225448,66,344761
-419.7648680320674,109,344870
-150.8646394850379,82,344952
-108.3072661852134,88,345040
-227.54017694768268,82,345122
-295.0694159863707,73,345195
-136.39364243945988,104,345299
-247.40915736993466,99,345398
-82.62381311413995,65,345463
-286.2768642635431,112,345575
-54.46944421387453,67,345642
-71.04917748185704,64,345706
-90.98817261898593,114,345820
-115.94353515806559,116,345936
-141.91352161953216,72,346008
-95.49514363126372,85,346093
-54.670630997529756,68,346161
-189.28840570469052,84,346245
-396.7685339623449,93,346338
13.075150342492464,90,346428
-100.12110994784655,73,346501
-330.86305696407345,108,346609
-126.42444176744306,108,346717
-155.38317004647604,126,346843
-79.71997591123716,111,346954
-249.41279578716072,68,347022
-163.65986202457952,98,347120
-87.05988348857507,81,347201
-186.7064634360512,105,347306
-198.55235761290845,72,347378
-189.10287190447622,111,347489
-94.41791720848448,76,347565
-108.77819578948062,74,347639
-242.1536495343351,102,347741
-244.85374993411108,123,347864
-103.3840593301258,80,347944
-250.95943687017382,80,348024
-136.81853838126327,71,348095
-337.7559723289141,75,348170
-190.33030999935536,89,348259
-314.7091388409825,86,348345
-209.84695038014678,85,348430
-378.1044100850136,88,348518
-105.95341591891624,67,348585
-227.76491527383084,93,348678
-146.586552375234,62,348740
-89.8586231914598,101,348841
-84.99717384428517,81,348922
-112.97190341851842,74,348996
-210.58547364141833,97,349093
-302.70035064196486,93,349186
-441.3751606574746,100,349286
-116.3831718190043,82,349368
-205.4421153524172,114,349482
-128.45397750072516,104,349586
-226.91976247553504,82,349668
-60.442422409017254,116,349784
-142.24067151724267,73,349857
-128.43345630980406,71,349928
-175.91789835884305,120,350048
-107.57692540968071,82,350130
-190.90263726978557,66,350196
-205.5473858531465,96,350292
-92.52716959517133,107,350399
-129.2377380366607,74,350473
-69.14387020733938,62,350535
-107.34427730124519,64,350599
-116.14927573889413,120,350719
-227.99933913285412,94,350813
-68.25592120207456,68,350881
-352.0191861004856,94,350975
-244.7147980534542,82,351057
-130.67878517399242,94,351151
-494.4793749363231,98,351249
-175.4944241067273,70,351319
-127.02279472095888,85,351404
-150.15388831990816,112,351516
-186.00589876764263,116,351632
-234.65352597683363,129,351761
-434.40369133469414,108,351869
-60.33382121616344,64,351933
-178.7528642127552,77,352010
-376.9850844402724,84,352094
-428.7705661286047,88,352182
-138.073230883632,73,352255
-202.77366517038521,100,352355
-83.80309091312603,98,352453
-109.5172695704976,76,352529
-214.61166949973062,86,352615
-81.10413230116518,112,352727
-67.51135294908255,82,352809
-216.7642840893005,109,352918
-118.30453308475968,113,353031
-179.83224053759952,88,353119
-71.01027740795939,66,353185
-325.99616353464296,89,353274
-132.90310462029467,102,353376
-245.77216872366157,92,353468
-107.74624551296395,133,353601
-79.51328882242873,79,353680
-79.55714432007574,103,353783
-127.60877962406401,76,353859
-96.41996777052178,80,353939
-94.14791886362018,132,354071
-397.3211434082184,121,354192
-354.86650352864956,101,354293
-98.01008594508103,79,354372
-169.17627347573347,92,354464
-305.1854006673981,102,354566
-356.54517662583305,103,354669
-105.87606838273923,75,354744
-132.8738412635274,130,354874
-343.72519374368153,76,354950
-97.0333088850875,66,355016
-409.1453081868836,115,355131
-112.8926167629426,102,355233
-98.71760926419194,74,355307
-173.7696265173285,103,355410
-325.4767499916801,113,355523
-90.8006183685171,75,355598
-62.36765913096876,96,355694
-170.99324558994806,115,355809
-155.67237687121224,88,355897
-105.82795168234372,94,355991
-156.59615218057354,60,356051
-128.98408255143926,66,356117
-99.17840241743956,104,356221
16.839930862907337,146,356367
-102.45873276757112,141,356508
-262.96021106256785,67,356575
-140.2400627385458,70,356645
-72.0752023062208,81,356726
-177.6114271487653,93,356819
-127.2560917030434,66,356885
-399.92596032301043,103,356988
-255.89667514827266,74,357062
-114.20456599880636,96,357158
-131.8861997124839,79,357237
-172.8734869416145,115,357352
-391.771957161498,86,357438
-98.32578426030517,103,357541
-399.87470187906706,109,357650
-110.47163985877275,119,357769
-334.48851948170216,92,357861
-93.32677728514903,59,357920
-147.32952216348548,62,357982
-366.82884605557916,105,358087
-112.0464210340196,100,358187
-370.1573036541448,105,358292
-333.3579795193591,93,358385
-82.80673906365021,66,358451
22.107092787333528,71,358522
-20.19555126223682,66,358588
-121.24306108237809,108,358696
-288.8236509860219,78,358774
-170.929080058144,66,358840
-106.40100648633496,66,358906
-111.27426447545122,58,358964
-404.05709827302354,112,359076
-101.97159950988264,74,359150
-274.03335224033435,93,359243
-486.8523574040607,88,359331
-182.2922200827218,92,359423
-323.38767301715427,68,359491
-293.39011290409763,79,359570
-264.49072935863205,96,359666
-24.212593483642024,63,359729
-169.08936397310703,76,359805
-88.13663401724604,64,359869
-206.7599475300957,108,359977
-87.70173803745742,83,360060
-70.69640455179726,98,360158
-70.88383252508964,77,360235
-103.28077213901481,80,360315
-115.96273076419072,102,360417
-106.68339314619115,107,360524
-358.8266187951209,95,360619
-208.48141893031925,124,360743
-111.12950163087692,65,360808
-255.13234877929816,132,360940
-229.32049974388508,110,361050
-50.596235681978165,61,361111
-145.041295914811,107,361218
-155.11103902318655,84,361302
-108.39951738981387,112,361414
-70.08143473360494,66,361480
-163.51695982576013,76,361556
-214.7411215789524,101,361657
-395.9516510852442,106,361763
-112.82117895573084,127,361890
-330.02289474054135,85,361975
-105.05643128422001,78,362053
-85.01625705662701,98,362151
-117.67948165842691,95,362246
-141.30291483969705,59,362305
-90.25603789622879,126,362431
-85.48906941751251,114,362545
-178.8960554918996,73,362618
-95.97219725327116,106,362724
-103.86687085286036,62,362786
-107.38192968794436,113,362899
-331.16925621323946,83,362982
-117.82528172576303,120,363102
-132.64218339515054,88,363190
-207.2262857693625,105,363295
-120.52374056416022,93,363388
-206.71992076137875,70,363458
-129.91319386264226,102,363560
-243.83653373432995,76,363636
-110.52135911440627,62,363698
-238.20420213482555,111,363809
-173.69600152489156,66,363875
-233.64612619163415,96,363971
-112.40240190799955,81,364052
-315.33163968623904,106,364158
-120.78650963235323,83,364241
-108.78975120280793,64,364305
-352.7749734188386,110,364415
-93.18853913895428,81,364496
-111.2122370068058,80,364576
10.038594452146228,102,364678
-85.83916511766107,64,364742
-176.84243893310787,92,364834
-402.41194029058374,109,364943
-154.73949669935234,70,365013
-127.17089572356821,63,365076
-127.78187179389175,72,365148
-119.40307746985485,76,365224
-109.72134072234749,97,365321
-97.55778761761898,79,365400
-319.2914411961442,113,365513
-41.78842961565615,143,365656
-137.3055183356367,68,365724
-469.9092444700243,74,365798
-82.61353584117904,129,365927
-57.075217118322456,67,365994
-523.35493746841,122,366116
-122.0603956453996,62,366178
-144.77234390416564,61,366239
-239.13301157062944,96,366335
-95.1682247105114,73,366408
-121.69284215041878,105,366513
-397.36384953437687,111,366624
-53.963050684474034,75,366699
-179.44920347587842,94,366793
-265.86192233636785,90,366883
-175.8801297295612,72,366955
34.92171726690202,80,367035
-425.0269403510579,110,367145
-89.48974457968232,106,367251
-53.46303667710375,92,367343
-178.76465543494083,129,367472
-127.04452806668671,101,367573
-56.20954145324096,58,367631
-167.18537652703264,67,367698
-321.43967086445934,116,367814
-150.49964690960385,96,367910
-94.01176920659618,133,368043
-103.59984288628952,62,368105
-351.49825690157525,95,368200
-63.323503822754844,68,368268
-73.73677606559824,76,368344
-251.86278860582738,102,368446
-219.14811584967234,114,368560
-71.7976518723328,63,368623
-270.34434080441497,98,368721
-163.9064694067227,59,368780
-302.3637422663878,59,368839
-111.6702330146554,70,368909
-98.24295593311149,82,368991
-419.8522333714244,110,369101
-86.8511586698653,70,369171
-546.2025068724669,102,369273
-89.77749813343074,75,369348
-73.23066724160897,63,369411
-327.30930854589275,130,369541
-117.83811946402132,101,369642
-298.0788805578702,90,369732
-96.37375773834391,108,369840
-305.19473425636625,96,369936
-326.6054792156155,81,370017
-365.5814923056312,99,370116
-299.94394666734775,86,370202
-68.03398273807747,64,370266
-152.91985968785815,68,370334
-106.20139983467905,89,370423
-214.20049066179,71,370494
-152.77799047388763,82,370576
-126.3029070172881,83,370659
-89.700087024422,58,370717
-134.27320383002177,75,370792
-207.28809932749667,68,370860
-241.0579767526055,102,370962
-144.00898032841184,87,371049
-88.79297482997927,57,371106
-357.7409559306005,87,371193
-116.42783445273992,122,371315
-101.96785905709648,84,371399
-131.8949621884914,63,371462
-89.21870176242871,67,371529
-198.55271810683075,100,371629
-346.0090233706302,139,371768
-102.18205410125222,84,371852
-76.05202861276491,74,371926
-40.27266418268418,105,372031
-73.26089608919176,131,372162
-61.96402478905915,81,372243
-165.59340585654166,105,372348
-61.98457329395623,63,372411
-117.94583422852416,104,372515
-93.76224795475714,139,372654
-87.31834935055991,72,372726
-376.6787288049019,97,372823
-27.247765273776196,124,372947
-113.54943093363005,75,373022
-288.6303843678677,111,373133
-74.50947892665548,70,373203
-222.11461414513468,104,373307
-169.38061497365317,132,373439
-235.89055240414132,82,373521
-145.27095940481072,81,373602
-91.13917019449414,77,373679
-113.72662965432727,85,373764
-203.94298913666006,112,373876
-94.02157527674743,61,373937
-266.83120724888926,118,374055
-111.12706075161307,70,374125
-272.7498685600376,121,374246
-88.6075666489124,115,374361
-145.82953168341328,69,374430
-158.58672559090638,69,374499
-190.79198421634618,62,374561
-367.3308653076798,84,374645
-152.36196706424005,63,374708
-118.02896054549522,70,374778
-127.6105415814194,65,374843
-107.67381725690839,62,374905
-237.63341612938075,119,375024
-5.8467049832830895,67,375091
-341.1588752803736,105,375196
-171.56291379337932,67,375263
-193.07509207785318,86,375349
-156.22344675611225,110,375459
-242.73331844729984,76,375535
-384.601897389624,91,375626
-146.95498970951328,115,375741
-353.86245651500025,109,375850
-72.77722625084695,92,375942
-330.01483319796523,98,376040
-123.83761288367113,118,376158
-45.17855174088575,71,376229
-76.04538124623107,69,376298
-352.55751461500927,85,376383
-372.6457489346882,109,376492
-195.67274338592372,75,376567
-9.222139247791048,128,376695
-319.92665674578836,90,376785
-171.91731274355118,95,376880
-131.99111039277557,98,376978
-83.16057319347492,108,377086
-192.49798943570053,139,377225
-270.00790337391527,71,377296
-90.18236774981693,127,377423
-225.24015260783122,92,377515
-348.6590282725966,87,377602
-95.21661984438414,72,377674
-309.9872736255859,120,377794
-117.04843957938776,60,377854
-315.7245242216485,97,377951
-164.4050696091823,111,378062
-298.37793624750833,125,378187
-117.45385456660537,105,378292
-178.40329525219082,91,378383
-360.0559418980851,101,378484
-80.48218833861915,70,378554
-22.068716141937813,68,378622
-112.61406142452853,126,378748
-163.7917610357233,74,378822
-380.44876668742506,81,378903
-398.13823210049793,88,378991
-44.83409669372017,121,379112
-200.61243365988514,117,379229
-195.76711835780463,77,379306
-381.95537793476285,90,379396
-431.4578789864358,106,379502
-117.11879414876142,73,379575
-20.16972200055025,92,379667
-276.41095804096074,81,379748
-78.23348801562587,74,379822
-114.32848971745956,81,379903
-138.6618913477173,86,379989
-132.24568952101714,77,380066
-322.7229928047926,121,380187
-186.9186679836265,134,380321
-88.63754910363153,76,380397
-168.67346759997446,67,380464
-142.30087843010986,105,380569
-234.5517427345449,104,380673
-289.2852496896268,73,380746
-381.5444073921152,94,380840
-416.7627090660219,134,380974
-39.48966743875094,91,381065
-130.43954289503665,120,381185
-71.20999178721088,57,381242
-300.8251894698084,64,381306
-99.73946429223818,101,381407
-392.2948333708829,85,381492
-145.04430003958868,88,381580
-307.5682686245733,118,381698
-270.0384544544186,123,381821
-315.90615369032685,120,381941
-73.80965215764513,73,382014
-101.9282279372953,80,382094
-371.3124756600976,102,382196
-106.44373807631965,108,382304
-341.2506069844766,93,382397
-252.31033574913457,99,382496
-194.98205031553303,58,382554
-370.09201144183925,109,382663
-35.31820386826331,106,382769
-70.66340956152813,67,382836
-103.01818729626605,69,382905
-82.812736169662,69,382974
-134.20613750971503,101,383075
-154.21305729388428,61,383136
-127.98883137089257,74,383210
-560.9158901731005,111,383321
-142.29575611942522,106,383427
-162.99911120645544,85,383512
-133.47807053445771,75,383587
-53.31180987025338,122,383709
-282.9255270436125,99,383808
-112.2253768554406,76,383884
-99.05535520194698,124,384008
-124.7985787228212,97,384105
-283.33824678547506,107,384212
-100.53295656268843,114,384326
-191.02189847757236,63,384389
21.272506140326357,109,384498
-150.31409552545477,101,384599
-77.34507428529696,93,384692
-33.79117823235798,67,384759
-216.7514825686825,118,384877
-221.20287156192285,111,384988
-451.06176486253315,134,385122
-392.5111610713923,83,385205
-355.7655665749028,98,385303
-173.74467726966066,71,385374
-403.39600927448816,124,385498
-402.0455185835119,79,385577
-468.3203345841,111,385688
-131.18396182262225,92,385780
-79.40808767205517,80,385860
-125.03395440177397,112,385972
-94.55989168053883,97,386069
-446.6390902824118,112,386181
-108.48448865883282,79,386260
-246.64134309923955,95,386355
-122.01717159999262,120,386475
-211.2037160850631,79,386554
-371.0522204152201,103,386657
-182.16532980006096,94,386751
-109.87676264897112,114,386865
-137.40426475392513,112,386977
-26.85960727786326,61,387038
-129.03090280627018,122,387160
-73.72533063559567,64,387224
32.67556397797958,131,387355
-134.68861282704603,96,387451
-146.56752686953297,70,387521
-106.07723599999369,65,387586
-84.36112243700627,68,387654
23.990408020644324,102,387756
-70.6719653633115,62,387818
-129.88189736684035,66,387884
-176.53381106982386,70,387954
-197.86049960685614,82,388036
-137.63542181052796,98,388134
-150.4381099810523,101,388235
-131.0528935710239,125,388360
-321.79264089051156,100,388460
-224.10635558205138,98,388558
-195.5509090604611,126,388684
-85.60222458272182,86,388770
-212.11320704223618,105,388875
-167.11077293475887,85,388960
-249.5413447808324,83,389043
-438.9582966087203,81,389124
-84.6293270686436,80,389204
-40.35947780399316,64,389268
-111.83212780853343,87,389355
-342.03454486516523,111,389466
-269.7124133807359,128,389594
-156.02828922062452,83,389677
-90.11922632285427,91,389768
-111.03249011101217,94,389862
-126.70861984997364,73,389935
-212.77842710112924,69,390004
-114.22028294727261,85,390089
-124.32645521233165,74,390163
-98.91437553232953,65,390228
-121.5767618188085,65,390293
-80.05070279920582,90,390383
-95.76974418558221,65,390448
-98.70542055906243,116,390564
-133.08108393808442,83,390647
-114.60304596578678,61,390708
-167.00987055354892,103,390811
-94.20779307445801,75,390886
-53.239674507866084,79,390965
-123.46427453476656,84,391049
-127.9653872275748,72,391121
-82.14382086763607,69,391190
-136.93091623239877,112,391302
-79.32622333669805,106,391408
-345.2235108633282,139,391547
-402.5171051623936,116,391663
-229.2778922531689,107,391770
-499.7941756567768,98,391868
-101.35175425316349,94,391962
-131.5929693146336,80,392042
-223.92145298497144,71,392113
-251.28881792214247,114,392227
-152.2277584809335,151,392378
-55.99311855903143,66,392444
-144.66082399101265,95,392539
-247.16034132081313,111,392650
-346.3222360581025,95,392745
-175.9207698865241,105,392850
-240.24758657158364,76,392926
-57.95604753004635,65,392991
-192.07299233696165,61,393052
-170.28358613803863,126,393178
-198.88169446228542,141,393319
-88.0575111417143,82,393401
-78.36293475232543,94,393495
-173.26712463777022,115,393610
-200.44366417322038,94,393704
-155.29204763065263,103,393807
-103.1151091591528,86,393893
-276.2971691390442,131,394024
-258.90915504020836,116,394140
-162.40970115123912,68,394208
-114.06843625231721,63,394271
-213.1134615343531,146,394417
-250.8483845691009,84,394501
-147.23762767863482,111,394612
-60.402061988570736,111,394723
-194.91117827128699,71,394794
-237.5754144063181,119,394913
-359.12237200006047,86,394999
-63.63599267881632,102,395101
-101.11632053873174,66,395167
-173.4859947191096,126,395293
-117.89858462140792,108,395401
-176.53932787801304,151,395552
-169.00954568895725,59,395611
-289.7998149241622,118,395729
-220.36002979773556,122,395851
-242.41259156878846,87,395938
-89.90359001704653,66,396004
-181.2557850276053,118,396122
-315.6476362604372,93,396215
-252.78169317990455,114,396329
-85.3742831600841,75,396404
-225.78051419788093,68,396472
-289.07992173275966,86,396558
-144.31035079478482,86,396644
-72.36131399208122,119,396763
-143.65222178326204,73,396836
-64.86983207979573,111,396947
-359.69122186754885,87,397034
-111.45464884111973,61,397095
-211.3020013268694,102,397197
-233.75683746223697,88,397285
-124.15811044281499,94,397379
-90.40419744865814,87,397466
-304.71897639588235,96,397562
-122.88482133383818,87,397649
-337.8657701348553,111,397760
-71.33743621421391,63,397823
-133.8161942310868,104,397927
-40.31747122423247,79,398006
-142.7705411052642,89,398095
-106.56725924176492,61,398156
-116.73901679283915,93,398249
-90.12033367564305,58,398307
-271.53134523005485,83,398390
-82.8635063102663,76,398466
-148.45170284536,97,398563
-115.84341451416628,79,398642
-358.1525143258525,109,398751
-132.81248374430015,84,398835
-92.56468727467258,77,398912
-166.25835401472295,105,399017
-118.04515182477944,74,399091
-97.2694231077904,74,399165
-198.99337371752335,67,399232
-98.45521025655049,100,399332
-281.9579068220021,99,399431
-119.6786132033979,107,399538
-156.7233126829654,134,399672
-395.3772779176808,105,399777
-235.5575923313246,107,399884
-255.61302824002018,81,399965
-231.5584276862942,107,400072
-240.3873243471128,65,400137
-106.76396235633977,109,400246
-178.00111258382861,83,400329
-152.31791798641933,130,400459
-62.06443320772628,103,400562
-445.6537982781521,160,400722
-37.408180759822315,67,400789
-124.39807173989469,82,400871
-74.43645544294492,117,400988
-260.8737709500441,106,401094
-149.74507372162907,135,401229
-124.36805736030956,131,401360
-132.46763589481583,104,401464
-348.394542475648,102,401566
-104.90059811232034,99,401665
-127.0813148023633,74,401739
-439.22571405939533,98,401837
-258.37365620937277,100,401937
-123.92849076618303,129,402066
-305.8053667120714,93,402159
-204.27470036929373,79,402238
-384.44763520924664,97,402335
14.810218536398523,96,402431
-130.6712501019805,81,402512
-256.08581482831414,88,402600
-486.32816706135907,105,402705
-148.72639986947212,61,402766
-85.1436011800644,77,402843
-179.21891457688122,87,402930
-54.00573815555153,64,402994
-141.05883611562638,84,403078
-28.094028741171456,90,403168
-419.484366463611,101,403269
27.70320787629838,81,403350
-125.33794410594513,90,403440
-363.5361843836902,91,403531
-89.01148781832046,83,403614
-110.30778759736558,74,403688
-191.12337553250256,79,403767
-158.0721480127134,81,403848
-415.98426409063075,97,403945
-144.7905525718533,114,404059
-151.0353642011401,121,404180
-213.8755728371658,115,404295
-101.22441484403316,94,404389
-139.23248327414558,100,404489
-196.59902533554518,115,404604
-411.93560676705124,134,404738
-237.5994149561825,82,404820
-54.59763624478311,61,404881
-299.99816596384244,101,404982
-285.8923590328391,91,405073
-233.40673051160115,79,405152
-280.5244185950652,101,405253
-110.59078918179914,68,405321
-168.46917790879854,104,405425
-115.65608209287801,110,405535
-150.8103046543677,131,405666
-77.49190430404296,72,405738
-130.16993779115734,79,405817
-243.43254261487147,94,405911
-118.78716128947332,113,406024
-385.8625930093249,110,406134
-130.70686157569958,111,406245
-100.83620739912894,107,406352
-503.9571190431321,84,406436
-189.29974203525657,56,406492
-216.5475788541576,84,406576
-236.522388737735,71,406647
-111.15638685146405,71,406718
-310.9450789071728,92,406810
-208.90781588155227,94,406904
-371.2029379777148,112,407016
-195.76251155219478,130,407146
-90.11070829479794,78,407224
-185.7973753059693,121,407345
-102.53250110742371,64,407409
-554.8322748546846,121,407530
-321.10349845887765,116,407646
-180.09970873078532,92,407738
-319.97994483698994,85,407823
-242.46605725264328,99,407922
-130.78539924678887,106,408028
-105.2665789345394,99,408127
-234.09141805248936,97,408224
-62.5074402587793,75,408299
-128.79560533254937,84,408383
-95.6996958831617,78,408461
-241.932958982322,104,408565
-383.58791752924174,90,408655
-90.31785297627894,64,408719
-93.09556357861486,77,408796
-26.856720623664742,86,408882
-619.1486975882547,92,408974
-206.06106767520257,99,409073
-85.49982454032062,79,409152
-2.628119439904296,81,409233
-300.8636783235146,73,409306
-260.71139511116604,120,409426
-539.2424944159277,134,409560
-61.31274572773253,147,409707
-423.3325178076539,113,409820
-200.87012089957983,82,409902
-197.29793951356697,81,409983
-130.88724054448474,96,410079
14.957718216931553,79,410158
-474.2569307046793,88,410246
-122.05497116082509,84,410330
-506.57931941583695,92,410422
-182.09764646259725,122,410544
-112.7365445712094,76,410620
-122.18885612935053,128,410748
-183.8123794421391,66,410814
-191.65023318037038,104,410918
-114.35233684392277,135,411053
-265.41627127593006,69,411122
-312.3796650159356,102,411224
-106.70292715005706,67,411291
-120.62028439288335,131,411422
-206.69453072541654,79,411501
-207.35290778071285,63,411564
-232.40632823560233,117,411681
-121.1845849183085,73,411754
-73.21632431493936,62,411816
-79.73684302837604,65,411881
-166.1475842261793,103,411984
-141.2291568885565,113,412097
0.962044550735726,81,412178
-241.41011260219125,97,412275
-243.00131687829997,93,412368
-160.7586102520453,126,412494
-631.5603523079965,97,412591
-200.34504905226842,119,412710
-258.266903918955,116,412826
-141.10556634302048,122,412948
-9.843358393392649,134,413082
-130.3748187222207,64,413146
-403.6983728125995,97,413243
-113.04400253395241,65,413308
-360.36804530419147,120,413428
-143.4056455766443,64,413492
-197.2042817896275,68,413560
-203.86132866572052,127,413687
-79.14100765044896,75,413762
-459.37626021798957,96,413858
-529.3821635917452,132,413990
-117.5834540336982,85,414075
-89.06737409192199,74,414149
-157.1911110285272,77,414226
-180.65545030708077,99,414325
-108.19994246493928,77,414402
-147.67554816514212,77,414479
-413.32081919456783,112,414591
-89.04109609848626,91,414682
-130.77987080995516,97,414779
-97.09939922598758,69,414848
-124.0574126707944,76,414924
-348.6568906411379,127,415051
-248.572503868074,137,415188
-116.42178137904646,74,415262
-126.7735659084228,91,415353
-60.64280792757119,72,415425
-317.7194456581108,77,415502
-452.41578500465516,130,415632
-294.63102662999756,123,415755
-149.67638131366746,122,415877
-135.1496205443762,94,415971
-183.8995630736601,90,416061
-267.1621658781105,77,416138
-107.45614679237909,99,416237
14.731634557966714,97,416334
-101.96645564298349,76,416410
-130.77331686237665,79,416489
-157.30870314372243,105,416594
-185.29005956179034,70,416664
-184.69808918196796,118,416782
-160.8487995088461,88,416870
-129.20679208501565,68,416938
-123.0869519662827,95,417033
-91.30189513090137,75,417108
-328.627833590696,94,417202
-204.29781349314146,112,417314
-224.91722220087632,113,417427
-100.60478111301072,134,417561
-89.05726331412245,63,417624
-398.26241752851547,78,417702
-87.03835752616611,68,417770
-14.259553421095148,70,417840
-164.83994159268906,104,417944
-214.66417034047208,69,418013
38.4935511251922,73,418086
-141.1405867461701,67,418153
-285.4564149646151,130,418283
-423.3749277043009,112,418395
-156.48387344144723,106,418501
-87.87747253753469,61,418562
-329.05784448414863,96,418658
-124.63777930043138,58,418716
-256.85305430593576,90,418806
-114.83811147035459,83,418889
-84.74222506628023,74,418963
-203.85020354876707,89,419052
-423.07943335884664,91,419143
-349.8725187252285,110,419253
-195.93277072057873,105,419358
-293.55847406737973,103,419461
-233.22728224802975,117,419578
-103.35446333096542,119,419697
-143.38797351243346,69,419766
-135.90608481829545,112,419878
-112.55009573816106,105,419983
-153.45711361205815,77,420060
-164.4908149101378,119,420179
-315.6960610098904,86,420265
-158.7247800958117,125,420390
-128.6401675630458,62,420452
-18.487038789948116,121,420573
-169.56142323113596,106,420679
-3.7210318084732705,106,420785
-118.76492495786798,118,420903
-176.85796511064035,106,421009
-380.9341840932375,100,421109
-98.0214234751767,66,421175
-157.03159503860178,98,421273
-110.55183115394138,95,421368
-90.65029697392707,75,421443
-125.04705304152357,75,421518
-120.69274588479313,69,421587
-419.9484114975254,113,421700
-268.1725245700271,138,421838
-209.23701987282828,76,421914
-88.16483109892732,63,421977
-84.4069731717848,74,422051
-110.5491698644102,127,422178
-407.1712049165368,98,422276
-442.13152705978155,129,422405
-58.221672161502056,99,422504
-308.2920336155957,98,422602
-346.9375815605666,152,422754
-286.2844656636263,98,422852
-386.06844488134675,94,422946
-122.77750996882706,112,423058
-390.5558945029933,110,423168
-156.35463278736879,65,423233
-269.1742016665057,77,423310
-326.47482891879605,92,423402
-93.78734694665265,88,423490
-278.4606520758465,102,423592
-185.49036839474508,119,423711
-186.05882141852896,66,423777
-297.932994625253,115,423892
-124.62237999950926,84,423976
-141.78924284230018,111,424087
-225.2704789398407,103,424190
-186.17603861399738,131,424321
-146.35957969497443,119,424440
-127.52278992186612,83,424523
-82.70821948485903,61,424584
-240.60943930416465,85,424669
-355.1953985379873,107,424776
-324.05083171675824,102,424878
-114.38436692564309,67,424945
-257.0225489477547,112,425057
-329.25316655112175,97,425154
-203.14974963645932,117,425271
-316.04636779009763,83,425354
-80.23554181870702,64,425418
-91.58172775796277,127,425545
-136.34512408774975,96,425641
-147.83464697202052,124,425765
-337.43089114656414,80,425845
-96.85683257978101,72,425917
-94.7659325793332,61,425978
-277.8480587686864,113,426091
-493.7718208587556,110,426201
-352.1441297171612,92,426293
-90.50821492338606,61,426354
-243.09486775294977,102,426456
-214.03493422320577,79,426535
-395.177782066582,105,426640
-164.6773785852633,119,426759
-130.89719034078954,101,426860
-291.60010576143367,79,426939
6.977226064716746,78,427017
-132.1022025455174,123,427140
-325.48177424759535,85,427225
-78.79250521046336,66,427291
-483.35953240646796,99,427390
-197.72536950587607,121,427511
-45.801711551401525,67,427578
-135.0308001338667,62,427640
-437.29885228773423,103,427743
-213.3187995014542,103,427846
-169.2598636648506,90,427936
-108.71434939480699,78,428014
-315.4081101053308,84,428098
-80.75822943762078,134,428232
-95.53361694747478,67,428299
-156.331811138361,118,428417
-488.3771579540942,92,428509
-119.76956414585865,69,428578
-99.77987127742904,70,428648
-184.78089382873048,70,428718
-136.9183636427756,73,428791
-225.8875178819207,80,428871
-109.36215079138275,105,428976
-293.8810481259634,116,429092
-152.26299196527202,86,429178
-134.2233155749617,65,429243
-138.1241781343839,82,429325
-146.68758426629967,93,429418
-337.4167693863572,112,429530
-247.84540039835102,100,429630
-139.1109066968072,65,429695
2.6864109992250462,86,429781
-70.39184295238482,79,429860
-122.8831306559245,61,429921
-64.90567938764931,75,429996
-65.68568164279733,111,430107
-238.03793364091453,106,430213
-6.184496405674324,90,430303
-114.89277248984752,73,430376
-330.4474890113651,106,430482
-120.80406360047016,77,430559
-183.40927592598018,61,430620
-319.20608655463593,129,430749
-113.36322215120072,57,430806
-143.57196076868456,97,430903
8.901558910244802,92,430995
-170.91232525827863,100,431095
-130.82288882285073,113,431208
-145.27172816799356,114,431322
-200.9239691536629,109,431431
-269.45780928199736,99,431530
-197.70958614966708,99,431629
-73.91774127524772,108,431737
-99.03588372743914,86,431823
-190.18251837915705,116,431939
-128.45730673637408,85,432024
-398.6178916374169,124,432148
-488.8783158563179,107,432255
-343.19045060556425,96,432351
-91.56253645420422,128,432479
-111.4188224645488,65,432544
-318.45025878544436,136,432680
-9.432468162724717,95,432775
-167.1478304805705,140,432915
-230.19756987970106,80,432995
-168.15687537889835,77,433072
-118.89126589403284,93,433165
-436.9015668246098,89,433254
-259.57987524613316,95,433349
-265.1920876371819,91,433440
-141.00603749699954,63,433503
-448.8754133951252,101,433604
-102.69264364670292,60,433664
-102.7384404424286,136,433800
-210.97869534709832,107,433907
-183.64963723504957,76,433983
-237.5287421982966,61,434044
-102.59252762370149,114,434158
-29.22066078162443,81,434239
-377.90080069339575,91,434330
-112.683849270147,93,434423
-363.4178811125012,103,434526
-152.80352739440232,99,434625
-232.11139529653178,95,434720
-90.14034561222631,72,434792
-136.8781916930067,111,434903
15.862915045879376,72,434975
-26.828966099075828,112,435087
-67.22176729288927,110,435197
-141.1476436651738,106,435303
-127.26190413658287,107,435410
-62.60451143507463,105,435515
-344.71644719926735,87,435602
-235.43797449566458,100,435702
-278.00462579585826,106,435808
-294.051735332648,97,435905
-196.39348897433797,100,436005
-343.4456227540153,154,436159
20.12116731245787,114,436273
-165.48176534039237,62,436335
-306.3903208508258,98,436433
-334.18299343637443,86,436519
-212.4278648390669,109,436628
-145.96114961193203,118,436746
-328.0247396370853,119,436865
-204.27279946455423,79,436944
-197.13419235155607,110,437054
-133.58044931885973,62,437116
-151.21698810797395,71,437187
6.771795588250029,85,437272
-186.79116913892776,135,437407
-254.95094163590514,110,437517
-411.60129329680603,107,437624
-89.83767420639771,68,437692
-253.55026404303408,137,437829
-134.88539804820755,96,437925
-339.5646180200649,103,438028
-287.45783583877835,86,438114
-106.86502275589446,91,438205
-191.32015790723048,77,438282
-176.86457865372967,82,438364
-202.0990248077508,73,438437
-238.69538566075133,109,438546
-67.50492399592898,69,438615
-280.9019461375734,102,438717
-95.41324061320896,90,438807
-91.77271969280854,106,438913
-221.41608965637408,74,438987
-117.15111364094705,110,439097
-131.39486083908758,94,439191
-105.54481439543622,61,439252
-95.14732601546021,65,439317
-92.29914710692789,58,439375
-108.96504063826988,86,439461
-216.27700218480098,87,439548
-90.67543727641494,91,439639
-100.35971456345946,71,439710
-122.61426176410356,82,439792
-72.27379588966856,75,439867
-171.82317276531842,83,439950
-334.21534270615064,104,440054
-99.15175510858467,82,440136
-253.4467316786969,135,440271
-261.4090020437674,113,440384
-136.84336394723985,66,440450
-86.59488352277445,78,440528
-342.6963156974799,93,440621
-86.92100075719388,104,440725
-248.52813552247193,83,440808
-74.064488129676,75,440883
-255.3327425949488,92,440975
-237.12235298021005,104,441079
-302.3108818465024,109,441188
-140.778591524785,88,441276
-221.7024576783916,93,441369
-122.66283158620318,117,441486
-98.0723905756972,113,441599
-74.40673386038836,62,441661
-69.00857498396515,62,441723
-9.87604159295806,82,441805
24.474516959951913,129,441934
-115.94769897360341,105,442039
-141.74980772606597,83,442122
-32.827592099396696,92,442214
-170.0750995781451,81,442295
-104.02421827292045,64,442359
-177.24062416692567,119,442478
36.40177809830436,111,442589
-92.05994876962248,70,442659
-47.39427107071711,98,442757
-78.17264866395203,68,442825
-199.39478514673345,135,442960
-98.56486669115988,106,443066
-503.5539113530814,93,443159
-139.7728798536258,76,443235
-86.09675661558929,89,443324
-261.5185365423984,80,443404
-112.32261173003474,78,443482
-346.4035619310191,75,443557
-192.1334444812605,89,443646
28.65868253881655,73,443719
-278.1355764301052,87,443806
-354.55397220479944,84,443890
-131.70613438553295,88,443978
-139.52162322416063,95,444073
-219.45858886325814,123,444196
-181.15503798467637,84,444280
-72.9055635049904,66,444346
-115.46556231473886,116,444462
-182.08155216168518,85,444547
-190.09370592398602,99,444646
-162.9809731130535,72,444718
-133.27786057016604,81,444799
-337.342187854199,114,444913
-204.25335703240125,100,445013
-197.91741048257006,110,445123
-222.64206801920966,93,445216
-169.23811948980932,135,445351
-171.96554090941777,69,445420
-85.11318275053274,73,445493
-98.2516937974826,88,445581
-373.43899886532483,96,445677
-199.21876545479145,91,445768
-263.17326229625223,106,445874
-169.07869820069396,75,445949
-213.90415814146414,102,446051
-120.78112997946872,67,446118
-147.94361838830594,92,446210
-280.9992774497278,109,446319
-258.61779306077904,82,446401
-178.62969835489088,70,446471
-186.0852616967916,86,446557
-113.79823673326331,139,446696
-63.49613848124839,70,446766
-108.4595351226941,70,446836
-379.77403603852474,110,446946
-134.50653100088175,72,447018
-44.99023866303605,101,447119
-393.6359935713563,101,447220
-238.58329307376593,63,447283
-105.21457859465191,79,447362
-432.3743984058422,89,447451
-107.62143018520932,91,447542
-139.06125051735796,78,447620
-438.65162863861855,90,447710
-179.41107794873045,105,447815
-74.84425108837897,70,447885
-137.42161472956855,98,447983
-16.218535025123387,75,448058
-153.3253537253916,72,448130
-203.00036501624004,119,448249
-77.79930889561012,76,448325
-78.81426064888726,64,448389
-319.4649925214145,84,448473
-104.8907075004717,66,448539
-131.56108514954303,90,448629
-154.7675068349808,74,448703
-40.695537322665835,78,448781
-182.1744721072502,93,448874
59.277601671972405,79,448953
-202.41679416358141,65,449018
-244.83220222799775,101,449119
-63.99739814659462,56,449175
-290.2303406050929,83,449258
-177.0810617574117,119,449377
-324.47197979518796,73,449450
-126.34141733461973,75,449525
-194.00729254696807,73,449598
-127.04312783380388,84,449682
-98.08701526620642,74,449756
-278.413304807168,96,449852
-203.2730117975213,83,449935
-98.94590063832963,86,450021
-334.6593000967014,98,450119
-103.47079827703391,72,450191
-327.58575922364116,114,450305
-219.14132537578536,86,450391
-192.67243152228457,59,450450
-71.81597065093243,68,450518
-58.567020124283474,77,450595
-510.8708766291047,119,450714
-53.78553998584846,78,450792
-369.6236978155456,86,450878
-112.85241258939655,68,450946
-72.13604970640189,67,451013
-295.01015060447196,99,451112
-128.86999845978227,100,451212
-412.66646159990984,107,451319
-97.67076366087967,74,451393
-304.6920109496814,130,451523
-283.5755606201946,119,451642
-383.65445204583426,114,451756
-166.59099648475708,129,451885
-196.9806316291015,85,451970
-76.8936645596531,87,452057
-267.94050939039926,73,452130
-227.98167358892283,93,452223
-94.01511443085397,70,452293
-135.9651883317651,104,452397
-80.05141340167106,59,452456
-126.96875064911286,82,452538
-110.26852037928941,94,452632
-129.93717697266447,94,452726
-106.83443258715288,77,452803
-214.18564788524606,118,452921
-95.47519431440526,101,453022
-122.94851496832962,94,453116
-218.4564341867564,109,453225
-79.35420086331092,71,453296
-277.167307879391,98,453394
-82.85749886899788,66,453460
-261.57846105747706,106,453566
-95.74420505938721,69,453635
-211.61777217841524,64,453699
-513.6575021339077,128,453827
-231.55996613754064,90,453917
-99.11822305810723,66,453983
-354.55424382267046,83,454066
-265.299253783995,94,454160
-89.28411171342955,69,454229
-54.49573507954291,95,454324
-21.056209275898183,116,454440
-122.58687032812735,90,454530
-80.25804406642891,78,454608
-121.95031013607917,100,454708
-103.80931848629967,68,454776
-147.818688246186,119,454895
-88.00498736252445,64,454959
-299.39710644362106,84,455043
-143.87311311889187,89,455132
-273.9288587408589,124,455256
-251.1783277063233,87,455343
-258.1461897184321,109,455452
-375.4016604932077,96,455548
-3.2340355268048455,132,455680
-343.7942876149401,125,455805
-243.51147539395197,101,455906
-107.3918346880849,73,455979
-395.28683805226336,92,456071
-229.83993251561617,96,456167
-90.00263594149628,78,456245
-51.286780911659804,72,456317
-90.33437655821201,94,456411
-261.1010242404195,116,456527
-81.56332863115453,65,456592
-129.52486668776396,101,456693
-108.2345685418084,70,456763
-333.22187813552813,102,456865
-272.44193678115533,100,456965
-261.2622270787064,117,457082
-159.41589297784913,99,457181
-243.33266447177397,125,457306
-119.42166491748765,81,457387
-420.10286605046343,96,457483
-101.84235990609619,64,457547
-24.459382266372074,69,457616
-153.8484522202157,85,457701
-119.28748550268133,96,457797
50.843106363646626,98,457895
-127.31464832197337,64,457959
-213.39756155103916,85,458044
-33.32612543165715,112,458156
-179.3705674829173,73,458229
-73.64262051304671,113,458342
-159.50173762000662,71,458413
-175.60246652728165,102,458515
-413.8515158588355,109,458624
-257.0885173324418,84,458708
-223.48224440205433,100,458808
-59.04165682723221,61,458869
-482.5213555305946,130,458999
-245.46759691915784,118,459117
-369.54148650365494,93,459210
-348.6750144223572,83,459293
-162.56844983373216,73,459366
-393.145127297191,116,459482
-407.73530769093946,119,459601
-192.29225480254064,123,459724
-327.90399380217093,64,459788
-93.10412362831678,68,459856
-110.04411681247166,107,459963
-105.01797464627707,98,460061
-79.99476044625077,67,460128
-90.57401920027982,104,460232
-136.83148761841034,86,460318
-271.26066613713715,153,460471
-81.72987212859658,91,460562
-43.462750000821316,69,460631
-114.17783854247047,79,460710
-154.51416975817887,86,460796
-139.9110592892099,93,460889
-121.3553943891162,92,460981
-119.42450692212167,96,461077
-393.6577896035196,86,461163
-159.20440279486405,60,461223
-192.99995652726085,104,461327
-130.29985203513826,74,461401
-92.55877994677117,71,461472
-287.1536727271174,113,461585
-98.92272207018154,120,461705
-343.7384543661541,100,461805
-73.7965481037573,80,461885
-133.97956602171877,68,461953
3.5633755994489604,128,462081
-94.94736531819011,85,462166
-425.18499771843466,147,462313
-319.63444271079896,107,462420
-214.88961626330695,70,462490
-95.6801019179416,77,462567
-327.89090149180197,72,462639
-340.80185835863085,108,462747
-135.49246816505868,75,462822
-285.10233283848675,78,462900
-124.6376854145812,93,462993
-246.86366659263277,83,463076
-109.04641995272993,64,463140
-14.185925736494383,116,463256
-176.20049436303873,82,463338
-109.52481866473684,135,463473
9.965220851503332,80,463553
-178.30375628743394,118,463671
-248.09242890115638,114,463785
-398.78651513155256,137,463922
-125.97488803164285,131,464053
-129.8642360890952,81,464134
-227.44230700481467,130,464264
-321.87032404997154,126,464390
-163.0942471983273,65,464455
-153.22562190301682,77,464532
-138.92640388567258,77,464609
-103.50694887220007,91,464700
-356.60628585151125,93,464793
-155.84028056130745,98,464891
-146.46919940697694,67,464958
-208.19216990946956,86,465044
-129.30393321793616,132,465176
-238.6634941777306,82,465258
-341.5787395386727,104,465362
-380.6045623612936,107,465469
-24.7736980970283,110,465579
-132.99226792500008,77,465656
-137.59736463931222,82,465738
-157.03320858205967,114,465852
-110.19453692751867,65,465917
-157.02498423707974,116,466033
-301.76933721851344,117,466150
-73.51219347143589,108,466258
-346.00944564789165,77,466335
-357.7504679840409,110,466445
-80.37408778618475,74,466519
-227.5373963940917,83,466602
-98.7953523337228,68,466670
-118.76954508422867,98,466768
-23.028556425825897,106,466874
-152.46888200125446,88,466962
-95.94432358316287,77,467039
-72.19423944667018,61,467100
-93.47390528011474,80,467180
-375.6768112745684,113,467293
-120.13155660066201,114,467407
-100.14129576843416,61,467468
-380.74961645493346,97,467565
-73.3823464755695,83,467648
-163.59922328320943,74,467722
-234.69740257805225,136,467858
-117.54159664755726,77,467935
-408.6527780010996,117,468052
-108.13442524469346,122,468174
-75.39663173503325,64,468238
-321.1482150631233,115,468353
-74.09657455377909,78,468431
-190.36261208864835,74,468505
-218.801615932557,116,468621
-95.26270527568622,82,468703
-192.63618834770602,70,468773
-132.10615565257552,99,468872
-130.455211463713,78,468950
-153.13801209710033,72,469022
-113.73721891652337,77,469099
-111.96522343338803,71,469170
-135.4238291372198,63,469233
-189.5684610319468,82,469315
-383.25303632008416,94,469409
-234.10999654660768,74,469483
-91.88103193798972,95,469578
-351.98452162986644,120,469698
-79.85450712607154,105,469803
-140.06744324018277,114,469917
-127.74335926216287,86,470003
-137.14521300613745,66,470069
-543.7638719147534,85,470154
-439.6033054458057,104,470258
-51.93911527607746,79,470337
-63.222471181131915,87,470424
-66.82559585307376,72,470496
34.5254774243632,85,470581
-116.22200401438576,78,470659
-94.49696874173513,55,470714
-83.71002460110871,60,470774
-58.29016587424795,76,470850
-361.743822746085,98,470948
-252.18610674903644,104,471052
-277.28414830374567,103,471155
-219.9008649428458,90,471245
-417.64821754300715,113,471358
-125.02825700362195,97,471455
-183.78053283985986,61,471516
-144.49011125969542,74,471590
-81.51814556557244,67,471657
-199.73273980783017,86,471743
-129.92271597964822,108,471851
-48.07867627379615,70,471921
-91.4382172654653,63,471984
-117.23576310652064,105,472089
-344.1031998379443,86,472175
-116.14125980660859,118,472293
-90.0746391443988,82,472375
-164.90319537192755,133,472508
-268.0394019703232,107,472615
-347.6366088937765,126,472741
-130.66589520639812,78,472819
-158.15141571187564,108,472927
-106.7195270529925,60,472987
-373.4494947075008,133,473120
-75.69412785754777,76,473196
-106.86092547284859,90,473286
-83.7353932180884,63,473349
-141.30461277074366,68,473417
-160.90214680725146,82,473499
-176.66899575702345,104,473603
-157.24029371571658,78,473681
-441.72978705674905,94,473775
-233.74659303929747,114,473889
-99.86281127715641,66,473955
-430.74775976972256,110,474065
-114.2832494582871,110,474175
-116.48304339076509,99,474274
-66.28909666883652,69,474343
-112.44387954619546,86,474429
-135.14116242014012,64,474493
-121.88667078649092,61,474554
-132.5710199946087,81,474635
-68.77806955960827,59,474694
-178.10029231649045,69,474763
-315.76116058775114,100,474863
-189.49595426861714,126,474989
-182.31152256032289,94,475083
-276.0398636493576,73,475156
-89.85957004560694,68,475224
-448.84676368511776,83,475307
-326.4761511114723,101,475408
-116.03853337568184,87,475495
-84.00528656125222,120,475615
-114.10916080721553,90,475705
-191.24985636035274,86,475791
-54.85158574020723,72,475863
-68.2324385156992,61,475924
-140.58411529433434,133,476057
-97.84031663039546,60,476117
-71.88585787750323,92,476209
-129.33243322941456,82,476291
-46.188461441887,62,476353
-79.97016594886772,68,476421
-45.750393534029755,66,476487
-73.50340359527667,80,476567
-332.9685170877336,129,476696
-105.0736283949681,73,476769
-351.18003606393455,127,476896
-337.37239588036914,115,477011
-307.427255882454,121,477132
-112.54294400143236,88,477220
-69.87682267987384,66,477286
-293.06290151147647,128,477414
-89.80545522271251,87,477501
-146.82478385842583,96,477597
-396.87122521463743,137,477734
-134.50078504804674,95,477829
-113.07547830586796,80,477909
-123.55551447447914,121,478030
-66.71012979003746,126,478156
-203.837297104692,73,478229
-96.75422048994811,72,478301
-198.66975481766028,90,478391
-151.44306697160624,119,478510
-113.27150610695898,131,478641
-122.43890881604169,93,478734
-198.03829723748441,71,478805
-93.50098659492011,79,478884
-130.50020326360794,80,478964
-18.16474526766278,89,479053
-78.99740573713923,81,479134
-121.77258236273201,131,479265
-251.84544424781313,73,479338
-104.98007150916803,96,479434
-96.24914129298466,128,479562
-342.9151695792349,119,479681
-240.35869086344616,84,479765
-169.4256198813421,84,479849
-193.96698895605198,67,479916
-77.4901108705874,59,479975
-123.52751174415381,89,480064
-282.65815042654924,105,480169
-42.651641731511624,68,480237
-104.5377401235911,107,480344
-154.02142120869257,95,480439
-221.10041837672156,79,480518
-122.43283231523898,72,480590
-176.8773897500783,118,480708
-137.1324565014539,92,480800
-366.81794003007224,92,480892
-89.31043781465247,65,480957
-116.1277629189255,129,481086
-339.11918800179785,94,481180
-21.65376780886119,90,481270
-147.70618049536887,74,481344
-266.83768613490173,88,481432
-146.6229544736776,99,481531
-189.03319708829625,113,481644
-102.74005849161591,123,481767
-192.11821322918536,108,481875
-114.64523566094051,60,481935
-364.6198840644692,112,482047
-32.1861994099328,94,482141
-123.89593819337023,126,482267
-320.4360680215151,87,482354
-354.21763854483027,115,482469
-152.54756850667565,101,482570
-114.30148412935938,72,482642
-168.8980152130933,83,482725
-246.60426655855414,122,482847
-58.55928471693351,71,482918
-179.46777840179257,113,483031
-85.70668576318177,87,483118
-216.8851121886127,105,483223
-90.9527115249165,71,483294
-135.36105695768913,100,483394
-417.8243623405863,106,483500
-131.57426129353848,106,483606
-278.7840614244538,103,483709
-280.7867491284051,88,483797
-169.79601691215913,102,483899
-95.50273246488975,85,483984
-120.91436307550222,53,484037
-76.58169137518742,64,484101
-116.0200244157106,70,484171
-171.9753125429914,61,484232
37.734051508341906,65,484297
-157.6752951687542,68,484365
-249.13753662140917,112,484477
-118.58170689884334,82,484559
-73.11413102933052,67,484626
-104.32997122217519,67,484693
-116.34606531438621,64,484757
-541.8149708152124,104,484861
-108.93507218407511,54,484915
-129.48922321174643,107,485022
-99.62743807227739,74,485096
-87.4246824522728,73,485169
-279.72745767377455,97,485266
-212.1673727155769,116,485382
-225.23465286641164,100,485482
-290.94778295593864,99,485581
-102.41563226096478,91,485672
-98.48773609160133,78,485750
-263.6505949758593,88,485838
-122.46588899207013,97,485935
-312.34335779774074,91,486026
-92.53120859235987,69,486095
-321.2439822778432,102,486197
-152.21603301760055,94,486291
-111.11426368107306,71,486362
-124.98415826435463,97,486459
-104.73328718442997,61,486520
-243.42685112759096,99,486619
-241.68583375411703,120,486739
-116.84012517343326,115,486854
-118.68943198782519,82,486936
-329.2001025052906,130,487066
-127.07102741119955,81,487147
-123.69365954763194,101,487248
-129.43929754214562,67,487315
-293.2720323130879,63,487378
-68.58172290305724,78,487456
-135.08488463225308,98,487554
-98.34706810018697,100,487654
-179.8451509077599,118,487772
-153.48719655230266,93,487865
-147.859808210981,101,487966
-335.2650104077856,81,488047
-111.18294484548848,86,488133
-136.00764432962913,79,488212
-28.80298990868468,90,488302
-90.75576053492281,66,488368
-182.81789681344685,133,488501
-25.178410769715214,121,488622
-91.64195716708704,94,488716
-139.7640735158918,61,488777
-149.90354348864614,89,488866
-149.51575208919485,87,488953
-81.33840987624193,86,489039
-284.4516458075482,105,489144
-132.57475602585677,124,489268
-259.5259479327195,91,489359
-138.47027953114812,98,489457
-466.5639393361461,113,489570
-280.3691510970327,77,489647
-88.64344754702952,85,489732
-392.1426869590542,91,489823
-429.93804943569114,91,489914
-83.65420700377703,103,490017
-189.14147814696582,73,490090
-4.320148823458567,69,490159
-37.62786808331195,117,490276
-376.8684815807318,105,490381
-147.8037799489221,70,490451
-107.9816962531764,83,490534
-304.59824784892146,122,490656
-208.27979414393639,123,490779
-253.47222189066582,80,490859
-131.0703280228505,78,490937
-309.86341694443627,104,491041
-234.60599558996648,113,491154
-91.31413414445443,68,491222
-160.71601677050015,108,491330
-142.98081530392608,79,491409
-106.59389379092528,79,491488
-118.85335981033158,82,491570
-216.38282796969017,107,491677
-182.7185856581521,115,491792
-209.2075832858433,133,491925
-133.0103793159674,109,492034
-294.1518141756326,126,492160
-130.50008554363114,69,492229
-229.74491607302744,108,492337
-220.00089125583378,114,492451
-95.57204012858345,70,492521
-196.42263492653197,80,492601
-255.74106964630926,151,492752
-116.95078330401857,129,492881
-131.8746899706831,81,492962
-107.1096399436749,79,493041
-178.0402442569242,102,493143
-97.27713628628935,63,493206
-77.99080151910626,84,493290
-438.8223880192932,87,493377
-173.73952520006728,126,493503
-82.36893400639505,60,493563
-264.8325952696645,123,493686
-191.4517969318919,81,493767
-285.4931936684735,71,493838
-248.33905656227822,106,493944
-138.58536377076132,61,494005
-454.20008000237857,112,494117
-135.94498442636353,80,494197
-134.3742518747269,69,494266
-101.0384511880236,70,494336
-406.7330299294871,98,494434
-221.3457225896914,90,494524
-305.73797151233316,120,494644
-67.41394446157477,68,494712
-158.03806257204147,88,494800
-196.0314257791855,122,494922
-181.8846039515136,132,495054
-286.7305493755139,91,495145
-64.25599395194651,79,495224
-105.40338998647638,76,495300
-176.83449234006596,93,495393
-156.8384950185511,69,495462
-447.82060325822704,90,495552
-65.40502675177194,83,495635
-219.21130613612797,94,495729
-394.25428819226954,87,495816
-238.99433875755463,66,495882
-110.38606950605521,93,495975
-432.70821379151147,107,496082
-128.89358566380764,68,496150
-131.2600669761191,65,496215
-135.2836954713274,117,496332
-134.2220203487612,96,496428
-115.6981703337914,85,496513
-124.54904146983193,93,496606
-44.6703517153513,91,496697
-233.27578611379872,55,496752
-256.5512055200809,143,496895
-230.80076669426282,82,496977
-95.5043727312247,133,497110
-181.1400848305659,66,497176
-109.9661717064238,93,497269
-151.18516149362833,115,497384
31.188555650182167,104,497488
-94.51056894195058,84,497572
-97.1268836456485,104,497676
-202.38058850650617,126,497802
-122.3421408720611,63,497865
-145.22478620667056,106,497971
-141.60214786481794,102,498073
-103.69340539495033,126,498199
-140.5942840402463,61,498260
-281.95022589101575,93,498353
-168.4438780556459,118,498471
-116.03389944805564,59,498530
-293.33095210412,104,498634
-75.51431181187435,67,498701
-79.0875837408069,73,498774
-132.1368978476434,60,498834
-39.580158265228775,78,498912
-169.37165796938098,103,499015
-317.4378833536225,123,499138
-130.28936109182695,66,499204
-111.15485184165361,111,499315
-414.719711452029,90,499405
-134.07482007785393,85,499490
-148.7497356519392,71,499561
-303.6980706045553,83,499644
-285.7878228886078,83,499727
-348.4141295315936,122,499849
-61.456248256209264,82,499931
-537.4925560769957,91,500022
28.146959343622967,93,500115
-270.0302576350177,92,500207
-303.3705571599427,78,500285
-370.81803234623885,82,500367
-150.07438434687535,107,500474
-121.9473731290927,77,500551
-100.6492385010716,75,500626
-118.66536392703654,109,500735
-163.841563149169,83,500818
-64.25300830938933,69,500887
-206.77292737420902,81,500968
-84.99375934385738,105,501073
-143.1383556938704,75,501148
-62.203141301014114,69,501217
-131.2763140969506,111,501328
-63.27482766189001,110,501438
-238.80678293719788,72,501510
-106.6331915155213,74,501584
-500.19571889253814,96,501680
-148.75068720806937,59,501739
-224.07501195374272,90,501829
-106.72736598957688,80,501909
-136.42313759056893,131,502040
-347.954911211228,96,502136
-217.56546000521558,98,502234
-316.17404524401286,83,502317
-430.1825054449669,105,502422
-124.08043765743967,108,502530
-380.8215071147262,98,502628
-234.5203605361394,91,502719
-124.4766932026697,115,502834
-142.19549946947598,113,502947
-103.57925812492346,82,503029
-112.78687609468824,74,503103
-262.19008444988214,97,503200
-89.96156204662134,73,503273
-226.6718931766886,133,503406
-425.3186385397681,117,503523
-133.7695668274124,75,503598
-354.9714301561264,92,503690
-97.34657266714926,122,503812
-309.972573447016,97,503909
-134.6800981312667,70,503979
-182.0736291584662,109,504088
-120.219524404896,66,504154
-191.26105875043706,65,504219
-139.21866913024598,91,504310
-133.00915296380853,103,504413
-253.11568805823367,91,504504
-294.79258064287035,98,504602
-388.0187082884178,88,504690
-340.1786609323623,90,504780
-375.0050000340008,94,504874
-355.24283795221413,83,504957
-86.9393870583221,85,505042
-88.59037008058911,93,505135
-139.02864455062524,83,505218
-318.70156088036975,120,505338
-297.73866902462163,118,505456
-35.278684648141066,76,505532
-61.25481589398518,68,505600
-271.86518070192,125,505725
-275.333550351261,98,505823
-305.7587237067838,111,505934
-127.08777085977536,87,506021
-178.345744550961,79,506100
-269.626009123028,85,506185
-306.46237415286066,91,506276
-155.59951748070716,83,506359
-173.77793550390783,101,506460
-185.11406926154538,83,506543
-78.72619151501445,75,506618
-219.03430925173745,151,506769
-75.80720287183217,58,506827
-210.75719244658904,75,506902
-469.7996133487237,115,507017
-228.93118101638424,86,507103
-221.91531873483024,96,507199
-176.69970008633396,80,507279
-170.53299795078277,92,507371
-103.07718845648823,110,507481
-327.6765083506319,72,507553
-62.96584929518581,60,507613
-87.79826230125188,64,507677
-86.99683008869283,105,507782
-329.01757784751317,117,507899
-257.056770141154,79,507978
-249.8753918228066,95,508073
-134.15658598378764,101,508174
-116.46148217175042,68,508242
-109.3185354289048,65,508307
-335.60399968397996,127,508434
-234.18873134427844,94,508528
-112.19302895779056,82,508610
-71.53298551193215,85,508695
-191.44356687114782,60,508755
-245.39852944461484,69,508824
-120.56056190460218,83,508907
-87.53544516977057,87,508994
-133.54331812892858,59,509053
-88.94161465034745,76,509129
-118.22508395435014,120,509249
-144.76402488409673,82,509331
-111.85938886547255,73,509404
-121.20294903111805,63,509467
-258.93244098152104,80,509547
-338.95931902273384,133,509680
-95.59208350592584,81,509761
-78.572861676433,86,509847
-227.94344879104483,102,509949
-240.67114682256124,106,510055
-453.49920324097917,90,510145
-193.08423203103138,95,510240
-363.9452321364586,117,510357
35.31624412941943,80,510437
-365.6053097967339,94,510531
-53.40872874752921,71,510602
-91.59078625197564,71,510673
-122.84817312596996,98,510771
-105.18005634456539,92,510863
-297.5419516927397,95,510958
-147.3196778396433,100,511058
-219.0606264003121,84,511142
-214.26115129519403,91,511233
-164.49443632253096,115,511348
-119.80475500740671,75,511423
-448.44517223420814,79,511502
-345.5203246655708,83,511585
-227.28625166880826,140,511725
-94.93039946997978,94,511819
-303.54039355451005,68,511887
-147.2138507620436,88,511975
-45.34264712800325,77,512052
-149.63891608493412,84,512136
-330.25508467090987,94,512230
-345.5023725733389,124,512354
-67.50037125458857,67,512421
-337.7556612282841,111,512532
-107.14672285956811,77,512609
-250.53540533575972,111,512720
-467.01631068320097,104,512824
-112.15440469479718,92,512916
-185.54672099362085,75,512991
-218.77876230219775,103,513094
-240.15528596987727,108,513202
-119.61096312754907,81,513283
-79.42404805527146,57,513340
-175.98521843782947,83,513423
-116.1752467597919,105,513528
-394.07000722902757,91,513619
-333.14113310897517,94,513713
-90.95805077593735,61,513774
-205.49689163197033,104,513878
-122.19187191531127,116,513994
-130.50114499660134,107,514101
-662.0587500648579,109,514210
-184.34031949989483,104,514314
-440.16587557948895,132,514446
-356.66896067780505,103,514549
-132.67492633689704,102,514651
-129.32615122101487,77,514728
-202.49628333839917,118,514846
-148.30043334840093,80,514926
-324.0703635872789,119,515045
-283.151865223431,121,515166
-145.89500675528336,66,515232
-89.65678361063313,123,515355
-250.99962177900144,108,515463
-77.71063048862635,76,515539
-165.40055213969237,110,515649
-80.36083813352755,67,515716
-77.1510802538268,98,515814
-292.3388052664829,118,515932
-96.00081331135031,111,516043
-222.31902135693218,104,516147
-159.5219491113515,68,516215
-242.49721168615991,87,516302
-91.46235768933562,87,516389
-73.60321833097206,83,516472
-168.7127550661848,81,516553
-86.8662183616662,60,516613
-202.36980273256626,99,516712
-83.85162546806532,68,516780
-165.57728047517867,90,516870
-69.45105181199207,60,516930
-232.46327564360547,82,517012
-35.20384559677839,109,517121
-118.3416489990975,73,517194
-115.11247125193451,68,517262
-118.26674206084897,67,517329
-186.14915453660768,57,517386
-103.47640416422868,87,517473
-449.67116977570157,115,517588
-220.51118731269597,112,517700
-346.8074220967027,121,517821
-245.63939162641884,101,517922
-116.9104912988393,118,518040
-106.64917277159483,71,518111
-267.54186793465135,90,518201
-157.8540201913938,93,518294
-338.6633085775388,80,518374
-99.19855834692699,110,518484
-212.45309567619114,130,518614
-117.68099572476638,73,518687
-98.20070685358839,104,518791
-140.24087391638832,121,518912
-89.46665978287004,58,518970
-172.15715864595597,74,519044
-75.53696802867613,67,519111
-88.20648465414277,67,519178
-264.22315019265216,112,519290
-227.58874032419706,79,519369
-293.99929049922446,120,519489
-136.248225969976,97,519586
-93.45618313222037,73,519659
-63.823044225047326,65,519724
-217.93509587887348,117,519841
-115.83365512218808,70,519911
-195.33238256866287,58,519969
-94.51949200290011,66,520035
-91.59525591530729,83,520118
-213.353155046903,70,520188
-136.97710079959072,86,520274
-114.7661581559691,83,520357
-224.2671707511044,61,520418
-174.06595424527782,72,520490
-291.28017253865335,102,520592
-11.811306720508952,93,520685
-205.44186273923694,82,520767
-142.2464876250599,91,520858
-160.12054507664016,79,520937
-78.49346515799274,62,520999
15.462504071577627,147,521146
-237.97330205976084,67,521213
-119.40451757760425,85,521298
-129.79789549137138,64,521362
-291.8999609219286,93,521455
-212.78273722971647,106,521561
-85.8490710225314,70,521631
-80.14558100470126,72,521703
-213.6717557479941,117,521820
-307.04056123497014,97,521917
-160.7743820541053,96,522013
-108.68642692494677,79,522092
49.28935971404411,90,522182
-101.18934964273144,63,522245
-258.9826155709835,90,522335
-204.24824764355273,104,522439
-86.078863842386,85,522524
-167.36586858777287,66,522590
-119.93088443812685,90,522680
-72.83958323232531,65,522745
-124.82589943927245,107,522852
-240.68994484818145,111,522963
-122.07545181397754,112,523075
-116.70376730442345,59,523134
-68.40991579386389,120,523254
-159.33407350808466,91,523345
-264.04542461607593,124,523469
-7.668432202977058,96,523565
-80.49179183994235,71,523636
-201.53515264323815,96,523732
-170.39273979152466,115,523847
-154.40671120098904,94,523941
-161.27255030092186,110,524051
-167.32334551516894,93,524144
-148.4659811084041,117,524261
-69.55338196868878,65,524326
-142.9369250501484,130,524456
-116.65954145736708,101,524557
-335.2597069743646,93,524650
-250.77193308842314,79,524729
-123.59902957158108,69,524798
-178.07297206792606,65,524863
-234.2173794912664,96,524959
-55.10670361080409,68,525027
-114.44710019487303,81,525108
-245.8018404716718,77,525185
-119.31646890899802,103,525288
-117.87403912158895,92,525380
-210.63146755047092,76,525456
-102.2222370861405,130,525586
-121.0125960308797,120,525706
-97.69938861180778,60,525766
-185.61014535164156,76,525842
-168.18515509527714,61,525903
-271.82240614224673,97,526000
-227.81369542425512,114,526114
-623.0056217747028,108,526222
-384.926154760895,93,526315
-144.4284788768109,62,526377
-110.37275344679065,135,526512
-309.4919715981159,111,526623
-69.20527957069967,67,526690
-319.61700160143664,127,526817
-143.22585050995696,56,526873
-114.28971648631581,110,526983
-382.2335886957582,100,527083
-417.07014262911326,98,527181
-102.07161269399307,72,527253
-386.69295526585756,109,527362
-102.36239620907128,98,527460
-217.12133999281036,112,527572
-70.50129532428953,79,527651
-151.30568265308648,88,527739
-151.88112067498417,101,527840
-140.40345552692787,66,527906
-22.288418640233218,106,528012
-182.25921023110902,124,528136
-230.5982406964341,120,528256
-80.1472231726535,71,528327
-147.515200582403,94,528421
-126.01541853673945,95,528516
-130.5450611466516,115,528631
-168.1110759875035,104,528735
-86.0939552521202,64,528799
-362.0296804115144,102,528901
-68.21492699460094,67,528968
-104.14609027463302,62,529030
-212.97232760122256,78,529108
-294.578197724068,98,529206
-115.97749477286136,76,529282
-212.4077997501169,143,529425
-169.11662043466498,80,529505
-106.17567741275666,105,529610
-524.3744981297302,123,529733
-164.3380119550981,89,529822
-159.0428040589309,109,529931
-37.109204575280685,67,529998
-102.43954007402246,65,530063
-402.4687719393714,114,530177
-212.99979561751474,93,530270
-141.47513265957497,114,530384
-245.05752551020623,105,530489
-57.50960193723202,62,530551
-343.0416893093602,89,530640
-196.47724368107305,84,530724
-283.66972251935624,103,530827
-67.57821571143364,70,530897
-99.30663837075369,110,531007
-178.4716151589073,128,531135
-163.1764126290819,65,531200
-148.56526612177427,105,531305
-160.39342589694303,103,531408
-223.49205038285976,94,531502
-317.2949131912498,101,531603
-212.96653851077542,80,531683
-29.993555354639454,120,531803
-137.12973026433204,67,531870
-104.89563650993858,76,531946
-341.9897456666904,113,532059
-118.95388895047344,95,532154
-225.66590554841017,101,532255
-23.900125505455748,66,532321
-172.8458544894653,78,532399
-92.95779051947696,56,532455
-256.28469838157724,87,532542
-105.43207196983236,84,532626
-58.06826642246028,63,532689
-155.29452549282814,88,532777
-451.9749294360814,104,532881
-202.15758378825535,90,532971
-275.2239508805877,81,533052
-111.33114153168678,78,533130
-259.5983624450386,112,533242
-89.30852701825296,60,533302
-70.95843099344873,61,533363
-102.07199978620106,69,533432
-173.33423941811947,59,533491
-382.7705415568676,90,533581
-270.81661830612245,134,533715
-120.24457305517465,86,533801
-246.40548181084557,68,533869
-111.76960773829688,63,533932
-61.70887435123653,122,534054
-271.9897381824953,116,534170
-374.1437289176056,76,534246
-214.11765427192455,103,534349
-131.94500760476092,115,534464
-226.13422526341324,87,534551
-68.45561961792217,66,534617
-206.36455698516215,122,534739
-182.7180514167812,99,534838
-287.2972606665271,86,534924
-130.2620535703433,71,534995
-100.57674455367686,69,535064
-94.54496454282848,100,535164
-141.11012829598604,117,535281
-148.75121084152568,110,535391
-165.39859369094012,119,535510
-86.65969516597924,91,535601
-128.44403249285875,82,535683
-102.26091015825267,90,535773
-43.99329025523379,65,535838
-235.3837048246093,136,535974
-214.41288897289354,100,536074
-120.6307258703767,104,536178
-109.93743259446441,63,536241
-131.21420460791174,110,536351
-268.90578003839414,137,536488
-140.39096827667976,56,536544
-356.9953450651256,91,536635
-227.52508307934903,107,536742
-317.22750234681973,82,536824
-222.6200192264871,108,536932
-144.08112571018853,70,537002
-101.88783945347552,74,537076
-207.48863587696596,124,537200
-458.8549844652902,101,537301
-182.1470094109806,116,537417
-35.635538284795146,110,537527
-85.2171769397909,68,537595
-360.805910605341,109,537704
-179.2319931409428,61,537765
-282.8272626490331,85,537850
-134.77680465087468,67,537917
-279.97664303167005,101,538018
-136.65958663454347,108,538126
-122.26842991582663,92,538218
-417.11852566978587,78,538296
-459.4832065695097,111,538407
-133.34800482845242,85,538492
-86.96191915662573,110,538602
-232.84891642147917,87,538689
-81.72145888466407,87,538776
-149.78196093981688,106,538882
-174.7226178550938,82,538964
-107.1645776021465,79,539043
-92.92916210288361,96,539139
-136.98200056761402,89,539228
-107.73186867070244,86,539314
-279.5428571127736,96,539410
-220.23866990493303,111,539521
-377.43998708927006,97,539618
-131.4216993781512,98,539716
-152.51525013994737,55,539771
-248.92627480833937,138,539909
-103.50987616630385,91,540000
-308.1419281940254,99,540099
-240.26608035900583,101,540200
-311.52385983707177,89,540289
-337.5632665700402,76,540365
-93.22797760564426,78,540443
-104.61013231426055,104,540547
-265.5507260935334,111,540658
-149.43259658147196,109,540767
-290.5535637867158,76,540843
-72.72018861166914,60,540903
-114.65072245633486,142,541045
-395.348483304722,91,541136
-52.10941737227026,62,541198
-149.1539930812374,112,541310
-86.30950534077589,77,541387
-278.7356172142115,103,541490
-75.6746921729339,61,541551
-124.92549544468679,115,541666
-139.61604510385126,104,541770
-67.57551366764821,109,541879
-91.85448806751116,75,541954
-88.30141503979048,67,542021
-112.56755611984067,77,542098
-102.26938933527842,83,542181
-129.06726495333135,82,542263
-125.9643892786473,96,542359
-316.3740626540026,93,542452
-272.94654009779794,114,542566
-299.4449317612062,114,542680
-375.3070941849938,87,542767
-146.73402578023826,115,542882
-135.3466473248084,109,542991
-129.6688209423917,85,543076
-240.8116943931204,133,543209
-116.26856864922053,82,543291
-112.08855611847186,97,543388
-140.1064696537549,77,543465
-253.1585707044228,71,543536
-100.62237743588103,61,543597
-308.6218035486145,120,543717
-78.2195841770369,84,543801
-57.9986728031337,67,543868
-98.95087600636957,72,543940
-76.07040635568926,100,544040
-267.3517758949421,106,544146
-348.6006281223853,73,544219
-148.32796590176235,125,544344
-104.08571036744068,60,544404
-333.3560603994893,149,544553
-255.2363721627635,101,544654
-126.55110821250058,93,544747
-345.3031840251361,137,544884
-303.2299562890547,103,544987
-119.2107143851425,83,545070
-146.65850278225867,98,545168
-457.4043380474248,122,545290
-334.67889551322287,135,545425
-80.61290143982133,75,545500
-79.25166392627622,59,545559
-298.5992423224749,92,545651
-192.1551135276212,133,545784
-219.27158677958107,100,545884
-150.12425972703423,67,545951
-138.84144078847785,91,546042
-105.89249481796311,79,546121
-107.89835041393523,89,546210
-159.15612935435098,69,546279
-253.49431148802134,65,546344
-162.35425958800724,91,546435
-126.04856960179897,72,546507
-239.32872294227036,79,546586
-353.98060979874174,113,546699
-427.14093699171394,94,546793
-73.39042181578719,72,546865
-383.39836964042166,78,546943
-155.0083151363732,82,547025
-116.62538999185125,83,547108
-247.851476624893,95,547203
-165.26761214979342,84,547287
-84.85683079091966,73,547360
-355.72618390038764,84,547444
-158.6704619352739,68,547512
-239.3572221988303,88,547600
-159.148882561273,53,547653
-123.69327475596435,88,547741
-315.64329550082397,99,547840
-105.15482319002788,73,547913
-54.03543276086198,104,548017
-234.97405015986206,116,548133
-344.9979591915388,141,548274
-239.22596121800947,99,548373
-114.76427480002447,69,548442
-99.07665374822967,123,548565
-216.53663651528296,102,548667
-399.17640199651447,115,548782
-160.25642746324706,74,548856
-114.79865480487446,94,548950
-155.40543104923353,103,549053
-122.00573550526614,125,549178
-148.8684065054178,107,549285
-106.3407621726047,61,549346
-92.8613783178359,78,549424
-327.58799341539253,75,549499
-60.11796027239831,81,549580
-183.6771166287012,105,549685
-82.8715700012624,97,549782
-449.37870815885094,82,549864
-120.49897316080772,91,549955
-211.70828368980534,135,550090
-158.79790588401698,68,550158
-162.13006226152123,74,550232
-150.69799445605804,86,550318
-232.96002493740633,103,550421
-134.1194395706111,103,550524
-255.97828791397208,77,550601
-147.65224159044294,98,550699
-135.13696178666163,114,550813
-249.3241454264749,107,550920
-349.1799191044964,97,551017
-440.8614281668276,84,551101
-157.23808003965144,84,551185
-277.48717871524013,82,551267
-364.22326844435304,138,551405
-223.69964903758404,79,551484
-121.53724423327698,54,551538
-197.04672846955464,146,551684
-127.6796261324121,107,551791
-291.8438857894366,100,551891
-120.53366173812017,105,551996
-94.19873085579249,68,552064
-364.2514510644118,87,552151
-186.12387368200206,100,552251
-96.33809196452735,83,552334
-198.50716421212735,96,552430
-396.08046077669087,89,552519
-111.52138067821632,83,552602
-81.16874925591416,69,552671
-214.88759033408348,130,552801
-325.6859504370237,94,552895
-128.9570150138017,76,552971
-153.69809253898543,91,553062
-148.03670457692135,69,553131
-402.072420832795,109,553240
-104.66635501192354,80,553320
-82.51566261683254,72,553392
-86.50369427170631,59,553451
-187.70417030867193,82,553533
-323.7954370610107,97,553630
-116.824330149442,71,553701
9.825236795213542,110,553811
-236.69103011080153,103,553914
-299.97549323080625,104,554018
-170.05417980409794,59,554077
-109.99856148273508,65,554142
-85.97196782048582,77,554219
-153.59121819386047,96,554315
-163.23232292531583,119,554434
-150.74817024474436,116,554550
-113.65964249459887,82,554632
-216.80378780054536,95,554727
-267.9739223950371,70,554797
-141.0014395617223,87,554884
-66.53994815028587,119,555003
-436.24875939081176,88,555091
-75.23767970607783,97,555188
-245.42647937032933,64,555252
-218.51535111481815,70,555322
-467.0190311355888,115,555437
-166.8677961771379,104,555541
-244.78494802317493,100,555641
-340.93448395733617,101,555742
-148.34921671680172,101,555843
-97.3502501634981,79,555922
-90.64131684330086,67,555989
-406.52468738590227,83,556072
-96.53239230264721,57,556129
-184.04193096359165,116,556245
-475.82590140537155,91,556336
-153.48546070336397,76,556412
-226.4490778253336,115,556527
-257.587929138053,96,556623
-18.90830373036694,104,556727
-142.49127913117235,115,556842
-112.61230698985378,95,556937
-245.71987994284885,122,557059
-104.3793242345042,83,557142
-345.64810133234414,95,557237
-210.4003322621649,87,557324
-78.04857419870841,73,557397
-289.7524588489998,97,557494
-204.41595337818237,97,557591
-250.04107831028162,99,557690
-157.3296554208966,104,557794
-90.1278078761712,81,557875
-115.65291357771139,97,557972
-141.72814601776204,68,558040
-236.65501286403767,61,558101
-310.3315843207413,79,558180
-100.80439614514405,72,558252
-224.6513464159595,104,558356
-208.4872590857268,115,558471
-109.45605744355102,95,558566
-347.54121903373357,97,558663
-383.95427451199464,90,558753
-226.34045572429648,65,558818
-106.88497936759335,66,558884
-126.53500621443337,90,558974
-94.51512685666454,110,559084
-158.56638146498753,81,559165
-72.1773310180247,72,559237
-104.18415823093852,72,559309
-181.90559717752063,97,559406
-61.57301468942694,75,559481
-51.36635352184203,66,559547
-95.3453181503701,63,559610
-99.07487056998256,65,559675
-202.4601662090539,89,559764
-149.64183326154497,83,559847
-385.54172828154805,119,559966
-175.0880057291326,69,560035
-143.36630569786456,101,560136
-107.7122884639412,76,560212
-181.1265635707993,159,560371
44.96300588317831,1000,561371
-97.6015715648813,59,561430
-326.02338103261184,98,561528
-133.4706024139209,120,561648
-157.65475283932665,83,561731
-164.96384682521733,112,561843
-103.84066354764305,63,561906
-91.1726902234815,82,561988
-308.23932547295,93,562081
-92.84919967001667,90,562171
-322.4784252626588,117,562288
-214.43964381159913,77,562365
-234.05410718221975,108,562473
-67.81795841946688,138,562611
-117.35057966924377,86,562697
-58.120910073996555,74,562771
-391.74293817934574,103,562874
-139.90471556906544,75,562949
-105.10543106847076,102,563051
-109.82986298334785,66,563117
-296.3316370991914,81,563198
-120.48889139135426,89,563287
-91.91252908794775,90,563377
-155.5221336723847,70,563447
-200.83200857960065,72,563519
-221.54868484369638,99,563618
-133.67918037967658,100,563718
-203.73033095824582,82,563800
-104.07872045019398,75,563875
-120.88195404981235,77,563952
-115.86847015694103,58,564010
-437.6550361547381,110,564120
-83.2174680161263,64,564184
-96.04026645198567,67,564251
-123.41767502324251,107,564358
-91.49989001879976,93,564451
-139.07062829469538,103,564554
-238.80302759945963,102,564656
-149.92052763172316,83,564739
-125.03928966855534,74,564813
-250.25352801271822,109,564922
-75.63888165132781,65,564987
-152.05697429905615,56,565043
-143.53821298997656,88,565131
-100.78911508918848,69,565200
-75.48362142533739,101,565301
-131.34850221066802,79,565380
-119.76347907623429,65,565445
-285.782622317794,74,565519
-157.83819450865963,103,565622
-437.48453546899657,129,565751
-132.6641682303946,109,565860
-245.8692884891615,75,565935
-349.51540054548275,132,566067
-247.83118794371399,111,566178
-196.75449067744006,111,566289
-292.7080102637699,92,566381
-113.25034359165055,67,566448
-112.08459370776976,77,566525
-297.64086881431786,89,566614
-102.1676521528313,75,566689
-182.9670653950813,65,566754
-185.54893551902688,77,566831
-199.97316781399192,79,566910
-79.39117330343538,68,566978
-345.077945217182,121,567099
-202.27856094461663,104,567203
-376.26686984487606,158,567361
-83.65847142897819,82,567443
-87.00317643299512,71,567514
-425.2243975226832,100,567614
-194.54431120084666,116,567730
-158.93491447331468,107,567837
-89.22822450285075,70,567907
-268.84785580775565,115,568022
-231.94846917446213,76,568098
-253.99886153032244,107,568205
-279.14002550643727,103,568308
-81.03009395044717,61,568369
-149.92422586188505,90,568459
-389.81476330859323,89,568548
-135.34730051542442,74,568622
-459.422248639855,99,568721
-184.57662226469134,77,568798
18.533508185828964,94,568892
-76.07292989889467,71,568963
-458.06131112044505,78,569041
-388.70146701199764,110,569151
-95.45008439788582,81,569232
-98.29878821602573,93,569325
-112.5890698999536,109,569434
-283.617965866048,119,569553
-88.44430662706469,76,569629
-30.680529362027684,112,569741
-132.76330968488531,112,569853
-336.13195001332963,135,569988
-109.79717254373598,121,570109
-211.151706251368,109,570218
-236.05067461129696,109,570327
-329.0562600643321,109,570436
-133.83658241124255,123,570559
-167.60019115727312,86,570645
-110.85042105087695,64,570709
-90.12134703442179,88,570797
-286.4600330064836,107,570904
-142.2143972495286,68,570972
-83.70175071955985,132,571104
-300.59196218078614,114,571218
-229.4420309398852,100,571318
-63.64540293249217,134,571452
-203.65130861851068,111,571563
-182.70103618773555,106,571669
-107.42689017602379,64,571733
-140.4951362097833,84,571817
-86.96203153925335,79,571896
-87.88954090641994,87,571983
-92.01071048257043,82,572065
-263.83129555867697,100,572165
-169.98664757118007,76,572241
-290.9018142160376,119,572360
-128.37709820173941,79,572439
-130.37645032817053,79,572518
-129.23267000653698,102,572620
-220.42604107807688,104,572724
-112.12562120347883,60,572784
-130.34123356247866,111,572895
-120.0882343832426,71,572966
-94.99006395614425,58,573024
-107.49591001710124,85,573109
-88.45633830110735,105,573214
-133.08348236109256,96,573310
-76.87767526340113,71,573381
-357.57116148837684,96,573477
-212.28997280139274,124,573601
-47.734070640039256,120,573721
-195.5417263206182,88,573809
-160.42130651455938,121,573930
-150.422931617,122,574052
13.144772603031598,86,574138
-98.41781282313595,98,574236
-514.6548492657192,121,574357
-411.2875770371326,111,574468
-252.4547675864703,68,574536
-92.85492674987655,92,574628
-240.92323606812556,73,574701
-172.4065595205852,108,574809
-179.90858324122996,86,574895
-102.52281136472659,99,574994
-236.68526842031352,128,575122
-67.9058030055497,106,575228
-324.8814478254245,95,575323
-111.46005486645215,78,575401
-377.59274415221114,130,575531
-125.01721625717425,73,575604
-191.9856664082672,104,575708
-179.140008181815,80,575788
-190.32410419525633,87,575875
-146.0898835807315,98,575973
-178.74113004691344,88,576061
-140.3307390338266,73,576134
-121.16985461669537,79,576213
4.330318390642631,91,576304
-137.52110624869636,97,576401
-96.69257453313146,83,576484
-314.0136996385189,109,576593
-320.2836040224689,87,576680
-156.07656855272094,86,576766
-14.987234481659797,119,576885
-203.3305651588939,124,577009
-152.797581430765,79,577088
-96.56033548708716,62,577150
-94.28199683804985,72,577222
-321.5167926416208,108,577330
-158.76379171528282,128,577458
-74.06346233840604,65,577523
-122.16905744373517,68,577591
-279.20790782664966,121,577712
-206.97803331103182,99,577811
-316.61976926878026,89,577900
-245.39234292294014,113,578013
-351.13257282257086,97,578110
-407.1571249093034,114,578224
-128.27274026222477,66,578290
-126.4127328097446,79,578369
-55.764559529777785,70,578439
-240.8186692843403,97,578536
-284.2267684010176,128,578664
-101.94732070373816,74,578738
-357.6705375067807,85,578823
-124.33815043189173,69,578892
-114.91928193652758,65,578957
-104.60702464474049,69,579026
-113.98058884475195,75,579101
-133.0575665758158,66,579167
-238.96827536325037,102,579269
-158.1930864018975,103,579372
-183.18410069854195,105,579477
-120.14682968050764,82,579559
-113.50442471110549,70,579629
-63.74758830930299,77,579706
-49.050146168352995,98,579804
-195.40508524825637,98,579902
-132.40972518828949,76,579978
-313.08246395240894,106,580084
-171.69429600499905,70,580154
-439.5411585904272,89,580243
-137.7948153209803,76,580319
-277.0199227617263,109,580428
-235.8402267968173,58,580486
-197.98292951329057,127,580613
-117.07534754721547,100,580713
-217.67765857757615,111,580824
-130.141914034742,93,580917
-98.37948714872448,83,581000
-81.41638412181874,78,581078
-198.65589896474066,114,581192
-290.76867094950495,122,581314
-168.15115384381406,66,581380
-188.9366188927861,74,581454
3.0217858473698556,111,581565
-294.41856935985606,89,581654
-44.20343192873945,67,581721
-119.75309971467803,86,581807
-422.6209203524275,113,581920
-167.9629609289815,125,582045
-143.10094498284212,73,582118
-155.88275130985954,123,582241
-136.70983155200585,86,582327
-115.40867669534857,63,582390
-89.30413290536067,59,582449
-194.02739608830916,63,582512
-102.35359507485538,99,582611
-75.41591054524014,70,582681
-244.9810556647892,69,582750
-115.91407979301249,91,582841
-176.22756033533778,67,582908
-110.60138791824757,62,582970
-88.41899152279355,76,583046
-151.17839005537354,69,583115
10.895912825274507,91,583206
-105.35121111448652,80,583286
-44.698352777485255,70,583356
-256.0570363156726,95,583451
-138.2758958867859,116,583567
-183.81701774090936,96,583663
-254.76817996792465,86,583749
-96.71780284935559,108,583857
-203.7416634584724,62,583919
-100.28323085680091,83,584002
-109.2890795951042,103,584105
-117.27133702760543,78,584183
-73.01673898439188,115,584298
-98.89075019107892,70,584368
-76.42572896443184,72,584440
-113.18602648394348,92,584532
-150.5171478226215,104,584636
-193.61674605294832,89,584725
-223.70033871512635,128,584853
-349.5007141383517,84,584937
-142.92221024079646,108,585045
-409.4926189533879,85,585130
-109.50093721678242,70,585200
-160.29955186363634,96,585296
-73.64586587291123,84,585380
-176.06694028576018,76,585456
-181.85834797590348,98,585554
-92.86342448082782,85,585639
-111.98468457882096,81,585720
-377.2619590930434,104,585824
10.714583215520804,127,585951
-323.3058673423091,155,586106
-123.71953257564581,66,586172
-108.59918926864134,63,586235
-99.93287624025436,78,586313
-319.2797997633369,92,586405
-77.37550791301763,101,586506
-178.3535715625018,76,586582
-173.61316096755525,78,586660
-37.73637951410274,77,586737
-330.0261444760107,135,586872
-276.09681414497453,71,586943
-348.7511414384194,145,587088
-268.2833224583657,120,587208
-377.9289053357167,130,587338
-302.023870510536,91,587429
-142.5789136768662,82,587511
-361.2763910861527,105,587616
-122.326753069429,106,587722
-183.45588505091624,124,587846
-145.72067957533858,113,587959
-270.0246791177618,96,588055
-119.12384562943218,75,588130
-188.65417046883186,111,588241
-77.88016584683031,105,588346
-112.06056198964215,84,588430
-220.5353912608997,76,588506
-94.46139064785685,67,588573
-381.73261367132875,114,588687
-74.87873882238421,62,588749
-49.54438665389506,86,588835
-292.0036291773072,97,588932
-366.30234637379516,97,589029
-150.71806199964297,94,589123
-340.9979464313867,98,589221
-114.69786678951675,92,589313
-301.08072258138134,98,589411
-147.63477098786683,109,589520
-197.21701295743907,62,589582
-426.0954046304292,83,589665
-215.20087734127378,105,589770
-36.82002446591348,90,589860
-372.78654842284556,79,589939
-149.94017604169164,127,590066
-239.44871851539233,104,590170
-145.8577026775862,111,590281
-269.76905664885237,80,590361
-132.12411724432047,94,590455
-137.63955303825188,63,590518
-239.1823120017545,106,590624
-85.35527444455123,85,590709
-112.86617889731669,136,590845
-89.7811384261741,95,590940
-103.8080711068721,83,591023
-152.52506588976382,109,591132
-77.46412804915457,68,591200
-108.54091771605167,108,591308
-311.4229789149234,77,591385
-77.7440283566412,110,591495
-134.02091888069276,97,591592
-94.39136167374805,82,591674
-113.43202792880325,77,591751
-93.61255255751452,69,591820
-301.5575610283995,95,591915
-179.8297992168951,138,592053
-277.66265424848245,78,592131
-83.61794896608991,64,592195
-336.1002061722072,82,592277
-238.93063319641968,107,592384
-85.76427004798529,90,592474
-295.2072877189545,142,592616
-255.5768875548541,105,592721
-87.16416567284418,73,592794
-233.31099256226025,67,592861
-105.96470566046675,71,592932
-108.31907517615403,64,592996
-118.16099359280852,64,593060
-128.5283522522323,95,593155
-224.2614762107071,120,593275
-216.18346922187624,115,593390
-138.67193321938547,103,593493
-209.99332365524424,90,593583
-128.1463954180871,84,593667
-95.00723533335976,67,593734
-219.86644798204708,94,593828
-310.6660665890407,103,593931
-115.23314749882884,90,594021
-116.17305613514603,85,594106
-108.23469139143766,80,594186
-273.1464952415881,103,594289
-135.60992817199684,75,594364
-413.9151375709257,83,594447
2.5937901033655066,116,594563
-154.27416818178995,97,594660
-144.34984036597973,70,594730
-108.08781449089994,82,594812
-208.46664867308291,114,594926
-79.6725298612139,65,594991
-164.84764981631423,75,595066
-78.13507351537025,92,595158
-92.98250243175139,65,595223
-161.61804708951473,95,595318
-100.81161099668299,61,595379
-135.3219420080104,127,595506
-121.9893293673866,98,595604
-428.45732608262125,85,595689
-172.03861961819024,64,595753
-345.8484629839794,110,595863
-91.97324874058079,78,595941
-89.17714503440287,76,596017
-124.41912627151108,87,596104
-352.46678734376457,131,596235
-228.75147788448723,97,596332
-249.07791056785712,80,596412
-62.85481520820865,128,596540
-111.01831930793463,82,596622
-352.4752001867047,101,596723
-396.3912232577804,97,596820
-356.7789216181467,93,596913
-88.68627225503229,62,596975
-178.1829945534386,118,597093
-132.5357452344976,101,597194
-253.41729632321187,125,597319
-152.1982946597231,113,597432
-250.973026828463,68,597500
-324.5165705128142,100,597600
-451.11074169368493,95,597695
-390.8982040876832,137,597832
5.521496022385804,82,597914
-166.63372960697964,94,598008
-89.24112827164642,72,598080
-61.63929416855159,85,598165
-51.58954311122427,111,598276
-89.77582751865774,61,598337
-101.47456869927431,96,598433
-177.5729934805893,114,598547
-256.60896178792694,70,598617
-134.21933765037315,73,598690
-85.45155687841562,137,598827
-362.78136072443084,82,598909
-316.1905366960601,101,599010
-30.422898846989156,132,599142
-141.39697352681614,98,599240
-286.4028975914722,112,599352
-85.15190734779006,102,599454
-134.1520657658009,125,599579
-254.91959194086337,80,599659
-121.76013244481243,86,599745
-128.21873109081437,86,599831
-384.9733412176882,96,599927
-239.81832540016848,73,600000
-302.07379390271905,91,600091
-96.51649565964543,85,600176
-150.01231258886855,113,600289
-125.43261919819653,68,600357
-473.49867648904467,84,600441
-71.53851512279407,77,600518
-250.7935726097365,112,600630
-102.11386336244497,60,600690
-201.77283694362683,75,600765
-127.89088069223814,85,600850
-96.27218343394168,63,600913
-120.616233577289,143,601056
-186.72823173488453,92,601148
-69.38995286788706,62,601210
-161.7912666880606,75,601285
-207.66623750894993,122,601407
-271.9352948331432,131,601538
-359.1244143225909,85,601623
-108.43401898857846,66,601689
-332.0369272136692,78,601767
-370.6154874279775,100,601867
-547.0406975363101,104,601971
-140.8244860905183,82,602053
-198.18293446075046,102,602155
-320.62368102345624,121,602276
-67.55353742762685,80,602356
-104.12317476408514,63,602419
-82.00440296512858,61,602480
-326.4392213177947,98,602578
-88.9257406459454,77,602655
-124.03619775583607,79,602734
-312.1985051348215,149,602883
-132.85258285684296,125,603008
-348.7211217632889,102,603110
-454.28810525444817,113,603223
-91.05206855572413,89,603312
-326.39774801974283,115,603427
-264.00483793034687,104,603531
-255.1058813130756,121,603652
-124.1361068080744,101,603753
-503.6436429786638,131,603884
-258.32469918606836,99,603983
-144.76694461280093,114,604097
-109.99378441694364,113,604210
-244.25752482726148,85,604295
-123.15451266721988,75,604370
-366.7566904336081,91,604461
-70.66732508613319,118,604579
-87.70367664851237,109,604688
-150.5782118969182,125,604813
-164.74669910784192,123,604936
-162.08419450460204,127,605063
-201.64019836360347,84,605147
-94.16827982220023,78,605225
-101.38503860304729,124,605349
-178.44316216885747,78,605427
-94.12072587026525,61,605488
-101.34682371383035,74,605562
-88.28419854350452,82,605644
-139.7359191239238,86,605730
-132.26742267053572,84,605814
-401.51858458297124,118,605932
-114.47781840921206,64,605996
-69.7104576365592,71,606067
-192.4322477367732,79,606146
-103.10852988668861,74,606220
-108.33644428236569,74,606294
-248.50726761196123,66,606360
-132.10410503120855,72,606432
-154.11380022176655,145,606577
-283.72106127501456,96,606673
53.66482724031131,1000,607673
-321.3697893855281,110,607783
-76.05905557258163,82,607865
-207.6047613116072,103,607968
-73.075881237082,71,608039
-133.59973458305657,105,608144
-190.10615146652881,70,608214
-252.06522037498203,106,608320
-110.56601633587749,69,608389
-133.32431570807847,120,608509
-306.6693109657291,89,608598
-95.03378536693708,101,608699
-199.28406606636528,93,608792
-80.85278765464119,98,608890
-202.68891429058982,75,608965
-227.9136317208782,126,609091
-79.0235877112082,111,609202
-124.38638883005552,101,609303
-46.353161081422705,83,609386
-303.2462581346166,93,609479
-175.1704461507528,84,609563
-291.6255650525942,113,609676
15.019234419612332,91,609767
-179.06707129251328,103,609870
-118.07717180715585,87,609957
-121.83452423192028,67,610024
-104.2473818307724,88,610112
-114.20665044342464,108,610220
-5.082199331063066,106,610326
-404.1472228234376,98,610424
-156.03502310791748,119,610543
-77.35872485462521,73,610616
5.413081553125281,73,610689
-78.52888449320434,122,610811
-132.66676596121795,110,610921
-510.49902711426563,100,611021
-108.12879261992154,110,611131
-124.18626762779635,127,611258
-124.51176169037294,126,611384
-40.73213706937683,123,611507
-280.7794805066161,116,611623
-184.7162920399736,106,611729
-371.9502989388128,101,611830
-160.85637421274276,71,611901
-106.32180810771293,107,612008
-174.95530840870413,111,612119
-86.0104359787189,63,612182
-248.3581620337189,106,612288
-391.46868864284346,111,612399
-147.9846824500006,129,612528
-311.3311784059174,114,612642
-143.285495715754,88,612730
-213.34748737591462,99,612829
-216.58129770452203,124,612953
-117.92637398630046,77,613030
-346.8730331239076,124,613154
-115.57557201142981,67,613221
-198.47516108651268,86,613307
-409.87631115387524,92,613399
-202.70545455014306,127,613526
-230.54438925636606,123,613649
-393.57401447103075,98,613747
-7.1449197660519275,60,613807
-236.63806622581856,126,613933
-282.38385375562746,87,614020
-139.41827924765238,109,614129
-92.57407753245585,80,614209
-189.5384805945767,91,614300
-122.14870383333373,100,614400
-218.04208190436393,134,614534
-107.29005896598238,93,614627
-145.98227165879933,88,614715
-165.84561942508844,75,614790
-188.50152751123994,79,614869
-124.1909213129325,100,614969
-69.21206933405762,61,615030
-106.29861770716317,93,615123
-100.11091814690366,79,615202
-125.19242836257754,94,615296
-129.69491214019914,112,615408
-106.54405273638079,69,615477
-66.6816327848577,56,615533
-338.38756692334823,118,615651
-20.9462107811851,111,615762
-148.76135597311023,58,615820
-213.74626366610036,73,615893
-140.02663172189355,97,615990
-141.50299326400406,85,616075
-93.45136882877439,72,616147
-281.5246293360549,96,616243
-398.8562127328945,139,616382
-364.7343320152799,94,616476
-66.3065125142857,64,616540
-125.00599766145558,89,616629
-110.16420999654426,119,616748
-159.51771039167437,83,616831
-159.29357638365704,100,616931
-16.325206806992,92,617023
-109.98600091302872,98,617121
-109.10842888490866,64,617185
-98.87102377090108,100,617285
-92.96426991503637,104,617389
-81.97233866542452,99,617488
-440.22045448802675,112,617600
-115.45394880956384,79,617679
-133.86323081942857,59,617738
-119.90211483844452,90,617828
-299.9322201227624,125,617953
-292.6456789326435,94,618047
-381.7796750626509,97,618144
-76.30081828074354,76,618220
-120.73367153674786,89,618309
-109.94440410721018,136,618445
-82.42252360938924,85,618530
-290.33421681124787,114,618644
-111.34807594769009,99,618743
-143.75182705878288,134,618877
-360.07169771886083,98,618975
-230.20583939405037,110,619085
-80.6343042536379,74,619159
-124.80790596385839,116,619275
-343.8028562469394,87,619362
-187.60172984391613,70,619432
-418.4590463728023,103,619535
-56.4927315953241,80,619615
-120.74662459131217,79,619694
-192.2506814862241,119,619813
-61.188961437559826,64,619877
-249.28555807521303,75,619952
-81.76897529517066,64,620016
-204.1117752759468,110,620126
-313.29397076700036,81,620207
-161.81681482406427,69,620276
-376.7600983818988,97,620373
-118.40914366874954,116,620489
-182.96567512421566,93,620582
-99.21369914301275,84,620666
-127.26710849406996,74,620740
-187.61844765575984,128,620868
-176.68181704494737,69,620937
-98.64580338850882,69,621006
-105.60134851152503,93,621099
-120.86388102649273,126,621225
-361.7093463198243,99,621324
-606.946764097103,100,621424
-380.8274217721038,96,621520
-263.0187238844809,116,621636
-125.11515201813675,111,621747
-117.644632973257,64,621811
-96.14180221372729,66,621877
-298.2119112650478,100,621977
-84.73231479034283,66,622043
-468.8087369065668,93,622136
-155.68835641137264,77,622213
-283.1813149022204,122,622335
-254.83713644312752,118,622453
-314.33185405221525,114,622567
-399.2312981908981,81,622648
-105.99772393702952,67,622715
-166.52943166171193,101,622816
-306.03100380411684,101,622917
-122.25323482249935,106,623023
-123.32933501381044,110,623133
-115.6904753671319,80,623213
-97.75382771234754,123,623336
-44.31623917665281,66,623402
-83.82976777531701,61,623463
-246.19992945007166,70,623533
-78.89790342492535,68,623601
-384.0937735921446,115,623716
-156.8903166598847,92,623808
-212.3967564498634,89,623897
3.6864394498795434,132,624029
-68.06124645286882,76,624105
-199.02521801779085,118,624223
-152.23095583222607,90,624313
-360.77457351259255,100,624413
-243.98073789868704,93,624506
-369.4351116921766,91,624597
-235.81619281032943,70,624667
-19.353254858286803,80,624747
-219.46268414513938,112,624859
-140.9001459105386,70,624929
-87.44944033333402,77,625006
-145.09929263393025,85,625091
-333.83310066462536,143,625234
-42.364037933309504,72,625306
-196.16898885958304,116,625422
-194.3737490013453,103,625525
-321.63453533781586,88,625613
-155.13419331025983,92,625705
-47.01280549635018,96,625801
-95.33319388999234,75,625876
-76.59732818816448,56,625932
-139.59086396992677,116,626048
-91.3260339380766,76,626124
-129.19199426602347,104,626228
-499.3286728282089,116,626344
-162.5457075057384,133,626477
-99.08535541055916,78,626555
-165.1014593254688,79,626634
-252.30361837879536,118,626752
-104.04522962137811,92,626844
-65.49904055687796,74,626918
-305.362366053033,93,627011
-388.28942003003317,80,627091
-93.65336658552694,62,627153
-5.161171711827066,79,627232
-137.20130094578835,80,627312
-383.48845275448014,117,627429
-259.0153644486364,125,627554
-301.51069918023654,125,627679
-226.18452406250572,97,627776
-153.74180139419104,113,627889
-260.0775066539786,152,628041
-104.34945087353094,65,628106
-210.7482214608249,111,628217
-84.94614512387467,64,628281
-85.34413262591771,108,628389
-422.4388151202748,109,628498
-109.48579054233547,72,628570
-96.78387772066957,62,628632
-292.5755529859863,115,628747
-138.75946627472297,95,628842
-161.35730889692118,143,628985
-347.9576866753266,96,629081
-135.3081554161102,111,629192
-112.5831685370653,100,629292
-189.1932109915208,90,629382
-382.45630287799287,116,629498
-120.20193997270505,77,629575
-122.40363099306055,62,629637
-99.02187639514477,103,629740
-108.76208944837624,78,629818
-91.61864265929556,74,629892
-88.07707067561836,103,629995
-157.28434154769133,131,630126
-170.92928373072036,118,630244
-257.9395480725534,145,630389
-253.81937715748012,89,630478
-121.23325280437163,67,630545
-149.58823541027957,102,630647
-153.3955780488722,63,630710
-188.61200123661067,117,630827
-146.24020262587078,107,630934
-152.9737611637995,100,631034
-212.98312992031816,150,631184
-334.7943698528626,100,631284
-102.6136475608173,78,631362
-109.5387840764921,89,631451
-94.126081492142,112,631563
-433.79883095121215,105,631668
-263.9892118689954,95,631763
-52.080474073831255,65,631828
-169.0400993294038,117,631945
-367.38040772305817,91,632036
-247.4889323677103,86,632122
-136.3564463076262,63,632185
-440.07902782320076,92,632277
-77.70526355310952,56,632333
-90.95746132948716,95,632428
-97.48994899271999,75,632503
-120.84463572740279,115,632618
-316.48367122616906,87,632705
-166.9724776098859,103,632808
-122.17045677679752,107,632915
-342.5376557915907,94,633009
-87.39028704007043,81,633090
-138.76096869620673,130,633220
-172.99728561708343,62,633282
-371.1056375747212,91,633373
-344.6241125414019,118,633491
-85.16801949124027,79,633570
-286.38669527887794,113,633683
-46.0045147252221,113,633796
-67.69088166171707,82,633878
-136.5673734431041,85,633963
-141.95208452930976,98,634061
-332.14043971519334,113,634174
-71.11142705437663,66,634240
-280.7706524099673,65,634305
-192.8517284927579,76,634381
-106.63631064951471,80,634461
-85.38721047656736,102,634563
9.175065481625765,98,634661
-251.53920208468597,79,634740
-194.43224293179003,146,634886
-71.09208921438359,71,634957
-301.4424815674257,123,635080
-425.74591930260664,143,635223
-528.4729433769282,111,635334
-228.5830098758114,117,635451
-60.99018870310205,79,635530
-330.27517960365554,115,635645
-111.55100553436908,73,635718
-101.76190243125951,93,635811
-133.77408050374308,97,635908
-189.57878466089176,73,635981
-109.24151561573854,61,636042
-287.4384914617383,97,636139
-160.3646957281406,107,636246
-106.44910564872534,70,636316
-137.16688401954866,65,636381
-149.03299115155136,89,636470
-210.9758018938992,76,636546
-131.890334403752,74,636620
-106.74870238667579,78,636698
-102.58900494190343,75,636773
-154.8022498603122,79,636852
-431.76388213073693,103,636955
-81.56497004175712,76,637031
-188.8413555433534,72,637103
-225.16698714166142,74,637177
-168.0409756196237,102,637279
-389.78260696863083,93,637372
-172.27275620752758,101,637473
-87.07021075588591,72,637545
-137.97573936181834,91,637636
-106.3726501694016,107,637743
-136.34237622677188,66,637809
-502.4288913810825,113,637922
-137.05010294089158,76,637998
-111.20600345941583,109,638107
-115.61749948789105,85,638192
-90.91734756398297,75,638267
-120.39199392503073,92,638359
-504.8114976976505,102,638461
-90.5394498336173,75,638536
-92.12677298274954,68,638604
-276.1779884707141,105,638709
-55.15511926667476,96,638805
-280.14372159742084,103,638908
-557.4304278125071,111,639019
-450.1806534577054,91,639110
-278.49738109586974,113,639223
-28.743864107971234,117,639340
-120.38039668839059,93,639433
-276.6610692057541,104,639537
-113.74159879192304,64,639601
-132.80482491762754,96,639697
-102.98508638747958,94,639791
-456.593040598403,110,639901
-252.3812145205248,97,639998
-362.9267588360924,86,640084
-39.01439880297417,103,640187
-71.01130591373773,72,640259
-151.81590755057243,113,640372
-302.72202676036824,102,640474
-276.175563741533,70,640544
-178.83949234879498,74,640618
-321.8935427179375,97,640715
-64.5187963617193,58,640773
-94.39494327018087,105,640878
-166.85891348745534,109,640987
-352.5898281495068,94,641081
-274.18569380441875,115,641196
-176.73858269559648,68,641264
-179.27432804674015,63,641327
-421.7528630715898,101,641428
-365.4362252413913,115,641543
-196.6270618738103,83,641626
-378.61911038939394,96,641722
-125.2086147709598,99,641821
-206.28280136667678,102,641923
-198.5898125292403,78,642001
-163.00528813221518,92,642093
-128.9184188648211,76,642169
-163.57343343601536,76,642245
-40.17788206506364,97,642342
-132.95851062764302,100,642442
-33.137892714298886,83,642525
-180.37520355552545,79,642604
-115.79724445226503,70,642674
-70.33647549226947,78,642752
-209.45920471090642,103,642855
-65.78249159601286,62,642917
-113.24245232277934,70,642987
-137.99593672739542,96,643083
-141.01721253815487,72,643155
-243.95088840448074,111,643266
-171.6623651753364,96,643362
-199.44362334041242,85,643447
-481.54584214529604,109,643556
-91.82693487432623,112,643668
-99.87474974884309,79,643747
-287.7471211029881,117,643864
-112.54896605226317,75,643939
-105.7423652770639,69,644008
-170.62605588938516,63,644071
-87.2170237949801,69,644140
-206.1781512130189,140,644280
-124.14742175671958,115,644395
-6.455428678691831,92,644487
-345.75876033506813,118,644605
-293.8512706592793,94,644699
-159.9959140234567,94,644793
-227.8823951619757,105,644898
-287.3787114051264,82,644980
-349.3919871470077,120,645100
-77.34779939516564,121,645221
-152.08487240252123,108,645329
-101.64815161519236,81,645410
-119.13852753497594,97,645507
-137.43857805124907,139,645646
-169.03609033946003,91,645737
-127.79439642357951,97,645834
-96.37861755869972,58,645892
-192.5755420533194,111,646003
-74.63256655382617,91,646094
-60.43992923028285,79,646173
-145.07864524978328,69,646242
-96.25467351207294,65,646307
-212.51389722338044,80,646387
-108.11848525753112,83,646470
-136.08320740280828,98,646568
-99.49331459523934,132,646700
-69.8274623083918,61,646761
-55.352997053017646,61,646822
-296.94712033866176,74,646896
-103.47010377930879,77,646973
-554.1249899013155,107,647080
-368.6142910151208,99,647179
-147.78894160434186,90,647269
-211.08909928113314,77,647346
-74.62376752804303,70,647416
-141.9651251558123,106,647522
-143.88974876745462,108,647630
-109.92244702604192,61,647691
-297.82374485761443,88,647779
-12.973415732278028,108,647887
-60.79709772844835,67,647954
-127.64173791470694,105,648059
-136.93362181733653,121,648180
-13.016060247394634,68,648248
-447.9633231492606,111,648359
-402.0517417830017,93,648452
-324.5703409978528,106,648558
-268.8131125094611,92,648650
-413.665572864305,79,648729
-309.03717511171067,72,648801
-279.1304951412953,119,648920
-237.88850036668978,110,649030
-96.99425330071165,123,649153
-20.943668040273252,118,649271
-271.6675879745719,71,649342
-98.14990925195069,111,649453
-312.4784103580678,96,649549
-176.39421168518038,117,649666
-145.14300526167628,90,649756
-30.47340834353747,139,649895
-193.25897775062828,114,650009
-212.5925070592968,84,650093
-352.15586388079055,94,650187
-85.31596190285106,140,650327
-238.10450898726512,78,650405
-331.1628821523261,83,650488
-134.61810293675993,77,650565
-146.82971780834612,71,650636
-132.2644366377966,59,650695
-109.45135808702261,137,650832
-300.85695451339745,134,650966
-368.2503453523846,93,651059
-97.86078150271668,79,651138
-259.9136785428915,110,651248
-188.3545665126253,63,651311
-7.49274999349538,93,651404
-137.35542561312974,91,651495
-92.29745779152539,123,651618
-149.7107293300389,98,651716
-100.33256768433745,62,651778
-337.38097870700653,112,651890
-235.7289721057946,76,651966
-357.9429187718443,89,652055
-65.72852603953777,71,652126
-120.46891907201916,125,652251
-176.7854163104451,75,652326
-79.93305441380826,107,652433
-134.9108828370765,120,652553
-109.1237414497186,103,652656
-106.74587038294185,110,652766
-111.3776511572093,80,652846
-302.49364387084415,78,652924
-297.75566446151856,109,653033
-407.9519714560806,96,653129
-189.73207189486266,127,653256
-170.72791147449647,130,653386
-115.41424775236771,85,653471
-374.85860432094586,139,653610
-217.0079431897904,69,653679
-184.1416525849436,87,653766
-167.51334807886522,88,653854
-109.74973316766084,79,653933
-148.46633193944297,74,654007
-172.8804607263757,97,654104
-101.59582105861344,67,654171
-100.64369951641281,89,654260
-85.08310881044953,96,654356
-107.76413937906004,94,654450
-202.425509996933,110,654560
-108.44926879740817,118,654678
-96.38648152905145,66,654744
-134.0833659933751,92,654836
-121.91052751882663,79,654915
-16.30518528754726,103,655018
-108.95156958461837,122,655140
-82.11920410702601,99,655239
-271.38050712653273,93,655332
-235.80222650452214,78,655410
-348.1222386768675,116,655526
-98.34990444563586,100,655626
-201.0049943637335,130,655756
-149.98569604450765,110,655866
-253.48428891460446,107,655973
-104.64043245174948,71,656044
-112.16401363686697,94,656138
-155.9308716731668,110,656248
-94.81895360400178,66,656314
-84.73674113203151,108,656422
-102.57533717186462,74,656496
-145.04427673102964,78,656574
-500.81332716531637,110,656684
-75.42319989677952,61,656745
-144.81965041369426,91,656836
-316.1453695635441,72,656908
-189.1664640016147,75,656983
-468.87594672254795,84,657067
-370.1477743497637,110,657177
-236.59572228869902,87,657264
-66.79411762250017,69,657333
-95.56537785696884,73,657406
-173.37668373817536,83,657489
-135.82417702924886,65,657554
-254.04723866160208,115,657669
-105.66879013091656,71,657740
-346.9218574837281,104,657844
-424.2334748424923,95,657939
-109.44900298882023,66,658005
-170.57184669348374,78,658083
-90.84526605352323,63,658146
-407.5084979495953,93,658239
-362.6098258350006,74,658313
-136.44800464080052,89,658402
-80.40176614352274,66,658468
-199.84898560294852,106,658574
-120.1621294435522,74,658648
-115.48672958267791,81,658729
-82.6695366086229,79,658808
-242.49905714046562,89,658897
-121.21335947740697,71,658968
-158.19991954595037,86,659054
-194.48053918868013,82,659136
-103.22457692852346,78,659214
-323.1568048032626,121,659335
-86.83093562229703,76,659411
-127.28631769462203,97,659508
-71.65867634985104,64,659572
-78.48416140869169,95,659667
-228.63704162538534,84,659751
-340.6576553847757,71,659822
-266.03506573373215,106,659928
-166.6485710221324,73,660001
-297.7815374942005,117,660118
-159.92588413129124,94,660212
-39.21571310115547,142,660354
-136.8766968230084,95,660449
-115.67558236657717,103,660552
-155.97164183696339,88,660640
-361.4060305281123,116,660756
-197.48022757123033,87,660843
-94.71872378339768,82,660925
-238.65839658855052,98,661023
-141.31156827659925,87,661110
-319.69137815255914,76,661186
-361.5390025952711,95,661281
-211.5672752567279,118,661399
-74.56593449196053,75,661474
-111.85288001486303,61,661535
-126.75310859584033,66,661601
-85.98648249563712,105,661706
-119.92842086695187,67,661773
-114.99988154456061,91,661864
-95.12737496089319,76,661940
-183.6596557157913,114,662054
-413.71136924962724,100,662154
-86.32772885530801,73,662227
-120.13221166987006,76,662303
-250.30505492533496,86,662389
-90.73011170700333,62,662451
-188.5347367204089,72,662523
-135.82861058622268,82,662605
-104.68180681545519,78,662683
-140.41522429152286,70,662753
-243.50875095931036,79,662832
-212.6217702247427,129,662961
-257.63821117565294,96,663057
-171.25456033089534,91,663148
-83.89313882783392,69,663217
-123.24468367150557,102,663319
-17.267936783286842,65,663384
-536.2779579134095,110,663494
-445.8938603794615,110,663604
-147.1285296290426,141,663745
-123.3845922866094,105,663850
-98.57298651669011,113,663963
-80.58676479247947,57,664020
-108.74763076039858,94,664114
-87.04733695281519,69,664183
-86.67533243313804,100,664283
-115.44069314347945,65,664348
-114.8626937110924,93,664441
-128.6396214501472,65,664506
-87.03204086872975,68,664574
-145.97181703233173,97,664671
-290.69139744073414,85,664756
-330.9100646671412,118,664874
-147.46817180665025,92,664966
-117.64490869171223,80,665046
-357.05502516777824,113,665159
-336.7193402622546,100,665259
-89.93044882120286,84,665343
-119.17062955085969,55,665398
-71.63033132427518,64,665462
-162.72670161354912,84,665546
-369.38825643852533,78,665624
-148.01580906796653,89,665713
-392.1750598280135,118,665831
-140.44189888600172,92,665923
-119.89305139999044,64,665987
-204.47299385146212,129,666116
-146.16277575552988,83,666199
-100.72620119351501,124,666323
-478.45097014654215,85,666408
-135.88749385561954,78,666486
-98.30453087250855,84,666570
-180.3427759685069,62,666632
-105.51172167545907,78,666710
-161.50550284861566,120,666830
-110.37169125529739,72,666902
-104.01472241942139,92,666994
-244.3935483255438,113,667107
-90.12776540632609,61,667168
-106.90645422480138,73,667241
-134.98996727668305,80,667321
-214.83845995956636,71,667392
-60.778389185517796,75,667467
-91.0387476223982,58,667525
-104.8156629438419,81,667606
-157.04823433978999,78,667684
-112.15546063305032,113,667797
-147.93093348295537,129,667926
-121.22919434798372,107,668033
-90.08453655056692,82,668115
-126.12680103126081,109,668224
-142.5529234560699,88,668312
-58.10848907325969,62,668374
-187.1136396548063,94,668468
-242.4557007248063,101,668569
-236.73508168069776,118,668687
-222.59911316752942,102,668789
-146.49015183061437,98,668887
-121.86516818877408,61,668948
-67.44907624310119,84,669032
-245.8241307868343,104,669136
-75.62378006483738,65,669201
-116.46118920920921,130,669331
-130.607759643954,59,669390
-401.8743544951965,86,669476
-164.86473198978922,76,669552
-240.63154698726234,97,669649
-215.0788620133127,122,669771
-15.022408455375725,95,669866
-47.628700240388,57,669923
-255.91314406037694,115,670038
-247.64260819718587,91,670129
-58.80333589220753,75,670204
7.712460224776635,107,670311
-80.20980191114018,63,670374
-354.52102251018243,105,670479
-190.5197052103847,67,670546
-237.29205343062574,108,670654
-322.5059567661325,92,670746
-184.15739379380344,102,670848
-130.56736660418215,105,670953
-365.9969851195025,96,671049
-108.24266177311677,86,671135
-112.14070945514632,93,671228
-120.77576178418941,106,671334
-136.42232917510742,80,671414
-274.9139044187697,93,671507
-198.3562522541115,109,671616
-109.7270480679978,59,671675
-252.25062646983676,76,671751
-163.37877275431617,98,671849
-155.88061117614848,106,671955
-296.3646326397094,63,672018
-107.67875580510581,76,672094
-115.20124273393638,72,672166
-82.62233485214202,72,672238
-214.09898931743814,94,672332
-339.36863565069405,108,672440
-72.82728213920107,62,672502
-180.00846725170157,117,672619
-142.21561887212005,105,672724
-330.8496916645081,114,672838
-132.05649777706495,106,672944
-258.2216371049126,111,673055
-64.87566681633817,62,673117
-380.63008934953666,130,673247
-170.42111755262096,67,673314
-111.86657937280052,78,673392
-61.122722080301735,67,673459
-280.4603622937452,107,673566
-347.8584150879814,102,673668
-201.5831263589637,68,673736
-130.9163613233531,62,673798
-241.49482989206936,114,673912
-213.392077999114,91,674003
-131.49830544114076,122,674125
-269.42518580483204,87,674212
-364.70364835548844,103,674315
-230.63761224916502,105,674420
-176.4975643467839,94,674514
-233.11350315522233,84,674598
-107.47084950396508,84,674682
-453.4112803453175,103,674785
-504.9090337172107,98,674883
-124.50916666688744,68,674951
-310.53507131515664,120,675071
-112.00556190685053,84,675155
-229.36564845327547,77,675232
-161.97000691359943,65,675297
-64.5446587584378,127,675424
-159.62420014921767,118,675542
-215.1538488084674,102,675644
-444.7921734574426,101,675745
-166.52454703504517,105,675850
-109.65359700006087,92,675942
-231.4644715902396,90,676032
-71.39385258873268,76,676108
-276.72599169683843,109,676217
-190.2639406137106,64,676281
-491.6240839620476,94,676375
-80.58843899430681,67,676442
-276.70996517853087,99,676541
-175.1929212461996,73,676614
-94.92949509564359,62,676676
-95.66112042472699,79,676755
-350.04598812415236,106,676861
-191.13615302338067,90,676951
-108.28494690309975,88,677039
-145.86603341407456,88,677127
-98.08443659258901,64,677191
-115.08727241781945,87,677278
-98.01178066038595,87,677365
-118.22427092442126,76,677441
-221.26083291751183,77,677518
-322.01589475687314,110,677628
-56.78099188839661,147,677775
-223.75743615004188,118,677893
-154.39846891392588,115,678008
-287.79756616577697,73,678081
-128.55306681279183,89,678170
-100.42288968993364,74,678244
-81.27979063327214,109,678353
-119.2534959879986,90,678443
-399.7584135513599,91,678534
7.603918351521642,127,678661
-177.57102923462656,59,678720
-311.93289093993224,114,678834
-130.4898090663515,82,678916
-267.0090884320457,120,679036
-153.3721576517599,98,679134
-159.1194616086625,90,679224
-220.85580498788693,71,679295
-431.40358120696254,118,679413
-135.8691971738856,67,679480
-96.26635437397931,123,679603
-99.22948656773391,67,679670
-216.5298255419026,112,679782
-293.76861754286153,70,679852
-305.67857232747383,115,679967
-254.86982956201788,64,680031
-179.61476779504488,97,680128
-208.13053087301017,91,680219
-360.71362659521094,101,680320
-273.648806769639,96,680416
-258.3995980507982,97,680513
-30.08799465680997,78,680591
-61.3073566095868,94,680685
-88.32697314663424,61,680746
-191.01965138578893,101,680847
-196.79337272308993,118,680965
-236.80392230376344,104,681069
-425.476294497384,102,681171
-229.54823633169522,102,681273
-129.00902952425338,85,681358
-114.31265538029047,107,681465
-78.15226399942625,103,681568
-82.00038205648272,98,681666
-354.5071320638299,96,681762
-52.10606534238164,64,681826
-154.11923403588983,120,681946
-113.2961833052237,61,682007
-79.28999366348235,109,682116
-253.95290981088155,80,682196
-132.75919669204686,110,682306
-96.74521813951267,79,682385
-108.75375732766544,59,682444
-134.63092512705936,95,682539
-388.9536231977992,76,682615
-261.7754727963443,72,682687
-281.1294427387884,81,682768
-327.70432793332213,96,682864
-243.2114195528112,142,683006
-165.5132680578968,70,683076
-148.89723398660385,111,683187
-228.65844490499873,114,683301
-103.86993475427631,88,683389
-118.25177324574179,122,683511
-279.65019908536885,90,683601
-134.30760660813172,90,683691
-320.6309205818612,97,683788
-284.8625499184741,102,683890
-316.42307417917294,100,683990
-209.55026751884688,108,684098
-114.94094635481616,86,684184
-177.5133073428587,83,684267
-232.03595602104326,106,684373
-408.83380978548644,110,684483
-111.67547955675542,96,684579
-337.8929313608755,111,684690
-135.2118020493384,95,684785
-184.31341818837092,65,684850
-210.20175561931694,73,684923
-97.06517449393509,113,685036
-122.65182435735858,83,685119
-110.6209619836611,78,685197
-431.5781273527643,121,685318
-166.96280121142448,106,685424
-144.96710040086637,100,685524
-111.73531046392193,58,685582
-105.1882268920614,82,685664
-400.5426853377083,92,685756
-103.67932768353323,113,685869
-292.1029301862691,85,685954
-156.41246535289582,73,686027
-132.0003904234958,63,686090
-357.6697350010281,126,686216
-67.11194422162616,74,686290
-263.53906679161867,97,686387
-303.5621467393954,92,686479
-214.15781367293891,79,686558
-87.0291101351705,72,686630
-187.60762686070143,139,686769
-91.39374783337178,69,686838
-147.89220334435197,77,686915
-151.42202549997958,98,687013
-381.70436527244317,110,687123
-104.27374534499153,127,687250
-83.28176443304403,67,687317
-86.04369522809469,76,687393
-280.48936663298383,107,687500
-229.16188936930425,91,687591
-141.11945052802338,88,687679
-138.07721318162805,117,687796
-429.0558616916362,102,687898
-274.3779764342823,119,688017
-32.835619539744926,111,688128
-324.01528900225844,81,688209
-89.11772249317893,72,688281
-75.61238201412513,67,688348
-359.523612810754,91,688439
-100.49559365507473,85,688524
-183.5983256800875,104,688628
-279.1024023521113,95,688723
-117.99568292314268,60,688783
-323.229636497142,93,688876
-258.2312319581049,111,688987
-179.57310928603357,120,689107
-121.26694402339146,73,689180
-82.68354825860314,84,689264
-436.19413761599117,101,689365
-150.02541381742643,113,689478
-300.6332152053808,105,689583
-329.7145670798054,114,689697
-121.06829555578601,84,689781
-146.34360351345313,72,689853
-334.54959995967664,94,689947
-57.105863471209496,106,690053
-136.41063176417,128,690181
-392.34825371286723,82,690263
-209.8527802959988,78,690341
-117.7953219608576,90,690431
-103.58275092608471,94,690525
-81.13720824958153,69,690594
-109.14037761920234,124,690718
-136.1568260186759,96,690814
-185.9363215800544,89,690903
-198.01096313702678,58,690961
-252.51856455752403,108,691069
-233.7986859228893,108,691177
-223.51758401523682,96,691273
-166.79722756583266,116,691389
-88.71918116136695,87,691476
-110.93806632814024,98,691574
-94.5012295213228,67,691641
-267.22268998548554,92,691733
-344.9066894523353,101,691834
-106.3357036958651,69,691903
-152.65295270579375,100,692003
-110.13059915043726,82,692085
-173.80278515160018,84,692169
-200.08627766843648,68,692237
-309.3015036556524,122,692359
-138.89704095794852,100,692459
-112.4801121029908,129,692588
-385.41640880682775,96,692684
-141.35914801980024,138,692822
-319.5986086653885,108,692930
-292.74529252926834,104,693034
-266.55086011247477,113,693147
-92.67224888095154,65,693212
-72.31489757342896,81,693293
-134.91700464814764,67,693360
-214.3181054224843,126,693486
-126.92919917979202,68,693554
-96.80492824250811,69,693623
-413.2339617440843,108,693731
-104.4905627917268,72,693803
-122.85156564358132,105,693908
-187.83328626450373,90,693998
-125.15026598817303,87,694085
-209.61625672959735,105,694190
-106.5826694291665,67,694257
-226.87995618799957,103,694360
-101.10390849179392,90,694450
-192.43496446187737,96,694546
-71.25666407180067,70,694616
-172.52701108833162,108,694724
-190.970727056524,106,694830
-146.18589128673813,93,694923
-285.3906543348893,100,695023
-225.56800881556782,102,695125
-23.185087622408872,65,695190
-394.42765213511694,85,695275
-181.57899115320555,78,695353
-214.2338885411258,124,695477
-67.1101138814333,92,695569
-66.93406145060841,78,695647
-99.33303668859448,62,695709
-244.068664163493,119,695828
-158.96085244864557,95,695923
-77.62756692669893,74,695997
-136.12467813604573,66,696063
-83.92867425658709,71,696134
-173.0434407228836,69,696203
-147.4265947894874,81,696284
-237.62628850553637,105,696389
-78.53882393836498,71,696460
-290.1642030445462,79,696539
-263.2596496749154,131,696670
-112.23131305917626,134,696804
-267.9530222385467,75,696879
-113.0090437084407,72,696951
-94.73305163910011,82,697033
-124.06895275375597,91,697124
-113.44138491271275,77,697201
-274.6664105257684,95,697296
-126.27250325037006,106,697402
-223.54295126693665,111,697513
-84.36842066657744,67,697580
-526.9342972757862,101,697681
-168.04455826794037,69,697750
-144.60194703094223,125,697875
-115.8624700961146,94,697969
-95.5580608554457,77,698046
-8.204200974711185,102,698148
-403.7717650441056,97,698245
-192.5245588777633,118,698363
-123.4582929455004,91,698454
-243.16477278080103,110,698564
-30.10337890273921,120,698684
-69.02048001112148,65,698749
-124.64862755482045,60,698809
-53.5563518715678,72,698881
-317.7604594101185,100,698981
-149.26390128948742,84,699065
-95.99522088213904,74,699139
-108.14552022680402,76,699215
-36.51382882158751,118,699333
-209.75479737966495,96,699429
-312.96132965570916,103,699532
-99.39361485361032,90,699622
-228.62033330684832,110,699732
-84.74361773079399,77,699809
-96.64424643417648,94,699903
-95.83809354969516,73,699976
-132.8936904025269,100,700076
-383.17446672817624,125,700201
-236.90442066305047,105,700306
-221.51718093418845,102,700408
-288.4359881420078,88,700496
-333.8965605763362,78,700574
-422.0617598629767,93,700667
-411.8991799326031,114,700781
-135.9913763207652,131,700912
-116.19916317255655,133,701045
-153.49598385442607,128,701173
-143.24085511571684,87,701260
-137.48396638069607,67,701327
-104.75442568813563,89,701416
-167.75684346240485,88,701504
-89.57084795905386,71,701575
-133.70417045711514,88,701663
-230.19442144045033,72,701735
-199.34416402513068,87,701822
-267.26636548675606,126,701948
-110.05968638079167,86,702034
-111.14269954620994,90,702124
-146.8735531672543,103,702227
-112.0515499802172,84,702311
-212.45327044869694,106,702417
34.23479808328284,80,702497
-85.33626093452594,71,702568
-216.00656821420472,97,702665
2.0438232372153067,88,702753
-247.8630301037996,152,702905
-112.87832773138268,99,703004
-119.78672771595102,68,703072
-121.11289266374014,89,703161
-121.56281151892681,94,703255
-376.79613486051426,124,703379
-82.11104359485009,89,703468
-130.8710041009768,93,703561
-94.09978562913882,77,703638
-282.9058259162272,87,703725
-109.21659144939196,61,703786
-288.7938907887684,75,703861
-162.97790812102141,108,703969
-221.23914322340337,83,704052
-104.44282851362524,107,704159
-204.8551241511272,119,704278
-190.0703359507939,68,704346
-245.67663185343147,114,704460
-122.12003436091473,89,704549
-174.06639046239735,85,704634
-88.96430305252942,73,704707
-135.7578329662463,113,704820
-110.9006265744083,70,704890
-153.83820938768673,70,704960
-178.15850591886078,111,705071
-375.6658091161403,90,705161
-89.25423016015856,84,705245
-61.87812411656553,67,705312
-161.44659328188965,88,705400
-71.48148986508325,72,705472
-225.64280250812806,103,705575
-28.478294358530547,101,705676
-481.3364287840129,116,705792
-164.3991643442527,83,705875
-100.31276344866225,88,705963
-95.84436023711326,65,706028
-89.23069198828448,63,706091
-2.8636270751934774,127,706218
-114.62843950906205,80,706298
-132.80677474910894,102,706400
-37.664850767104184,65,706465
-169.98165487163567,119,706584
-377.3572007659699,90,706674
-124.34299765147236,94,706768
-99.57247790327796,110,706878
-235.87186811002013,83,706961
-172.80351896969177,96,707057
-133.86692781849987,132,707189
-276.32057885504827,116,707305
-130.4787314036692,100,707405
-109.72352555741037,85,707490
-132.76351035160258,118,707608
-60.027072849534385,88,707696
-115.92427714988649,107,707803
-126.21606552710553,101,707904
-177.45149709973552,111,708015
-105.63983281053603,100,708115
-73.9360141775595,66,708181
-312.08826320051253,80,708261
-395.1561065191651,96,708357
-210.1960552718508,128,708485
-306.37185861005105,108,708593
-87.85036064294152,88,708681
-449.00886957143587,144,708825
-269.42789011102275,126,708951
-409.0923871714088,123,709074
-199.5751177683518,69,709143
-104.72381745376725,59,709202
-99.206700975202,83,709285
-291.8024371396374,107,709392
-119.31032645920791,94,709486
-267.81049796974946,114,709600
-105.37460563447962,95,709695
-399.2496742478381,104,709799
-285.6842199208729,109,709908
-141.39298264573893,87,709995
-134.19322661716376,65,710060
-87.02172443742793,92,710152
-279.16106888890636,84,710236
-110.49923228140872,65,710301
-119.41746829378914,87,710388
-75.51781986377017,75,710463
-203.4578053629341,72,710535
-132.64589119031558,76,710611
-228.815337884282,100,710711
-373.40739852916596,139,710850
-152.22247630941752,70,710920
-279.08283766268926,98,711018
-88.40762379242165,75,711093
-185.0373197507452,87,711180
-257.6366371823815,106,711286
-378.8488805911619,92,711378
-154.1271206570034,79,711457
-383.9775811553313,110,711567
-137.0311085127199,76,711643
-95.05724867670077,116,711759
-72.36681101673578,76,711835
-134.3774597915952,76,711911
-237.3347993932604,107,712018
-135.58185017094357,130,712148
-176.5607069009812,73,712221
-75.98885759471628,91,712312
-240.90052722164424,73,712385
-230.8814862848549,92,712477
-170.0266437254836,81,712558
-280.8212848594246,94,712652
-181.1847043977159,62,712714
-193.89925528217975,84,712798
-470.98736589513624,91,712889
-316.1826680150251,93,712982
-113.75718477297661,132,713114
-238.56581412617484,98,713212
-167.9732652900629,67,713279
-355.16182959648137,73,713352
-124.45707162187355,85,713437
-118.66710181985005,93,713530
-108.13206292126738,63,713593
-106.92674110687288,76,713669
-228.1381536930567,82,713751
-204.9926402199453,87,713838
-230.53662484184898,101,713939
-176.59570789537813,91,714030
-105.95865427355372,83,714113
4.965222030064638,124,714237
-156.1922112478735,74,714311
-349.17529808448774,91,714402
-106.6978697714597,66,714468
-211.69514363658715,81,714549
-293.20060579660026,108,714657
-509.8107572430271,109,714766
-161.51047702110225,108,714874
-91.7624554050509,130,715004
-169.32266508392058,99,715103
-127.22978881617703,58,715161
-205.89497013302184,78,715239
-152.41315443834958,105,715344
-77.9314858531032,68,715412
-214.4038312017804,120,715532
-110.42553592474238,108,715640
-270.23743191179216,91,715731
-63.71522524668613,85,715816
-374.89388433431765,106,715922
-109.36658992876838,98,716020
-118.14541165897135,114,716134
-199.4436362128163,123,716257
-144.72471451969255,114,716371
-290.13591976324585,82,716453
-235.11111814322294,122,716575
-117.3059290978604,115,716690
-126.50510549852577,84,716774
-25.624543510948996,114,716888
-130.73826313740483,105,716993
-112.18505167674317,66,717059
-259.1776577199565,117,717176
-189.59544823828017,137,717313
-124.88239024842919,95,717408
-157.8650999761309,74,717482
-125.56138847980357,121,717603
-377.19982415744204,101,717704
-338.50668901189454,129,717833
-395.3096929119052,116,717949
-125.90045625983264,141,718090
-109.98381951312808,64,718154
-80.9888379975742,58,718212
-143.50749443773486,85,718297
-83.81484181759352,72,718369
-316.4782473168209,106,718475
-477.1495254389757,117,718592
-111.24894959851628,104,718696
-253.899731329219,67,718763
-207.391244462097,101,718864
-42.79266184528975,64,718928
-53.55381729027119,74,719002
-89.74601123362437,75,719077
-192.61314955986774,85,719162
-113.5939536815911,84,719246
-156.2264045950734,123,719369
-45.346577419724255,107,719476
-236.65878294750843,97,719573
-330.70360514716003,102,719675
-365.67992784034016,125,719800
-112.2489393936843,63,719863
-70.00568617327255,58,719921
-71.49892890192609,71,719992
-40.220881971589165,67,720059
-92.75278065273889,117,720176
-187.64080253234465,85,720261
-127.23779962413305,97,720358
-119.60349313955945,80,720438
-158.93788820801893,118,720556
-123.51401568649379,71,720627
-317.56070288289186,104,720731
-369.61129221919896,98,720829
-115.63693662024349,88,720917
-101.10710060558186,75,720992
-192.68018394360047,68,721060
-285.4333104449179,105,721165
-154.26943815724135,102,721267
-106.88818324327951,107,721374
-255.77737298127735,97,721471
-122.03388797553538,63,721534
-239.86099578609225,121,721655
-262.70389068086735,127,721782
-250.43219466054927,68,721850
-145.49197163709198,120,721970
-70.49673629045587,59,722029
-148.95032635179587,114,722143
-143.1074055623102,71,722214
-120.74705471799025,70,722284
-144.05704777683326,143,722427
-112.48338656551473,87,722514
-124.34308919810641,91,722605
-450.64667815565394,100,722705
-193.77986594663537,59,722764
-104.210730919948,77,722841
-350.4535703078082,88,722929
-442.42360821946266,94,723023
-109.61068044041805,103,723126
-77.412474885335,77,723203
-343.5512394082534,78,723281
-153.19801688319149,95,723376
-104.91435500307865,63,723439
-117.15486995269774,86,723525
-84.94176419398555,67,723592
-150.64915848243191,72,723664
-144.81184631412413,95,723759
-186.78504772284896,89,723848
-80.83670342600932,89,723937
-252.25658767034201,82,724019
-323.5447233499377,125,724144
-119.0032163538128,65,724209
-294.9635389489006,114,724323
-248.5160179236483,94,724417
-313.2707209951881,74,724491
-114.92233101141632,104,724595
-108.62796602009786,83,724678
-113.80898813205357,85,724763
-96.47779179445054,67,724830
-97.7100167804395,97,724927
-132.72587553871767,125,725052
-420.37429640236877,104,725156
-200.94922425712082,70,725226
-95.80419447051558,62,725288
-178.61208638964555,111,725399
-93.84142729148984,74,725473
-132.44585445421808,115,725588
-363.37990414978606,78,725666
-111.27638216700204,67,725733
-349.651693130349,93,725826
-325.76217876468996,98,725924
-64.62304978520103,74,725998
-92.90565068093437,74,726072
-119.2592285335634,82,726154
-292.93592183502153,151,726305
-181.2141034595888,85,726390
-122.3427330019513,98,726488
0.4924069046683712,115,726603
-168.15431039095887,117,726720
-70.86667361731602,75,726795
-166.73298223621657,112,726907
-129.70811508613735,60,726967
-74.9406116425557,65,727032
-204.14051461422298,123,727155
-169.5543749590932,122,727277
-196.7470158943113,104,727381
-108.85627689881471,95,727476
-88.36183103225443,66,727542
-242.7963436076379,85,727627
-156.5087731537567,85,727712
-342.7910998828366,77,727789
-304.77868688132764,108,727897
-158.11277218060349,79,727976
-317.6930030094263,99,728075
-169.4974179276471,91,728166
-115.05957408087497,147,728313
-251.45301454611558,82,728395
-286.29813168736234,109,728504
-196.84654719416324,151,728655
-107.89781682436603,86,728741
-22.55862437639,104,728845
-8.09811638823173,81,728926
-92.0677998569747,75,729001
-243.30821768800547,94,729095
-102.1539733213592,72,729167
-333.15093767120754,90,729257
-138.63686202481784,96,729353
-81.5930335908034,57,729410
-158.72845652307592,59,729469
-85.84379850105269,95,729564
-97.68402866808823,71,729635
-134.9423410627149,75,729710
-235.34755500295674,102,729812
-98.84689791521346,61,729873
-112.18064708418324,103,729976
-110.05682286786667,129,730105
-294.09310409859654,105,730210
-234.84204255422912,88,730298
-453.51454989949116,82,730380
-326.2353230084374,108,730488
-47.47238624364569,62,730550
-93.68343969022355,63,730613
-178.3565227270092,113,730726
-223.1986265144546,94,730820
-371.34694010450335,97,730917
-167.96085907954102,81,730998
-7.2180652669593,71,731069
-389.3169560598894,124,731193
-256.7156438926677,104,731297
-98.71441003418504,63,731360
-147.42585480669743,89,731449
-173.55466212504228,80,731529
-344.52037775428266,67,731596
-59.5144821644701,65,731661
-171.88385197557773,75,731736
-142.08557689563278,110,731846
-184.97502527848167,88,731934
-66.18195108084026,127,732061
-97.68870090838595,82,732143
4.727347533212324,74,732217
-220.75053590441644,75,732292
-128.81360046926,106,732398
-160.65971561956673,60,732458
-216.56809981334857,83,732541
-281.9882348012979,108,732649
-246.90336066400775,110,732759
-74.39002238453044,61,732820
-234.33537083815864,123,732943
-232.56268341171597,131,733074
-138.02703563463027,95,733169
-166.58256567935123,88,733257
-500.86461538595233,107,733364
-130.82705400135717,110,733474
-147.29030843648601,121,733595
-109.26553112172692,72,733667
-199.09936168791342,105,733772
-90.05031240320233,66,733838
-183.62779754119944,121,733959
-193.49130507043236,94,734053
-271.94797264589425,99,734152
-169.34315403704863,80,734232
-157.26004211443706,70,734302
-172.7582892084856,80,734382
-147.36205410710602,97,734479
-152.04505676371053,117,734596
-213.79540562422653,115,734711
-244.45379452499012,102,734813
-131.42720787117037,125,734938
-114.0457050734865,87,735025
-95.253683151409,107,735132
-331.7147350812074,94,735226
-274.49783160588913,99,735325
-131.49176278745597,85,735410
-144.36214198996788,63,735473
-91.15500245911123,99,735572
-57.43212039744322,122,735694
-349.2496534942962,87,735781
-306.14065398904756,105,735886
-132.0978039716414,75,735961
-217.661889546149,90,736051
-98.65718711280235,89,736140
-121.63148744983249,99,736239
-358.02664369581277,94,736333
-407.43831526481415,92,736425
-347.30907981009796,93,736518
-221.55883204855462,99,736617
-111.04953819518374,121,736738
-88.40439390546885,72,736810
-192.72147727482383,55,736865
-61.3375271570053,129,736994
-98.9637910900083,64,737058
-120.68489264952578,88,737146
-219.91685347490852,96,737242
-102.51092234390848,97,737339
-186.79743471476712,106,737445
-134.4258074024449,95,737540
-29.87822467902774,71,737611
-131.2776910886635,100,737711
-189.55993278321924,135,737846
-124.0925448153999,109,737955
-75.72483062590749,114,738069
-126.11991854510924,88,738157
-84.02349171466359,110,738267
-243.61798863516373,101,738368
-404.8257261521367,87,738455
-102.01839173582214,99,738554
-190.4744851688136,59,738613
-364.610527879294,97,738710
-80.83801232624461,64,738774
-159.34433157942982,83,738857
-161.48156180216938,89,738946
-97.18678947148585,82,739028
-114.77782461760265,60,739088
-317.4841370617862,86,739174
-86.52831948219355,65,739239
-235.07104164424442,129,739368
10.22329053730573,89,739457
-149.8581336675188,79,739536
-90.34937556582126,106,739642
-146.01753026491207,131,739773
-101.48389701123517,64,739837
-282.3462741658151,121,739958
-80.5207581868853,61,740019
-317.7862753347338,101,740120
-271.1201505212076,113,740233
-76.92287837489789,59,740292
-102.28456499266557,69,740361
-260.0110603084954,65,740426
-140.3611979513138,108,740534
-269.22591853131155,113,740647
-144.33290696492017,71,740718
-339.8539939375111,76,740794
-159.8383493663833,81,740875
5.401116001872651,81,740956
-6.0402283564113475,70,741026
-148.78075744795794,152,741178
-126.57943746143175,75,741253
-293.55303271643237,99,741352
-209.28318457765732,127,741479
-204.26159495974008,99,741578
-146.43646051548137,126,741704
-80.75148312529961,115,741819
-107.70321926071303,72,741891
-174.83849618251384,108,741999
7.071609260900985,102,742101
-266.63420237060654,106,742207
-224.62339014352335,100,742307
-395.33295884492657,89,742396
-1.1289518407259749,109,742505
-85.27081127753372,119,742624
-389.75194428275495,80,742704
-391.2458732047501,94,742798
-402.13187148919343,112,742910
-487.65544939529303,111,743021
-232.22162504867143,101,743122
-205.82291223751434,74,743196
-131.6316075895812,107,743303
-369.37066134480483,108,743411
-87.83716095136947,80,743491
-277.57463491894407,84,743575
-228.74975779804834,105,743680
-100.03248606076099,119,743799
-238.14717565718303,61,743860
-123.53030379272322,80,743940
-359.979081018779,90,744030
-368.43051654351325,103,744133
-410.9023192044737,91,744224
-129.30306316183834,70,744294
-117.62100779370522,68,744362
-113.70957415683502,84,744446
-85.44264534960709,83,744529
-100.66753517996557,62,744591
-314.3696361141132,110,744701
-105.17184787355792,89,744790
-238.1098630567357,81,744871
-248.38181856243972,92,744963
-376.7086918474047,68,745031
-103.07193794194743,98,745129
-213.23855691409273,85,745214
-312.8331241785516,99,745313
-147.14419319348949,67,745380
-74.10337469065891,110,745490
-138.20309946223813,93,745583
-283.84561535304744,116,745699
-107.81662759481851,72,745771
-134.72935144811368,94,745865
-188.1905293722569,105,745970
-132.41450404063633,76,746046
-226.27294660432887,141,746187
-72.63775096145096,63,746250
-135.6942709585977,99,746349
-34.087009627249316,104,746453
-127.84511488670296,70,746523
-123.31169500641596,116,746639
-166.53888002056738,64,746703
-110.6733764142894,74,746777
-222.15471886384387,121,746898
-211.3076206964624,70,746968
-331.6369814230878,79,747047
-118.98458356740875,67,747114
-72.77167533741465,68,747182
-66.0822255826433,83,747265
-102.36890641647284,67,747332
-189.52757637089525,69,747401
-267.73247982432144,127,747528
-171.66667034446914,63,747591
-126.07153114937705,113,747704
-151.37925163442893,71,747775
-95.56109927806109,84,747859
-55.86047425701868,69,747928
-91.94064409965264,72,748000
-79.00053939745979,70,748070
-156.8472797312374,86,748156
-37.03415721239929,89,748245
-371.2598783015641,115,748360
-307.23573684146504,88,748448
-224.3078267907773,79,748527
-557.6556500627894,111,748638
-138.79471767754433,84,748722
-148.57965336848218,117,748839
-72.42579139189347,63,748902
-201.44440878229608,132,749034
-25.73497176181239,67,749101
-189.80971611786595,73,749174
-268.5655542484606,88,749262
-158.4069596026573,88,749350
-109.69978483855499,110,749460
-107.57288027751193,78,749538
-125.06953609638765,109,749647
-77.45095583105514,109,749756
-132.44124533214335,120,749876
-168.89891075188416,86,749962
-67.94029643799732,69,750031
-396.8040743401011,85,750116
-112.85111147874699,69,750185
-214.0000871946166,91,750276
-81.03640246898068,114,750390
-80.77006322102747,91,750481
-112.5035006509963,155,750636
-62.26018531451282,60,750696
-45.279189235358274,73,750769
-154.6924321039133,75,750844
-109.07861747627445,102,750946
-129.1544673644758,88,751034
-114.40987410201568,112,751146
-167.06578726526863,84,751230
-13.93054571125326,76,751306
-152.63208155500664,61,751367
-77.94025874054327,84,751451
-103.51146217147446,56,751507
-232.6213497065566,71,751578
-60.90609721522547,66,751644
-180.11702718365606,74,751718
-79.79769003630683,58,751776
-4.49865259798699,95,751871
-52.630194262228734,60,751931
-278.7847785640341,111,752042
-413.7311863464229,112,752154
-138.9922465554644,99,752253
-97.45944241423237,68,752321
-140.0193234901123,98,752419
-176.3297821917693,109,752528
-381.54620970718656,105,752633
-156.76329297881574,109,752742
-176.25555496828076,153,752895
-107.32302613297483,57,752952
-97.26508083597564,70,753022
-386.98954048107385,87,753109
-76.0989895605903,65,753174
-70.25584224861595,71,753245
-266.4572323015931,92,753337
-104.69919569071725,69,753406
-135.32912042977574,74,753480
-302.0406169827103,96,753576
-352.67406778465136,100,753676
-77.71432428701435,60,753736
-115.13183233982573,114,753850
-266.3776380246138,105,753955
-121.03159850965959,94,754049
-391.4138208831014,87,754136
-334.4129901548802,123,754259
-135.88472542026483,75,754334
-71.64408540853739,63,754397
-94.36965954035782,67,754464
-304.05061405394906,104,754568
-149.69689163201485,73,754641
-288.0388123749618,111,754752
-242.65645192642984,94,754846
-245.22234032527683,123,754969
-126.0115168324139,66,755035
-74.90011435586743,91,755126
-338.8822791460387,115,755241
-411.71467974462837,112,755353
-105.25782545706313,108,755461
-175.8134815420808,99,755560
-91.35377409819372,67,755627
-113.18590525934071,114,755741
-123.90495867325102,99,755840
-257.149657484356,98,755938
-233.1549757898706,146,756084
-145.3233246001647,87,756171
-120.52278585563177,61,756232
-123.58302542363481,93,756325
-229.61180184948867,112,756437
-311.51097936719276,74,756511
-80.67096466544227,71,756582
-124.056679072648,69,756651
-146.74021447661534,107,756758
-294.85114069514657,95,756853
-279.7005137678965,102,756955
-167.25523530528787,73,757028
-301.8663927038009,88,757116
-177.9462770642524,63,757179
-297.9546539930947,109,757288
-135.73265150188675,93,757381
-308.99118483124505,102,757483
-290.67581326149616,91,757574
-334.3221227050921,92,757666
-246.3892455674002,132,757798
-100.03222251507086,64,757862
-88.41946102973961,113,757975
-128.88723961255053,90,758065
-113.05864871905229,78,758143
-110.37113365202896,77,758220
-190.30266535352155,72,758292
-86.17111758198003,65,758357
-162.55530467253791,105,758462
-114.85642095705894,76,758538
-192.59053662459357,101,758639
-126.92963980801753,82,758721
-222.89507274523854,96,758817
-227.96293929959415,126,758943
-131.69214767142898,71,759014
-122.83099255859733,64,759078
-121.2983892788064,88,759166
-112.94646387716658,90,759256
-121.4476766619195,79,759335
-250.0073148254465,75,759410
-91.67248280051679,118,759528
-103.8617470567719,73,759601
-183.86031650505913,62,759663
-68.4380337054874,76,759739
-153.5050087129435,81,759820
-71.35802574603545,126,759946
-86.35387634378259,75,760021
-59.13226495791866,78,760099
-275.8923671584296,91,760190
-384.9510491056035,91,760281
-246.80988719491356,91,760372
-98.47839878938366,64,760436
23.19903913276481,126,760562
-348.43008619021487,121,760683
-703.3004255079018,123,760806
-62.06485880352979,80,760886
-204.72404420989324,125,761011
-267.42944332783577,80,761091
-374.28746303570995,98,761189
-376.96245007139095,103,761292
-293.205998407944,116,761408
-96.63655834264203,70,761478
-92.97327827622777,83,761561
-94.43162868891673,77,761638
-95.69065705178228,74,761712
-181.00309954336183,94,761806
-84.09182593708599,72,761878
-367.5396553504233,103,761981
-118.36583607261423,56,762037
-130.9660457170649,83,762120
-353.1452111850124,112,762232
-100.92318457385672,67,762299
-115.12657728140255,98,762397
-6.577267304683616,111,762508
-64.18950105901217,85,762593
-90.3924389981021,62,762655
-396.6169089937149,92,762747
-54.17164452922063,83,762830
-155.008213536584,66,762896
-169.6396731489536,89,762985
-112.57861278717954,67,763052
-133.6673373241338,95,763147
-195.2853017474714,56,763203
-118.05079001689879,120,763323
-134.39621722139546,71,763394
-194.27864060209333,73,763467
-123.17566963887396,78,763545
-121.62516971482681,106,763651
-135.5190972724908,92,763743
-84.58584130500161,75,763818
-284.7469788478854,127,763945
-90.28723787494445,120,764065
-134.2845496868154,102,764167
-141.24302162637846,73,764240
-318.12857113392744,86,764326
-107.27643188134958,61,764387
-37.85284361837465,77,764464
-115.71664192788853,71,764535
-277.9968921421654,76,764611
-399.4232419380821,115,764726
-206.47991440881464,95,764821
-171.08841432685395,100,764921
-129.41970194368272,101,765022
-100.03569335027207,100,765122
-251.02925513411068,74,765196
-127.37304263246384,99,765295
-189.0616711219728,82,765377
-79.31871815438365,110,765487
-219.84784380394996,119,765606
-79.23939757938534,68,765674
-73.19475728033996,106,765780
-115.61116400200422,68,765848
-89.76405595691489,108,765956
-72.4102650189443,66,766022
-142.37688020854765,66,766088
-90.10434594349613,100,766188
-240.86822343763993,126,766314
-117.79831074734764,96,766410
-172.96208738028545,61,766471
-82.3310119714093,120,766591
-142.6891702704063,125,766716
-109.1239236114208,81,766797
-152.51373529734371,81,766878
-111.83440771840164,83,766961
-183.03445388780023,114,767075
-61.16558227726115,109,767184
-343.57158553979656,111,767295
-102.5692292618144,78,767373
-232.77825746024425,119,767492
-284.476084053515,86,767578
-85.72670837661222,86,767664
-133.98269603271785,64,767728
-139.54009044195902,105,767833
-371.33648263500356,92,767925
-425.9526058298748,77,768002
-197.5632125766692,79,768081
-393.3722893894858,105,768186
-290.1942775498238,108,768294
-203.10428250311685,153,768447
-87.35830458520628,78,768525
-126.81369479809642,63,768588
-234.04691788419947,137,768725
-217.18928313839783,74,768799
-318.11850583476667,124,768923
-195.0382993145305,71,768994
-322.5006713806921,86,769080
-150.529617613706,81,769161
-222.45278144188595,109,769270
-280.53087708515784,80,769350
-77.32477252166419,102,769452
-33.09035204645005,75,769527
-100.3538816427143,76,769603
-125.10120401987079,59,769662
-111.78776997524962,120,769782
-149.52782833601503,101,769883
-136.50598635939775,82,769965
-180.3945335563235,86,770051
-465.9134942616206,100,770151
-285.9282813350825,100,770251
-298.52068517205964,94,770345
-253.12013479925133,131,770476
-256.97150691742434,103,770579
-121.76896056833245,66,770645
-366.6700432049819,116,770761
-203.4155614728157,135,770896
-330.59787133472946,101,770997
-98.55630632819545,76,771073
-84.54855889005798,101,771174
-389.7061649265172,107,771281
-535.0251829919926,111,771392
-341.5118622954562,88,771480
-170.17939419661394,118,771598
-149.32849546418416,111,771709
-321.6134707546596,95,771804
-121.44527633678861,65,771869
-305.6984259918007,94,771963
-307.10443159163447,105,772068
-205.22164476088506,126,772194
-141.83255199414654,87,772281
-256.7859360014608,112,772393
-89.93630505389118,80,772473
-157.711765106091,129,772602
-187.20905934322042,73,772675
-68.80452067251747,96,772771
-66.19969302363228,84,772855
-95.25886848621543,70,772925
-119.4965567405882,64,772989
-169.21100428335876,89,773078
-77.71513791132527,92,773170
-79.5777393605268,73,773243
-4.917989630393421,115,773358
-392.92958590872894,124,773482
-134.0721601337657,94,773576
-83.23863949890075,81,773657
-313.08285246203087,112,773769
-198.01596538180115,88,773857
-128.13218030688824,117,773974
-305.7532914454707,92,774066
-146.15196582459237,59,774125
-142.5372565052864,79,774204
-334.89429188955245,77,774281
-82.3975755762047,102,774383
-294.38205150926524,131,774514
-77.83279997415858,71,774585
-154.61030910386546,98,774683
-118.54257096654035,69,774752
-113.43078456631847,95,774847
-277.0865031425708,102,774949
-470.72447076416654,101,775050
-109.17132678591095,118,775168
-105.91623810911108,67,775235
-279.3041534307874,121,775356
-489.3621014653054,100,775456
-142.34789643030388,139,775595
-48.268689168198826,76,775671
-194.27533350190453,70,775741
-116.04032220595434,73,775814
-34.08623569351886,121,775935
-348.7102922922063,100,776035
-82.22946949186577,96,776131
-50.851497972915766,63,776194
-285.29936502768066,97,776291
6.110888924371224,85,776376
-402.95616927262677,106,776482
-429.5499877426694,103,776585
-110.79356448812308,75,776660
-290.27233499821557,66,776726
-371.05630771020793,133,776859
-57.87500279052088,69,776928
-98.47079047796566,119,777047
-89.58194051295607,88,777135
-180.26759865602594,116,777251
-267.80501605772247,87,777338
-120.98215771673773,120,777458
-183.10110669857312,81,777539
-535.2366640064256,125,777664
-87.92671257847681,100,777764
-105.02677540038016,109,777873
-157.79488973517783,78,777951
-332.9571091163296,114,778065
-72.90925268969369,87,778152
-389.8424660530994,107,778259
-110.78647709741139,119,778378
-262.6179195940126,169,778547
-176.7150748815927,69,778616
-185.2244231058752,103,778719
-121.85185925773241,139,778858
-145.62750612049786,98,778956
-370.34441484370484,100,779056
-476.04298594270807,107,779163
-213.2560765200353,71,779234
-467.40754121643454,91,779325
-146.00229595516464,103,779428
-222.78392182172752,75,779503
-102.84416154367673,66,779569
-174.47178414561648,114,779683
-442.3368841779022,117,779800
36.41684001261012,74,779874
-100.86785724698096,109,779983
-134.14577669461877,91,780074
-100.72532462893031,79,780153
-165.38957845207392,91,780244
-341.7546120755063,123,780367
-111.02737715535798,98,780465
-109.68966456426531,75,780540
-103.06490310052376,111,780651
-309.37094633259824,73,780724
-91.79528030219072,65,780789
-133.24299488200447,82,780871
-76.98854582397115,77,780948
-125.17949033646337,106,781054
-86.6039213714332,88,781142
-82.43178366789105,69,781211
-131.1052793703309,88,781299
-210.87660979633142,71,781370
-253.30463395017574,96,781466
-114.52364015250816,105,781571
-184.7057670343899,77,781648
-247.47837402870712,94,781742
-72.36706384478236,63,781805
-349.12811568867585,108,781913
-220.47801660504425,102,782015
-77.34599703404368,62,782077
-175.78923998186764,84,782161
-103.82555849064819,65,782226
-217.16610954657207,124,782350
-137.51662070185841,123,782473
-122.3136959510703,81,782554
-64.27651049759905,74,782628
-108.54685304548077,72,782700
-217.2568896012354,93,782793
-133.37053640697937,81,782874
-117.19181347407759,87,782961
-74.79125650194857,141,783102
-131.88500510892948,109,783211
-385.7672691324611,91,783302
-382.6966342526424,88,783390
-199.79522326607548,76,783466
-149.34788704994588,120,783586
-23.371662077872685,83,783669
-123.77661636441181,73,783742
-213.77573064903248,135,783877
-121.3428326613266,105,783982
-229.53356733942562,101,784083
-129.41984470290902,85,784168
-140.72166697437288,57,784225
-216.38837708299548,75,784300
-260.7296647234754,118,784418
-134.42607306563303,128,784546
-27.149576387255564,87,784633
-167.11020962754435,101,784734
-130.55288973004076,83,784817
-302.6331763377906,116,784933
-124.99275646117643,95,785028
-125.09256094387648,77,785105
-77.91074806726681,63,785168
-381.7932856274938,106,785274
13.8615247147644,99,785373
-104.8271267963417,85,785458
-408.3656114179573,90,785548
-74.1067193715211,60,785608
-142.74548117970235,91,785699
-97.27545893420488,68,785767
-65.96165615728779,63,785830
-158.82642994409048,136,785966
-426.8591634365689,89,786055
-284.47628526968225,64,786119
-27.657233779764397,84,786203
-71.93869850748854,72,786275
-101.93200972433544,64,786339
-105.26726888375717,60,786399
-68.23172236395668,63,786462
-164.73466235227346,152,786614
-101.14003728611239,75,786689
-309.3299145102999,102,786791
-134.7727371601754,99,786890
-134.78365898007382,107,786997
-350.84666146799555,127,787124
-186.63115632700797,69,787193
-63.43853334285262,67,787260
-371.24447065227537,128,787388
-388.8032737446673,133,787521
-243.30710470489217,112,787633
-202.57207130027652,111,787744
-336.01942048167484,93,787837
-181.04105834584198,72,787909
-130.75912927146663,106,788015
-74.19028883870912,69,788084
-205.03307034486056,120,788204
-172.52666008827356,94,788298
-138.8333382583344,98,788396
-183.42466839859372,77,788473
-93.70414167523708,77,788550
-212.08668385842674,106,788656
-383.3670559040373,118,788774
-81.91019695526657,59,788833
-181.73395662090817,102,788935
-315.8587403843794,91,789026
-234.38033176601107,101,789127
-80.88161059709697,77,789204
-79.10465763293651,62,789266
-280.84812548094567,103,789369
-176.8386114999729,111,789480
-120.71564217951955,57,789537
-114.10775136367245,71,789608
-237.07960531516844,136,789744
-25.03452995808098,87,789831
-295.30802216507885,94,789925
-65.34331660473188,64,789989
-140.8816835153064,106,790095
-81.64401208483511,100,790195
-418.6756669349172,127,790322
-105.59796314775245,66,790388
-281.42481906895534,89,790477
-283.2880364790942,86,790563
-75.38332896155498,131,790694
-177.4543447935672,108,790802
-195.81813957438953,94,790896
-194.47109199766703,117,791013
-121.51411586275577,66,791079
-78.92768783957541,65,791144
-362.00604739150896,120,791264
-123.82526094371522,61,791325
-252.60224955719804,105,791430
-108.34891274175587,100,791530
-291.49248391088463,103,791633
-109.96072244931653,71,791704
-82.5790476337375,61,791765
-134.27065193286904,123,791888
-446.7647381215727,130,792018
-394.45856219289215,80,792098
-142.50808817565243,90,792188
-78.72943763382496,73,792261
-125.8002580196387,103,792364
-295.74432980021027,112,792476
-206.91588138377452,67,792543
-128.12642997760014,106,792649
-85.16209624043256,61,792710
-165.3204372917316,69,792779
-6.037850263579315,139,792918
-149.19496144581154,65,792983
-164.77193315679358,88,793071
-107.97412105721651,91,793162
-155.0144912770763,64,793226
-157.61369249584877,66,793292
-297.24252925726313,91,793383
-151.84444258440624,114,793497
-109.56124192191848,77,793574
-291.15750962156005,96,793670
-325.86836615871505,88,793758
-404.7652391032284,105,793863
-393.2029007780047,93,793956
-175.18616171939664,113,794069
-293.56929330293724,87,794156
-229.403050707728,115,794271
-415.588638556388,90,794361
-270.92189957430196,106,794467
-361.06147065133393,113,794580
-438.06931317070917,101,794681
-243.28195871335203,103,794784
-134.00602497338787,68,794852
-262.13896133238126,114,794966
-133.5081138885913,88,795054
-65.23517516122794,73,795127
-131.6466121257152,104,795231
-194.93436581100212,123,795354
-63.87188125233996,55,795409
-124.69985458556496,75,795484
-56.279050285621466,80,795564
-113.2650681057011,85,795649
-129.6083516807052,64,795713
-125.47051724020336,72,795785
-141.4627467051915,69,795854
-339.62996558169283,131,795985
-124.8535170121077,80,796065
-82.11065099362708,79,796144
-151.00641123024252,83,796227
-43.54615711757347,67,796294
-87.8056415399884,67,796361
-393.76163896454057,138,796499
-295.9519536663901,75,796574
-324.3949416944251,96,796670
-80.09438001872675,68,796738
-406.28807460183504,108,796846
-147.78590723399896,83,796929
-105.03869034147108,64,796993
-112.27118296755441,100,797093
-129.41137375189572,123,797216
-282.47706042556126,111,797327
-162.2981566556457,67,797394
-200.5153888050713,59,797453
-410.9577399715791,87,797540
-275.1266951847332,114,797654
-85.94866446676,70,797724
-135.68564132910396,71,797795
-143.7906747079466,102,797897
-305.0419734491553,112,798009
-118.58093005399762,91,798100
-132.0066186273186,77,798177
-105.41005341073817,115,798292
-207.0563765184863,74,798366
-89.43250982053762,65,798431
-113.01336698975577,84,798515
-49.98469231505011,71,798586
-153.87114739850182,78,798664
-432.0228883532871,110,798774
-99.59271175356302,61,798835
-202.52966723857512,93,798928
-249.70329429964573,90,799018
-214.41533096085197,77,799095
-45.89850395510338,75,799170
-120.77603313081369,108,799278
-152.22256083235857,67,799345
-111.22829783405258,86,799431
-116.11716900613203,58,799489
-105.79459930435632,77,799566
-259.3520337495213,105,799671
-117.82976559803386,99,799770
-139.09670879803576,65,799835
-121.71665481176288,63,799898
-138.40003132765304,84,799982
-197.99793048923019,76,800058
-116.1256744815055,83,800141
-127.64894419787706,80,800221
-132.2540127342287,73,800294
-106.98098220498761,84,800378
-91.68594360971738,73,800451
-198.53327002153054,88,800539
-398.6150071055516,96,800635
-184.59697182356797,103,800738
-128.00368397821967,81,800819
-88.35934136813125,67,800886
-397.86377118503344,87,800973
-88.81166868129704,70,801043
-62.94119052152959,109,801152
-155.02029072369382,86,801238
-151.0658830273358,104,801342
-137.948774501929,106,801448
-206.32625117959122,85,801533
-134.93760815527665,94,801627
-8.034655504627366,111,801738
-112.60648702108313,99,801837
-194.74149681569446,104,801941
-361.13977211855536,95,802036
-103.71340291612393,62,802098
-444.47145727344923,84,802182
-263.12345774525755,80,802262
-136.64563232112613,84,802346
-103.14650353795886,95,802441
-402.62449807599455,92,802533
-91.02609385956738,79,802612
-239.46209397936835,113,802725
-127.50869916031692,58,802783
-452.371867129601,126,802909
-94.76820842540168,90,802999
-113.7293752688447,110,803109
-336.5527139110294,65,803174
-351.1649724637046,100,803274
-357.9459199313722,87,803361
-151.25044285784662,114,803475
-216.15070749551194,83,803558
-107.70346132863376,86,803644
-180.4850092144208,75,803719
-70.17901009646482,108,803827
-15.225772123304026,103,803930
-483.12646595135845,91,804021
-134.1492863218345,126,804147
-147.58402419048394,57,804204
-108.6453912145687,104,804308
-59.98680279954945,94,804402
-127.98580946688783,99,804501
-238.99359580721864,80,804581
13.02595790422916,140,804721
-129.81091655744967,74,804795
-115.66421896998303,107,804902
-89.76675288360352,72,804974
-61.53550496645635,73,805047
-58.75070718490269,69,805116
-241.4423626036124,113,805229
-104.82384186706271,72,805301
-414.4212653694772,155,805456
-357.1924855366915,97,805553
-173.70885160055235,110,805663
-338.3167200587318,105,805768
-89.2298346604544,63,805831
-120.5677496381896,70,805901
-340.1316392334858,92,805993
-368.2926364309868,106,806099
-191.77514562121314,89,806188
-110.99586594338109,66,806254
-101.2323234166685,64,806318
-103.20722446795851,71,806389
-127.95984229045172,68,806457
-73.29363045310075,65,806522
-112.02733282919446,63,806585
-310.0434213075788,88,806673
-130.99511899297337,97,806770
-454.3451598466786,122,806892
-152.73675569875465,103,806995
-387.2908483873463,86,807081
-172.7383458688251,85,807166
-167.29177785426762,99,807265
-164.33323896792697,75,807340
-133.05191617764518,104,807444
-293.75295489982034,117,807561
-12.556481591373569,86,807647
-190.36481680071017,96,807743
-154.520393623183,108,807851
-333.072124765422,86,807937
-289.3999711236269,76,808013
-303.3392567110241,111,808124
-189.85162378919074,106,808230
-331.73178414730035,102,808332
-256.0495060962386,142,808474
-205.93980212626138,114,808588
-126.50678310004922,90,808678
-77.89692714528422,58,808736
-198.084816780373,114,808850
-105.36439862978908,111,808961
-303.57124083828637,121,809082
-309.1756808446756,129,809211
-250.60854355025143,127,809338
-145.54451159198618,142,809480
-374.303472836112,93,809573
-160.92580902378106,96,809669
-325.28314299034434,106,809775
-228.29024367300286,89,809864
-254.45594221346127,116,809980
-318.27627620101964,118,810098
-105.907656128213,91,810189
-95.65994125664314,83,810272
-83.0224128201063,60,810332
-137.2715039359486,73,810405
-233.34226987065662,95,810500
-298.5506362689571,107,810607
-106.09197564794786,61,810668
-208.23615578912032,103,810771
-115.02079978225441,123,810894
-132.94761015329124,91,810985
-324.3442814294384,110,811095
-45.83988753054573,77,811172
-302.59191868442167,68,811240
-177.3689681796426,68,811308
-119.50023783536389,58,811366
-373.0642454591199,99,811465
-102.56600546738972,77,811542
-300.4695725601798,87,811629
-408.327258725297,104,811733
-449.19494098524956,98,811831
-167.4023521323712,125,811956
-96.31107729576581,71,812027
-69.71237954063034,75,812102
-130.57276499858958,84,812186
-97.13125429063659,66,812252
-74.0530706923233,114,812366
-154.43941209222783,110,812476
-359.9785459346117,96,812572
-240.92592270315936,147,812719
-104.68351855746933,74,812793
-381.4432593520976,86,812879
-88.61506637260099,71,812950
-126.9221901292141,116,813066
-32.52089111686469,101,813167
-103.02665989985222,64,813231
-101.02594746183965,117,813348
-85.24962640134896,130,813478
-462.1956911459422,106,813584
-212.98543988724148,73,813657
-82.25645657791107,71,813728
-119.61017798922032,99,813827
-73.94354197771315,62,813889
-146.53728630826552,81,813970
-267.8814978151955,85,814055
-85.85930006160103,71,814126
-80.98153001520453,116,814242
-405.33021163236856,73,814315
-158.54696390702009,81,814396
-145.5076009150594,64,814460
-363.5668393225193,107,814567
-246.7976423807429,86,814653
-127.98621045106458,96,814749
-318.1202642197239,95,814844
-85.11117637966163,89,814933
-125.52305902104163,102,815035
-124.84453313706997,77,815112
-345.30847263331486,91,815203
-272.6257788414782,73,815276
-114.88113517335785,123,815399
-306.9006560674752,107,815506
-128.66516461392916,93,815599
-105.01338680293912,80,815679
-110.06126788586062,71,815750
-298.0209062753537,125,815875
-87.19652002651655,68,815943
-187.18073366376964,86,816029
-413.50435437132313,96,816125
-99.55630368805151,114,816239
-131.39178811796899,61,816300
-101.87332070820344,68,816368
-381.0619484175587,89,816457
-285.80143445747046,117,816574
-198.4644592259172,92,816666
-97.17623414220508,79,816745
-335.79358314914305,71,816816
-291.22290854395493,97,816913
-82.34775497133128,56,816969
-155.5566863692159,93,817062
-104.6083144382112,75,817137
-194.56703898668823,56,817193
-264.460384729153,118,817311
-262.8727725038551,107,817418
-74.26142592540543,80,817498
-257.09204292208494,94,817592
-274.13159285746127,119,817711
-327.8166256739586,120,817831
-425.6149966228482,108,817939
-124.83514553723474,94,818033
-125.37555414272497,107,818140
-117.70052947261398,91,818231
-334.8684310944021,91,818322
-114.3697740206129,111,818433
-100.85668975769597,108,818541
-195.40225229998288,99,818640
-295.31916694410353,114,818754
-47.62610575700855,77,818831
-215.91900913038847,73,818904
-288.0657045312526,104,819008
-446.559355967262,97,819105
-102.78606234061127,74,819179
-299.80603296648934,67,819246
-84.68940267842729,109,819355
-493.7002167498212,87,819442
-119.61296564497363,71,819513
-236.9372727402609,101,819614
-133.94213943597424,120,819734
-47.20352345839807,64,819798
-124.60661939957022,83,819881
-381.04029828156365,114,819995
-75.99548228615669,119,820114
-114.1664416409741,97,820211
-270.64078355859294,102,820313
-134.45467706799013,69,820382
-71.9441997515079,78,820460
-305.25691642429433,113,820573
-118.70155767599475,83,820656
-100.40371340487005,66,820722
-126.09606304851297,57,820779
-316.45120951812595,103,820882
-80.01952847595669,75,820957
44.62842678009014,85,821042
-122.60940803368764,94,821136
-86.73047673686236,83,821219
-101.58760887223995,65,821284
-222.68657041608043,136,821420
-66.23731401926777,77,821497
-424.0252770578842,69,821566
-288.36862884265963,83,821649
-310.74199877966987,100,821749
-248.29745222910108,97,821846
-64.50614703000879,75,821921
-110.08557671693244,100,822021
-127.45232345714501,90,822111
-146.50556870480278,80,822191
-97.72483315670605,90,822281
-183.58594564225038,138,822419
-290.31062933491813,100,822519
-259.81725699576623,99,822618
-401.4665907761124,126,822744
-131.16345990038565,123,822867
-112.51419142805211,69,822936
-195.8732367919779,98,823034
-309.6140428317289,91,823125
-215.53402836419306,121,823246
-128.00681234229637,86,823332
-297.0004424211744,119,823451
-70.16587804001989,64,823515
-108.56321746538278,91,823606
-331.79535758498326,112,823718
-157.65263207437988,54,823772
-66.64127819219173,70,823842
-110.76755024494322,63,823905
-186.71944255455946,107,824012
-116.89791138598655,103,824115
-326.35865119434067,119,824234
-113.23062947791769,63,824297
-118.74926519578692,74,824371
-14.080478273661441,102,824473
-134.88000483530618,98,824571
-258.65226659126347,113,824684
-266.0334721438519,66,824750
-147.63337213012585,91,824841
-129.63133348306815,96,824937
-498.7056454017303,114,825051
-371.45828988380754,126,825177
-146.88759632081667,77,825254
22.703438821462726,113,825367
-337.90702688485686,103,825470
-65.16831024685703,69,825539
-335.18762742248816,116,825655
-85.43276373703715,78,825733
-229.2174952689479,65,825798
-358.1289854043905,91,825889
-387.6604537234179,106,825995
-342.50515503449907,118,826113
-471.440394342097,113,826226
-413.4301886163957,94,826320
-110.63087599692572,69,826389
-127.0351421304556,83,826472
-175.62866958263504,69,826541
-88.24689916595116,72,826613
-119.38444502966792,58,826671
-128.04003384623448,66,826737
-98.66742644926909,68,826805
24.678274077017946,73,826878
-288.2635887548656,94,826972
-172.03791385432754,71,827043
-357.64021578574267,86,827129
-68.1339832519798,108,827237
-179.22404426942484,68,827305
-328.0042262170814,161,827466
-220.28025732500925,88,827554
-354.9035345148451,85,827639
-295.6529221784201,94,827733
-136.6155418837493,59,827792
-125.49158482427896,63,827855
-378.06500843207095,88,827943
-103.9582871934642,65,828008
-350.93600497212117,108,828116
-118.23183480955562,78,828194
-138.78200961143216,95,828289
-63.417245907403455,76,828365
-97.24546615414744,100,828465
-275.2719187171854,100,828565
-82.67906953061095,76,828641
-57.072257903786586,69,828710
-79.55720450774442,113,828823
-405.0355135340599,129,828952
-311.61565852411695,107,829059
-300.77543743233616,61,829120
-117.84312833390898,66,829186
-76.72062124518551,92,829278
-84.08821847900872,75,829353
-100.15913975707797,71,829424
-112.3339425389924,95,829519
-2.082663942441556,129,829648
-119.33157625006534,72,829720
-165.25710666553653,62,829782
-245.4175463774289,91,829873
-513.3720404669357,117,829990
-146.04931771888994,104,830094
-142.57617369923918,102,830196
-191.08936065011875,109,830305
-273.976311055215,115,830420
-80.84200995334882,68,830488
-366.6710280713577,69,830557
-121.66839136126572,114,830671
-271.022294323451,82,830753
-117.68498471180551,75,830828
6.815893161035291,114,830942
-85.84310560197936,63,831005
-169.6542788253159,62,831067
-182.7481215826373,99,831166
-255.37040286346098,112,831278
-258.9797413279909,114,831392
-74.83952164046826,119,831511
-134.28312580378923,79,831590
-280.5371891053802,91,831681
-122.06209938128234,67,831748
-33.8287465637911,78,831826
-135.88899081283733,108,831934
-92.99732767448212,71,832005
-90.36134194361641,85,832090
-407.32687424905293,100,832190
-237.80301941596915,79,832269
-92.8945385360032,69,832338
-351.4428119881089,123,832461
-274.1914276589513,93,832554
-158.84833553915252,67,832621
-155.02821027983265,165,832786
-91.44380500721677,89,832875
-231.56537115254704,103,832978
-317.98410949282743,93,833071
-165.09849707684154,58,833129
-5.756674994203692,105,833234
-124.70687944627637,67,833301
-110.92919740896627,96,833397
-188.4152509936241,94,833491
-95.26396421724597,65,833556
-201.015825084019,121,833677
-178.04535879713129,98,833775
-403.44064472882627,82,833857
-193.7941677262581,101,833958
-338.8789654639617,103,834061
-159.46537185918075,145,834206
-75.19885235980217,68,834274
-119.29746415468419,72,834346
-153.1251541567164,65,834411
-117.28389403891629,109,834520
-377.0724023660598,95,834615
-322.9985481017619,93,834708
-384.9893450022611,87,834795
8.390837343415498,74,834869
-176.08625931978628,125,834994
-195.06767857093556,68,835062
-115.37703107180724,73,835135
-67.52906869548158,60,835195
-104.60172212479385,124,835319
-279.09178160649475,111,835430
-191.8589735075218,113,835543
-416.812819034363,95,835638
-93.73579875660226,60,835698
-153.51866760220278,91,835789
-98.10841283185061,106,835895
-138.0400902735841,126,836021
-88.0651375469217,118,836139
-156.52162076447627,125,836264
-114.60308474617929,63,836327
-129.5807506361306,64,836391
-123.32044923665624,79,836470
-193.63773910895827,115,836585
2.8890741000807907,92,836677
-92.07619892425238,80,836757
-237.16094004776687,106,836863
-68.03771157965328,77,836940
-71.14037563490082,111,837051
-60.821731712632534,117,837168
-57.50151271277803,72,837240
-345.3512857819097,136,837376
-109.81164759188972,113,837489
-266.6370630757234,90,837579
-49.30273816431805,68,837647
-155.78047250452505,101,837748
-209.8643792162737,86,837834
-56.88437279077239,70,837904
-205.61915616963526,103,838007
-166.77093274946395,73,838080
-229.46083624351573,96,838176
-97.96390446126615,73,838249
-208.55959379424348,82,838331
-116.46853966530792,73,838404
-350.3397386209716,98,838502
-45.36430726370126,76,838578
-76.39775792482692,63,838641
-416.5100399596237,124,838765
-93.16847401527174,117,838882
-118.38592956989098,57,838939
-131.6593263584574,127,839066
-35.429579603216595,97,839163
-276.3075047268584,91,839254
-362.9297887918068,80,839334
-129.70816866874696,79,839413
-155.43085235414753,76,839489
-83.217433083524,69,839558
-160.44719214615776,63,839621
-191.30807006945292,61,839682
-212.8855116314497,116,839798
48.78263270022424,80,839878
-338.53448241333155,87,839965
-21.122224414421126,100,840065
-283.52862644907157,116,840181
-276.1417814779016,87,840268
-153.02762361607006,95,840363
-118.82252220065536,87,840450
-104.58398633944387,61,840511
-183.6892001494969,72,840583
-215.56897572266521,69,840652
-223.14803358897888,141,840793
-301.8777720846281,93,840886
-64.07284043253236,79,840965
-293.0026733162583,94,841059
-210.0498233244689,91,841150
-152.81203596018713,86,841236
-75.55381801831594,71,841307
-206.67498597374708,115,841422
-66.76693987644008,69,841491
-129.87836820401657,89,841580
-256.81974174901364,118,841698
-104.88560819464256,86,841784
-131.64586130649144,76,841860
-219.71714892698276,114,841974
-111.57116114389852,64,842038
-107.84572618984801,91,842129
-273.49395813195486,117,842246
-303.9139433363364,64,842310
-53.443322250373456,71,842381
-84.05217840472854,96,842477
-372.54699230446187,96,842573
-375.15928602565384,86,842659
-280.20279495211594,105,842764
-169.1509345942838,77,842841
-139.3385324839032,102,842943
-239.6136601715725,126,843069
-125.58051665185735,72,843141
-91.47778425379181,63,843204
-187.17132979952913,130,843334
-275.0712167545719,76,843410
-295.90961138017394,124,843534
-235.87523258698303,107,843641
-88.32901528657428,91,843732
-212.7978619732815,121,843853
-146.67143435796237,96,843949
-220.846378957708,97,844046
-249.04052210649016,113,844159
-400.8653167748829,121,844280
-142.28856765722517,55,844335
-49.573365565637566,79,844414
-91.41037095941178,68,844482
-268.0393430638494,100,844582
-238.18337211613945,95,844677
-306.3470108449445,131,844808
-87.50435822414885,59,844867
-106.58690312879112,105,844972
-281.02441930927137,106,845078
-552.6286697018505,98,845176
-79.55395410342229,75,845251
-61.63548057367579,70,845321
-87.2451399264991,82,845403
-94.23462664536606,79,845482
-315.35846529190326,81,845563
-137.22045573486668,100,845663
-88.35993530103832,93,845756
-243.57287645151646,77,845833
-150.5919972628347,62,845895
-132.2732184016374,88,845983
-198.25011140507485,86,846069
-116.47431095515728,97,846166
-252.2186114258991,85,846251
-217.10940387523215,70,846321
-56.116455101188265,63,846384
-157.05612984846312,62,846446
-107.52091145184917,73,846519
-410.61085791703846,94,846613
-333.3640299939348,99,846712
-60.98979275738746,71,846783
-104.1236184891416,119,846902
-217.4318688110776,82,846984
-69.79657611711468,108,847092
-313.29088249709605,114,847206
-104.90443168844816,108,847314
-218.00062974705753,108,847422
-238.48031699371967,117,847539
-401.42795078074187,89,847628
-90.909354345608,127,847755
-318.34411294595225,81,847836
-119.78950058110514,68,847904
-376.9308802776282,109,848013
-183.3343996979724,77,848090
-140.13401630607774,66,848156
-223.81489114276087,67,848223
-127.32972992348098,77,848300
-104.1085249189495,134,848434
-293.32540114055917,110,848544
-114.53635137710295,101,848645
-68.96642489829642,63,848708
-76.38657665653858,112,848820
-260.28469785644273,115,848935
-191.51152107888802,89,849024
-229.5374605920848,69,849093
-125.90943185573529,92,849185
-102.32572376806793,68,849253
-184.71992890378147,68,849321
-378.4033319799093,111,849432
-282.4797142204603,84,849516
-108.90164111410328,116,849632
-98.18291799982703,122,849754
-179.57409254649644,70,849824
-462.13030107688843,79,849903
-118.57352557889973,78,849981
-245.86553973162353,81,850062
-350.2977750689533,107,850169
-178.3639458108946,116,850285
-199.77232353276952,99,850384
-273.6895168584882,73,850457
-117.91015876521008,74,850531
-376.20089984236625,84,850615
-78.75948554663572,107,850722
-256.3296855162161,90,850812
-76.44153631042707,74,850886
-294.5345053981305,97,850983
-376.62825783663715,99,851082
-112.91956883187665,60,851142
-411.2451215081994,100,851242
-117.4237664833037,75,851317
-68.2317290009361,73,851390
-136.00385793447862,107,851497
-111.04258613360298,109,851606
-93.20738477980848,82,851688
-44.781377201394086,75,851763
-106.44913261730616,66,851829
-200.5838663919743,104,851933
-207.42796129299796,72,852005
-112.17851890819286,85,852090
-446.94670505275366,102,852192
-160.40530096480626,63,852255
-254.20589632092458,79,852334
-42.99874138779565,61,852395
-242.64028506523434,131,852526
-112.86142151068012,83,852609
-126.80255381134,59,852668
-313.7399522630575,108,852776
-163.06373601349122,112,852888
-139.39166945090636,97,852985
-31.852211721475925,110,853095
-504.6370572965212,162,853257
-489.9425468385711,124,853381
-289.22441669259297,98,853479
-106.97308269010252,132,853611
-93.3505624837666,118,853729
0.7867297353294873,91,853820
-307.1527510111486,107,853927
-158.8864132408383,59,853986
-105.39588082194109,72,854058
-184.498991870338,84,854142
-205.3553280641259,126,854268
-142.88437531373938,88,854356
-162.27332121145088,78,854434
-142.38185610194535,73,854507
-103.4014616524563,93,854600
-104.006306155901,75,854675
-212.12777817375735,80,854755
-157.46918080936314,70,854825
-179.33307948208488,74,854899
-130.35672481237765,100,854999
-90.53933896809025,73,855072
-154.5332073208627,88,855160
-100.22246167672245,74,855234
-144.30464768961707,90,855324
-84.66661057231198,100,855424
-340.07693044324276,97,855521
-346.2490229965789,87,855608
-251.26591071584224,107,855715
-129.35114478902227,130,855845
-75.61534645800384,70,855915
-349.03032292233667,103,856018
-127.76944692989224,110,856128
-127.03362025781853,65,856193
-191.27275302133722,84,856277
-137.19965724355762,116,856393
-144.8762487827501,82,856475
19.36387051755095,83,856558
-235.359770607671,84,856642
-131.95590974983426,71,856713
-114.83154042066909,85,856798
-87.9068532826741,120,856918
-156.9993175683449,79,856997
-52.02617851862154,95,857092
-268.58783361091344,98,857190
-122.5338661228385,100,857290
-156.61576171827915,67,857357
-121.99537709222646,112,857469
-137.5640741180802,106,857575
-135.8912312196618,105,857680
-104.57072858541356,65,857745
-85.97518143922353,70,857815
-247.9274820388673,109,857924
-155.57456606666332,128,858052
-287.72323029490065,101,858153
-89.13922937839102,59,858212
-162.67957676367462,79,858291
-135.53528976138762,117,858408
-116.32181636145813,113,858521
30.3993586418988,85,858606
-225.51461203876414,100,858706
-142.18158342551698,101,858807
-116.84046863801296,104,858911
-97.53293629354965,68,858979
-326.73243356555236,119,859098
-89.57141055889872,64,859162
-86.2067483272327,67,859229
-105.62972410961369,73,859302
-106.16674429002484,87,859389
-77.65894455196963,92,859481
-271.04373680026026,110,859591
-240.83872996091168,86,859677
-138.95485287077585,110,859787
-208.72422476761386,90,859877
-437.8487972755354,115,859992
-350.3953473353972,104,860096
-182.4734516822351,62,860158
-402.0077288284519,89,860247
-89.59847815852842,113,860360
-98.66634981102156,104,860464
-147.5025738993699,95,860559
-101.70561014892547,166,860725
-488.88425537729324,126,860851
-76.87537683334051,88,860939
-388.9186945176662,91,861030
-274.71943700988203,92,861122
-280.46458917473467,134,861256
-178.3072950820298,111,861367
-60.67816802236865,69,861436
-107.91782671209822,82,861518
-300.54646653140117,120,861638
-127.22953151732887,94,861732
-119.15796566691455,93,861825
-507.62653266700744,111,861936
-95.02891670409367,142,862078
-70.58359604401626,86,862164
-130.67817820268417,103,862267
-128.5348738151444,109,862376
-360.15403350799954,94,862470
-130.88021268827504,91,862561
-294.2279069719238,124,862685
-422.7230489103203,104,862789
-215.906627679258,103,862892
-94.79816592506728,97,862989
-151.94446966265645,84,863073
-220.519350743997,93,863166
-143.08062837369582,57,863223
-65.07607807920283,63,863286
-163.86070028298815,111,863397
-108.7333271774716,130,863527
-335.76042059374214,104,863631
-128.64883295486476,100,863731
-122.3522129569856,77,863808
-98.14787184783313,64,863872
-332.1097872536932,71,863943
-85.39816487776356,81,864024
-151.18438037684783,78,864102
-261.8786358675427,96,864198
-107.42837571400413,80,864278
-332.5301733205979,114,864392
-215.25239061986773,75,864467
-239.20411425991358,97,864564
-36.93096709641199,140,864704
-102.40717071191668,69,864773
-113.7965892247424,114,864887
-281.59897299825616,136,865023
-100.01935488336281,64,865087
-329.90971343138597,108,865195
-165.07726385855062,116,865311
-116.3522066613395,108,865419
-113.04255483703804,100,865519
-97.49298019742734,74,865593
-39.03926450346697,99,865692
-299.1721457061069,115,865807
-187.18479659559733,120,865927
-112.84690286607368,114,866041
-289.2492592626877,105,866146
-120.15738339756967,60,866206
-106.03898568276823,78,866284
-56.00795013144303,65,866349
-367.542230722391,89,866438
-369.63760725697193,75,866513
-71.72545951910305,63,866576
-290.3609042217996,83,866659
-417.82641863926716,107,866766
-347.2938899365806,138,866904
-232.8233873436458,75,866979
-106.84122344306431,70,867049
-184.2359793239181,88,867137
-116.90430669214271,116,867253
-170.98387991287007,77,867330
-133.80781674829456,100,867430
-174.68160167163109,79,867509
-158.4511105121518,89,867598
-226.60875674339093,119,867717
-111.5049725069614,94,867811
-126.54709097547634,60,867871
-81.27946888228936,65,867936
-131.49530384418836,93,868029
-191.11273618983756,76,868105
-268.88353204649434,103,868208
-450.8486521064626,101,868309
-104.11831080367112,99,868408
-124.37993784498522,96,868504
-200.5017766037744,99,868603
-92.70598043763303,92,868695
-170.87158660422497,111,868806
-21.836625070125066,144,868950
-109.46415057536845,122,869072
-244.86245706680262,77,869149
-85.14054321114737,86,869235
-173.76533805129324,87,869322
-179.9601234434988,60,869382
-134.66612184252023,72,869454
-46.3884246938162,66,869520
-246.19297453063044,111,869631
-248.4009801485259,102,869733
-328.14691108408715,114,869847
-160.30321857005143,89,869936
-129.26641787196368,73,870009
-124.96623014197041,93,870102
-127.38657238132267,71,870173
-121.9873072804199,111,870284
-330.7625496201133,90,870374
-84.762395966639,109,870483
-102.65529083334229,66,870549
-128.61163634542848,83,870632
-49.5590646221936,68,870700
-240.62307049209252,77,870777
-392.6070611861773,94,870871
-166.32457137992395,110,870981
-365.8829164811608,70,871051
-59.06345367254801,68,871119
-86.52494198953022,76,871195
-156.78958154652238,93,871288
-419.65324999997415,125,871413
-336.3527761194749,121,871534
-355.05826371269194,101,871635
-64.28759615303056,74,871709
-470.1633322099903,121,871830
-240.06500951182414,98,871928
-191.74266063182029,89,872017
-327.4580325706427,128,872145
-69.15718716443948,70,872215
-73.07850507102378,59,872274
-190.29945515763166,87,872361
-103.80435990558728,124,872485
-279.9231329342839,89,872574
-141.0128407248886,92,872666
-130.1149221583205,71,872737
-176.54213858508493,108,872845
-129.71068556852526,83,872928
-277.1673068626677,127,873055
-100.05945770932792,107,873162
-113.06207211120113,58,873220
-345.5008021689865,117,873337
-109.49844836186284,77,873414
-124.81860245026326,115,873529
-261.1607916545007,92,873621
-463.42751690012506,126,873747
-123.59010609772109,99,873846
-399.9799490725338,92,873938
-112.66222676058487,94,874032
-100.04848711838558,72,874104
-171.34237305619666,106,874210
-107.16109356949765,65,874275
-328.06246453982135,125,874400
-75.34197999227194,77,874477
-95.44163568886977,74,874551
-68.1222073260214,67,874618
-174.98870114929449,122,874740
-83.10782035260199,79,874819
-103.62539101895555,88,874907
-134.7324471034019,79,874986
-429.8048041029702,113,875099
-454.4604528120422,113,875212
-91.66650363227987,99,875311
-103.8144845994216,102,875413
-118.56675285746526,85,875498
-127.13302331367463,93,875591
-142.91029950479947,98,875689
-93.84711737316678,106,875795
-70.39017369252133,107,875902
-149.7534658898693,61,875963
-168.1508918103462,95,876058
-77.81124770373606,61,876119
-51.11571914147453,63,876182
-113.74821734904128,92,876274
-155.75352845875977,79,876353
-107.71480093345825,67,876420
-370.40982547075765,94,876514
-102.60779705120055,86,876600
-218.3661773510956,80,876680
-81.8383762995525,57,876737
-155.3741415973626,80,876817
-85.08544396517891,119,876936
-132.20699315195156,95,877031
-132.1376338285748,71,877102
-133.99645797473727,74,877176
-49.489592049341056,119,877295
-112.19795140723221,69,877364
-124.09701131867159,66,877430
-233.45962691803953,106,877536
-177.34742861681178,101,877637
-139.05523887096126,92,877729
-139.6402103809159,104,877833
-26.95647725649333,73,877906
-364.8645126125676,111,878017
-103.9573746388649,77,878094
-112.13824600811466,79,878173
-145.70079382954563,95,878268
-189.63635863092796,87,878355
-83.83255979149152,66,878421
-411.99274692399143,100,878521
-215.82505758086916,110,878631
-366.0180375220465,93,878724
-213.8687261189499,110,878834
-123.38727929100239,74,878908
-106.82894341829581,57,878965
-437.189074277971,92,879057
-160.64523713707075,134,879191
-141.9070591020237,79,879270
-100.36245085158619,132,879402
-141.49662219528435,59,879461
-153.86301207874368,90,879551
-348.6721910628122,105,879656
-84.05577629268771,66,879722
-89.33404025614226,109,879831
-105.46511262263994,98,879929
-102.21299686983807,80,880009
-125.52086378674302,76,880085
-375.04881772237644,93,880178
-159.62321327943386,71,880249
-9.582927830866595,68,880317
-221.51050053370292,73,880390
-255.76550481710353,66,880456
-308.09858733111946,92,880548
-83.84430497539805,63,880611
-111.55566176813308,87,880698
-124.61512650991774,78,880776
-391.5448191374662,99,880875
-332.14216396542884,92,880967
-118.25920494549524,72,881039
-135.55802889562585,95,881134
-135.42007446263875,96,881230
-41.574191835381484,85,881315
-133.55214818524547,109,881424
-388.91174202878295,85,881509
-344.5457285135536,86,881595
-196.34459331567786,68,881663
-228.68809563279115,81,881744
-110.09809048944291,85,881829
-313.6442266955901,102,881931
-123.30967835422483,80,882011
-252.44458879433535,70,882081
-86.64629407703686,80,882161
-132.9639258291495,95,882256
-124.3359259704386,103,882359
-94.63094616956757,92,882451
-109.9627792261528,86,882537
-287.06572730648594,88,882625
-159.85130501755722,108,882733
-317.07937340360456,108,882841
-253.89751044510615,96,882937
-78.61378833680679,71,883008
-169.42113494104694,117,883125
-109.36877206198656,92,883217
-7.071100149147242,59,883276
-167.82979630206705,126,883402
-144.32022590900164,115,883517
-90.98469656946209,86,883603
-71.7701793946485,57,883660
-103.80120771485404,69,883729
-75.38819204335545,62,883791
-328.9739949009369,103,883894
-88.30628341728809,83,883977
-196.89988915498026,73,884050
-341.8705811475342,92,884142
-357.2888313454272,107,884249
-198.5798158098493,92,884341
-186.9636520197903,95,884436
-165.1611457647216,95,884531
-171.8974314157843,134,884665
-276.86164492316414,104,884769
-60.466771057569765,73,884842
-305.40987946232065,94,884936
-194.3399130713198,103,885039
-120.61596874051502,92,885131
-409.3747422028385,80,885211
-94.61549234950913,96,885307
-136.00717777328546,58,885365
-85.70458990522977,76,885441
-239.727025527659,70,885511
-114.64769185401764,116,885627
-71.8840354722787,110,885737
-228.02351956836003,107,885844
-251.45064134309982,101,885945
-290.1498931044972,97,886042
-96.99744435025802,90,886132
-63.568520681319896,68,886200
-346.89905933542224,95,886295
-83.01102679640766,80,886375
1.7707667417456179,110,886485
45.309547381307276,1000,887485
-66.4854204793287,76,887561
-108.26816858509243,92,887653
-310.12462740730814,93,887746
-143.71306252195635,101,887847
-68.33819200387623,63,887910
-102.27044705481454,70,887980
-251.84000567446842,81,888061
-94.44431055510091,94,888155
-408.8181509163746,117,888272
-264.28857555925595,117,888389
-138.20232327840097,106,888495
-131.9153612613103,71,888566
-96.49933651309308,93,888659
-102.84009762130555,134,888793
-123.88575565828818,108,888901
-154.63881993520766,88,888989
-222.9640574080513,130,889119
-104.18990396119828,73,889192
-498.70588383911917,108,889300
-114.25651886788262,104,889404
-319.2485195946007,102,889506
-104.66663284021016,70,889576
-314.8461662522776,136,889712
-101.3254958348238,75,889787
-206.57331756457404,102,889889
-443.6295200977024,117,890006
-358.34839706435895,97,890103
-316.78032201902533,84,890187
-156.76034063256742,127,890314
-211.58791268583246,101,890415
-243.67255267846969,101,890516
-433.0962451463177,127,890643
-132.53092468932525,98,890741
-348.10005217410605,95,890836
-399.3215202873974,107,890943
-452.70578144144054,106,891049
-238.8561075230494,109,891158
-376.2641113093187,104,891262
-325.6192398144524,110,891372
-539.9500660188855,101,891473
-159.75467092678088,124,891597
-81.52643986037259,69,891666
-62.390812362648106,68,891734
-78.8635613994406,65,891799
-113.88205033461773,113,891912
-161.24424231580272,104,892016
-389.1152675271104,79,892095
-326.70643701381374,96,892191
-137.53714170342096,111,892302
-241.1283272287631,110,892412
-103.27896797678399,118,892530
-347.90506452265674,79,892609
-104.90781274518548,67,892676
-175.8675323335474,85,892761
-61.0115149958874,75,892836
-212.44452006562398,73,892909
-78.52343141118547,72,892981
-159.675932822227,65,893046
-459.9736539882907,121,893167
-202.67423735242312,120,893287
-107.95895593054497,102,893389
-79.08776173333774,64,893453
-177.0607551394613,87,893540
-128.59761984419106,102,893642
-169.63398524926112,97,893739
-134.92100064235885,79,893818
-254.9549507220961,76,893894
-381.9898221380372,90,893984
-202.371092117707,123,894107
-78.99538094334756,61,894168
-454.0955750939115,95,894263
-137.34967811744107,64,894327
-332.39035581691627,94,894421
-110.68918984503009,88,894509
-128.544595055481,112,894621
-180.89175238319018,69,894690
-128.4106246525543,79,894769
-104.02034248709158,83,894852
-461.7895280927786,106,894958
-232.4737575257339,94,895052
-124.57410732430485,83,895135
-191.6047394239958,61,895196
-104.83945824651992,78,895274
-106.18193113434975,76,895350
-216.34632184711865,124,895474
-256.4261129816233,118,895592
-170.3610453059197,115,895707
-100.38802366891852,70,895777
-81.02351942774183,69,895846
-163.6991809973836,82,895928
-215.23511159605454,77,896005
-303.5160807209535,111,896116
-91.63919623447998,73,896189
-103.64949954171556,75,896264
-292.8265055675878,87,896351
-107.01180202600688,65,896416
-250.8395934238886,94,896510
-214.01150110299363,124,896634
-173.58366030095164,101,896735
-208.5565985954991,97,896832
-392.2564255972311,121,896953
-137.66154397901653,92,897045
-152.21604913114754,62,897107
-197.6434499490194,108,897215
-11.068391776316972,111,897326
-28.532441730590534,75,897401
-152.54015061223555,131,897532
-355.06308473848975,109,897641
-130.79083762259097,81,897722
-282.49369661436185,106,897828
-109.04524400711742,116,897944
-36.34860660078719,144,898088
-95.63417188737391,82,898170
-232.40267270781163,100,898270
-99.15523989570718,73,898343
-103.15841390856289,76,898419
-253.00124785471735,77,898496
-312.2202682911334,108,898604
-146.1285859904805,59,898663
-107.84042574926171,94,898757
-256.6038523615204,105,898862
-135.06669763972752,82,898944
-90.60413842603428,109,899053
-228.1352762531243,110,899163
-72.08958338219938,61,899224
-99.06627538272322,68,899292
-80.46033963934633,102,899394
-125.60410427572944,79,899473
-80.40341891417425,68,899541
-212.775607898391,98,899639
-66.66629583210404,64,899703
-97.05433767567149,66,899769
-154.39452937708631,71,899840
-241.38145492626023,91,899931
-172.68967425391406,138,900069
-123.24005434087732,71,900140
-82.1077554782597,62,900202
-329.63416083470884,89,900291
-257.5175935238043,102,900393
-74.12872061756205,78,900471
-166.68211295784974,111,900582
-117.46582019515603,123,900705
-145.7451111000152,63,900768
-104.33005393886351,84,900852
-464.0285469020098,93,900945
-114.6854516823723,90,901035
-80.80150039905361,68,901103
-178.47041493204688,104,901207
-311.22926275144334,120,901327
-246.15144143281327,96,901423
-227.59212639579013,81,901504
-114.16004011844826,65,901569
-192.12740651216936,78,901647
-161.59734591115046,87,901734
-340.9817987432267,94,901828
-195.19688286383945,69,901897
-108.77977544153464,70,901967
-241.4500641621393,97,902064
-141.86663578921798,67,902131
-96.33765837360502,64,902195
-211.76098758082867,88,902283
-325.98571857771833,93,902376
-304.2053860586342,63,902439
-130.53978559067696,100,902539
-258.9571141658356,62,902601
-166.59948463341755,70,902671
-102.21266330486075,117,902788
-198.5783484144451,105,902893
-88.68217771863534,108,903001
-189.70468774350678,92,903093
-218.94403813394152,113,903206
-128.89615926211363,80,903286
-95.08364867867165,107,903393
-218.97164957985868,93,903486
-117.78015988739998,101,903587
-109.44586546504378,60,903647
-373.84835538525493,98,903745
-101.72885002194721,62,903807
-116.51258044374957,68,903875
-221.78906743180457,79,903954
-119.53521018848738,82,904036
-264.42223968953977,100,904136
-157.84976664667352,106,904242
-97.40420373378574,118,904360
-99.68875562768305,68,904428
-79.21491086403461,76,904504
-86.90155731402444,61,904565
-305.30591901018613,129,904694
30.19791551610578,130,904824
-350.45424188626794,77,904901
-439.480580822033,85,904986
-106.29361607425639,74,905060
-103.36147641201364,61,905121
-104.36678028764555,70,905191
-64.84298901346733,92,905283
-144.7672106586753,103,905386
-243.88643310643934,92,905478
-272.7469405744435,71,905549
-246.89462399951321,77,905626
-158.87811614668712,112,905738
-132.46570094499697,66,905804
-466.0396774271521,110,905914
-217.6539898721733,90,906004
-324.5662108253058,121,906125
-125.68827126872226,65,906190
-87.97921637466284,67,906257
-105.28859299636639,98,906355
-171.06371358073807,105,906460
-372.2817484720279,104,906564
-209.8944292575374,122,906686
-180.51277520617288,78,906764
-109.94387786819571,72,906836
-252.3950158981381,114,906950
-64.24631496296263,84,907034
-116.00478940932172,77,907111
-67.1121474912061,68,907179
-118.53936369879979,129,907308
-370.83633838753445,96,907404
-222.4091477776861,83,907487
-134.86219282377215,77,907564
-139.65634250587647,78,907642
20.13147631152603,91,907733
-60.01046401171177,85,907818
-117.81785751996446,96,907914
-330.3634451765864,66,907980
-304.7508126214133,79,908059
-80.41302638904578,59,908118
-219.30676728067874,106,908224
-245.38662071754135,101,908325
-90.97884020286347,60,908385
-155.4693206856764,93,908478
-127.154207285317,77,908555
-301.7313536265505,126,908681
-380.67703524837805,138,908819
-81.54087683138438,67,908886
-99.11883423234235,65,908951
-309.1823218903719,142,909093
-208.77644050088668,98,909191
-197.7748011868759,94,909285
-261.9576467056047,78,909363
-91.20774354232998,65,909428
-83.34867258258188,78,909506
-275.9500394580063,121,909627
-93.03379590268936,81,909708
-77.42277949397928,93,909801
-99.03146001571325,67,909868
-60.91293664947044,94,909962
-167.88394157071227,113,910075
-68.04340129525758,76,910151
-88.12287547735204,64,910215
-173.22885779045933,94,910309
-240.82131412760663,89,910398
-215.4036963172202,99,910497
-106.65484471507695,108,910605
-72.27011643137025,99,910704
-92.10062418772678,62,910766
-220.16639968963193,91,910857
-332.27953138377893,130,910987
-126.90087101902009,65,911052
-159.4189296046313,114,911166
-119.08072376384342,80,911246
-60.25568625185847,66,911312
-328.7514976851544,89,911401
-94.48683847743249,66,911467
-132.49346182520333,112,911579
-356.68250515968634,102,911681
-134.2354460674684,97,911778
-295.0083800026951,79,911857
-276.8410261342801,103,911960
-114.31362785995836,66,912026
-196.03584497468736,106,912132
-42.616259416811914,90,912222
-206.9701096665401,116,912338
-118.63362718375484,87,912425
-117.9595512334893,69,912494
-176.16590927456974,82,912576
-287.7505730036007,103,912679
-265.6984815605,99,912778
-105.01979171484129,67,912845
-338.35137197607366,99,912944
-103.17766245103309,67,913011
-89.23714145858793,79,913090
-139.68547086265337,102,913192
-114.68887428353469,102,913294
-183.4417585851415,113,913407
-135.77905928406574,114,913521
-101.83074965489217,103,913624
-291.2843785597702,115,913739
-124.54351685874539,87,913826
-132.97935724595786,92,913918
-97.39570061157833,69,913987
-27.94002336208557,102,914089
-3.3493766222425307,90,914179
-98.35255834122272,78,914257
-39.970853748937486,64,914321
-303.35023392479457,93,914414
-113.91072193800238,98,914512
-313.95130707023156,105,914617
-91.72138273452536,58,914675
-172.7808028968164,72,914747
34.55897694550738,1000,915747
-201.03724163832726,103,915850
-101.22219873424118,118,915968
-197.97932712217136,85,916053
-238.63257585500867,96,916149
-218.56757566086583,62,916211
-295.0775266626099,85,916296
-399.65793215419365,110,916406
-235.23520463970027,73,916479
-337.9484947039749,105,916584
-58.100053829113534,69,916653
-117.59996946929101,86,916739
-124.22362831957763,98,916837
-134.22233635034996,102,916939
-109.54654416749584,92,917031
-93.17193453086746,80,917111
-78.6333369972117,71,917182
-275.3813090055297,115,917297
-211.55585987529784,125,917422
-215.4564297589274,73,917495
-378.3789125729046,152,917647
-141.89204878571604,128,917775
-86.95748344762505,63,917838
-353.633883757798,119,917957
-180.92514457277332,112,918069
-150.31538282745322,134,918203
-48.488812124078706,61,918264
-79.68663987352879,90,918354
-69.4529139229121,91,918445
-193.60247127140357,96,918541
-173.33650976798674,124,918665
-92.72293528941034,109,918774
-96.72492200427881,68,918842
-399.72190128016365,91,918933
-240.23927023462704,117,919050
-260.048918356896,118,919168
-234.1013923884063,88,919256
-329.1086694443163,108,919364
-119.33801077235728,60,919424
-43.89305078912823,107,919531
-108.5871184562608,81,919612
-167.84185086645107,111,919723
-416.87972577797245,87,919810
-266.2840626504365,107,919917
-286.2598498772819,131,920048
-328.0646605823332,95,920143
-391.8140392523964,103,920246
-62.2572495261837,73,920319
-103.67649675967498,97,920416
-112.47566089230914,61,920477
-389.0915266061296,102,920579
-457.558813427326,113,920692
-349.91689791515614,121,920813
-98.30473221998066,83,920896
-88.23749838004325,102,920998
-363.0888871526408,117,921115
-90.01892964688614,78,921193
-196.34232150019903,136,921329
-241.28299745438696,109,921438
-84.36944985771942,72,921510
-351.1331289661341,86,921596
-193.83547668744876,73,921669
-187.344704176806,105,921774
-144.68867145364493,117,921891
-154.80039444386165,119,922010
-401.6060100503481,136,922146
-352.8688273666195,90,922236
-406.7147423051726,95,922331
-94.58988161509959,77,922408
-323.0145014386163,87,922495
-104.90578860653324,80,922575
-128.86529101531676,89,922664
-179.66669818786676,68,922732
-195.49465545324256,85,922817
-55.70949234426788,78,922895
-153.68935147308778,85,922980
-121.94428657737659,72,923052
-113.3199279999645,108,923160
-85.91047660532703,71,923231
-40.91669209827243,71,923302
-247.14982032413693,82,923384
-95.22086366073431,76,923460
-333.5251637792179,115,923575
-300.19652601078496,107,923682
-175.9488741659452,107,923789
-229.59904486021665,101,923890
-87.65032194631755,59,923949
-122.38796301527796,97,924046
-489.6852015229398,110,924156
-87.83386170281133,109,924265
-116.74950397318071,61,924326
-322.03434649668185,91,924417
-62.69941749940677,67,924484
-247.72152109641974,96,924580
-89.50771356149016,77,924657
-125.32919923079521,91,924748
-306.0033584165411,110,924858
-84.83965965075978,76,924934
-170.63834545355962,110,925044
-97.46057214174976,81,925125
-120.53452356358362,114,925239
-104.1222912070794,80,925319
-107.68552066478694,71,925390
-69.12106028129573,101,925491
-212.1900519806827,72,925563
-245.7107003623677,127,925690
-226.19264429754102,91,925781
-166.43965302688912,113,925894
-104.4264661871935,110,926004
-62.02394705300756,100,926104
-185.06104299066243,81,926185
-273.33517319803366,121,926306
-79.3213648573726,68,926374
-85.27493571848832,120,926494
-240.185110950946,93,926587
-227.8408165987086,118,926705
-101.29865055533503,101,926806
-112.07383414743377,76,926882
-117.68917946447469,103,926985
-138.69755949605621,72,927057
-236.83197965251176,101,927158
-198.5090044807109,95,927253
-136.70018491678633,61,927314
-151.59954755455811,118,927432
-78.25868180761704,87,927519
-130.33930649765574,96,927615
-118.17846427983105,86,927701
-63.96581581054481,73,927774
-119.58177418878044,83,927857
-255.89699871528444,103,927960
-154.07740769374752,125,928085
-207.63630308636135,94,928179
-73.62952290521413,61,928240
-157.1386606895677,79,928319
-165.02267491165313,91,928410
-135.53041507575534,89,928499
-126.09037713177084,87,928586
-142.60796312337942,113,928699
-102.81313847100195,72,928771
-112.32061710650349,82,928853
-155.09352100312378,104,928957
-401.20990031832923,107,929064
-482.01397617836847,81,929145
-103.38169064450679,120,929265
6.471474434597383,80,929345
-141.73250614373177,87,929432
-108.15249349572187,85,929517
-338.3207338339796,103,929620
-203.3745022724095,101,929721
-115.55465981339725,92,929813
-141.64965984285845,122,929935
-406.9322104345208,107,930042
-174.52789650854692,124,930166
25.065267063398974,1000,931166
-246.151764548914,119,931285
-427.5963345974228,99,931384
-277.84997159088886,95,931479
-416.6291529775217,98,931577
-215.45236929079778,125,931702
-610.642562129987,133,931835
-342.58489327522716,91,931926
-72.24939907451429,80,932006
-366.47444335754074,94,932100
-393.2111653868383,122,932222
-316.5815395796865,91,932313
-80.34060520287079,82,932395
-194.54576547355862,89,932484
-116.81006497030828,111,932595
-130.16524282863958,95,932690
-73.17264597224487,64,932754
-195.45150535110741,101,932855
-275.009945172284,83,932938
-479.55241409242706,89,933027
-50.24977147479963,79,933106
-266.10056207083244,106,933212
-54.721359542622025,84,933296
-97.17142415474486,59,933355
-140.2103139417081,80,933435
-189.52225160591976,116,933551
-102.91400060558198,72,933623
-164.56229041217023,90,933713
-201.30942840386274,85,933798
-331.3328364238054,82,933880
-124.73325796470955,73,933953
-199.0543592419977,102,934055
-101.06659045835438,80,934135
-150.03192381621022,80,934215
-107.48124580631077,124,934339
-356.12350184223413,89,934428
-200.4914428833445,69,934497
-137.52261712432755,87,934584
-133.77834034322524,85,934669
-95.66347435015972,80,934749
-319.3763437890129,96,934845
-242.43944213478656,103,934948
17.899373699165864,135,935083
-81.7156056456556,85,935168
-302.22603852226354,106,935274
-424.422404696668,105,935379
-152.79501947574448,81,935460
-200.66780646698882,77,935537
-150.33588566164218,124,935661
-268.8622968492262,117,935778
-144.31721023756876,71,935849
-152.18259384030506,142,935991
-64.67808541201248,64,936055
-84.60623033908706,69,936124
-376.35253303657385,93,936217
-215.12331866010067,123,936340
-227.50921482907256,119,936459
-59.48738243717086,67,936526
-111.9543128089867,101,936627
-71.34246413704906,90,936717
-320.0219854463121,149,936866
-103.05797979384725,113,936979
-138.3066370519151,76,937055
-203.344315389524,111,937166
-165.72986140596893,68,937234
-116.01505482495982,103,937337
-147.41828390635703,115,937452
-94.61109181524411,85,937537
-151.74753327818783,83,937620
-91.45891206014267,64,937684
-238.21929083588205,84,937768
-5.988174021711586,82,937850
-95.19241181467576,64,937914
-201.7900349356986,110,938024
-465.7262582089241,100,938124
-85.28902696503702,78,938202
-174.26918351828428,79,938281
-290.5760149994145,119,938400
-134.28764861455682,107,938507
-216.64601177905018,124,938631
-168.60534764715965,59,938690
-267.3052049460463,97,938787
-155.63193949299833,81,938868
-107.75173854660909,79,938947
-129.63071415327312,108,939055
-125.81833927561075,65,939120
-76.14603458557166,74,939194
-124.07727737433106,75,939269
-101.36834008207116,84,939353
-254.08176190303544,103,939456
-83.69682525243996,72,939528
-199.27361637395492,86,939614
-299.81928397415174,110,939724
-179.10331288003118,102,939826
-26.27172005907491,98,939924
-193.86707588852778,73,939997
-325.7348174262686,104,940101
-319.9809727868484,153,940254
-120.73457971626003,77,940331
-20.452891404840898,95,940426
-532.5938371649149,153,940579
-142.28603017293173,99,940678
-149.43661233788995,113,940791
-129.649786095673,95,940886
-343.06507713710425,100,940986
-103.4476647393639,85,941071
-133.07485074307476,88,941159
-382.8016180288831,101,941260
-157.57956633076768,126,941386
-134.3870190163431,66,941452
-189.65675162084676,90,941542
-124.16723064535707,81,941623
-271.78354737429254,105,941728
-30.261180859232297,77,941805
-175.90656553375754,101,941906
-122.68452172054239,86,941992
-201.75932390243824,80,942072
-154.76233410516716,88,942160
-135.37779169093292,100,942260
-194.34061798898276,71,942331
-137.99054781020874,70,942401
-270.3401635644967,144,942545
-374.90627303828114,107,942652
-84.14481978671299,68,942720
-74.54762669539011,77,942797
-183.61586076430171,99,942896
-314.8901495570689,98,942994
-234.96046524379815,84,943078
-285.3151167037055,124,943202
-220.39152894742318,104,943306
-257.68757302811014,110,943416
-191.79167614045542,100,943516
-92.94084712190146,83,943599
-290.5377954084653,93,943692
-166.75523874663625,90,943782
-344.6029326931333,99,943881
-121.29182095210638,112,943993
-111.82813268688611,71,944064
-75.7002318743467,119,944183
-181.9415941686551,136,944319
-103.31316207924976,77,944396
-364.2558979477385,101,944497
-210.02276996837105,131,944628
-112.57373879845335,128,944756
45.91668052972187,84,944840
-264.8786059622404,104,944944
-445.2422495670527,132,945076
-240.46062440132536,108,945184
-165.27446818120612,66,945250
-225.48645043822108,85,945335
-169.2060024632509,71,945406
-486.1884514622901,111,945517
-93.30466350040659,82,945599
-170.21042404759936,123,945722
-260.745745847081,97,945819
-379.6605702396532,96,945915
-107.90919168133975,113,946028
-104.20029461346013,77,946105
-318.5770647161288,105,946210
-105.15383526832859,102,946312
-104.05066540341362,91,946403
-99.25257288778874,97,946500
-105.44348695961415,69,946569
-178.68481992063425,132,946701
-148.09240655429804,79,946780
-423.2372723273923,98,946878
-168.47751666041023,123,947001
-101.35347363336635,87,947088
-301.41390395698676,112,947200
-91.78753153061324,83,947283
-246.56137600118137,105,947388
-49.30272267743691,70,947458
-90.8610944840428,93,947551
-195.9231295798934,96,947647
-94.8136645049955,74,947721
-178.00089377743484,93,947814
-98.03532096944804,84,947898
-228.81887460532235,119,948017
-102.34750734648357,106,948123
-253.75216543821782,90,948213
-311.2640032577335,70,948283
-216.8488012335768,148,948431
-72.85424852661161,134,948565
-346.7610977635262,74,948639
-293.9058023699652,105,948744
-422.93488564944136,88,948832
-91.50563606113496,63,948895
-225.56010043598422,85,948980
-150.45412228878632,73,949053
-113.44243723486444,84,949137
-173.77281228709575,80,949217
-106.24119158987662,60,949277
-68.83421282605171,66,949343
-305.27782155559987,81,949424
-131.24513143234708,94,949518
-261.70753057048006,97,949615
-130.6883142200207,126,949741
-273.43954181470866,138,949879
-96.7448630820067,77,949956
-200.14723542183208,136,950092
-126.46953185970193,102,950194
-99.99811434737397,97,950291
-245.46901429379,132,950423
-17.429651588153376,81,950504
-153.67768387490332,125,950629
-290.06473387935944,88,950717
-133.80328894885795,135,950852
-75.57413395304013,67,950919
-158.44551181710736,61,950980
-100.17396126079174,85,951065
-99.16550078154859,121,951186
-118.16890673899087,125,951311
-330.1816252509825,114,951425
-197.11572166711204,99,951524
-175.15569875599357,96,951620
-281.0314828379412,120,951740
-88.50714073230962,66,951806
-128.6867266625383,100,951906
-148.68873481867143,94,952000
-57.02762562995865,86,952086
-311.2580111413953,137,952223
-417.1142611981196,124,952347
3.682723750350135,115,952462
-158.0027756241223,91,952553
-103.79206305618628,87,952640
-63.0037470787578,110,952750
-100.10952690642867,65,952815
-346.70281734003925,88,952903
-64.50668611792835,72,952975
-98.70198638811672,77,953052
-129.06424857171743,58,953110
-372.48472685172453,80,953190
75.1669103828423,1000,954190
-120.26633732773345,86,954276
-109.40916058098888,67,954343
-248.89895222070098,74,954417
-74.8649031558259,58,954475
-132.45054279803378,114,954589
-51.42248965480989,67,954656
-323.87079406715543,91,954747
-163.2298645504314,100,954847
-138.02104639382563,87,954934
-129.4549357146594,64,954998
-101.9569401426375,70,955068
-219.8854827209129,120,955188
-87.73432465362245,110,955298
-312.22447625232223,86,955384
-13.634202280929344,114,955498
-265.7537901457296,96,955594
-98.72858111931959,144,955738
-162.4657140508764,89,955827
-181.7020288574041,122,955949
-93.18058874002485,67,956016
-102.20271575897996,114,956130
-113.02346899091366,91,956221
-487.4308453186441,85,956306
-87.02969705290796,72,956378
-35.34387451219797,129,956507
-181.42358926139622,101,956608
-107.48079285119242,69,956677
-142.8556842590206,88,956765
-243.75617500394935,82,956847
-313.78890843135133,129,956976
-120.54395071133595,63,957039
-134.97478788267236,88,957127
-109.37264373368147,67,957194
-102.17528207370327,102,957296
-252.41481776676744,106,957402
-47.76808584973716,75,957477
-163.44986284792338,66,957543
-403.7357533750766,83,957626
-185.46328712549496,88,957714
-276.57617948297155,100,957814
-76.36208980400764,75,957889
-332.1710569774619,114,958003
-238.19224997843048,110,958113
-288.949724595045,94,958207
-123.0463520740848,88,958295
-331.89265956535866,109,958404
-109.90015310408313,137,958541
-229.26008693345864,88,958629
-105.97123969089226,72,958701
-208.76565468667616,96,958797
-99.22206250310136,64,958861
-93.6383895237069,121,958982
-113.14460457152049,64,959046
-129.61084116424996,83,959129
-132.5275445650772,107,959236
-227.58197554853913,97,959333
-351.5876090188755,101,959434
-429.2592488203152,113,959547
-379.1521913502719,108,959655
-86.88632074476527,60,959715
-85.67942352243497,64,959779
-198.26880360646553,93,959872
-125.50767013472259,89,959961
-101.05456630773743,80,960041
-374.47167391696337,134,960175
-452.2715481160994,103,960278
-85.17566499869137,61,960339
-163.09405053888543,71,960410
-161.90783654554315,115,960525
-173.70325103637333,99,960624
-180.16710569742503,72,960696
-89.55610237898382,70,960766
-208.36104602855607,119,960885
-321.35056183905624,107,960992
-93.24545225653164,72,961064
-102.8791339213609,70,961134
-276.1495049419606,100,961234
-97.62949271483856,61,961295
-127.91817582739819,116,961411
-167.6977792656614,110,961521
-132.99444197883957,103,961624
-352.5980118053593,82,961706
-201.57236435333792,79,961785
-76.4860951396185,66,961851
-68.49393662781056,73,961924
-154.78641045089012,106,962030
-215.57603938634273,102,962132
-131.0709283081687,83,962215
-153.4777828366962,118,962333
-143.5908800131665,122,962455
-109.29370157778136,114,962569
-206.95526137293126,140,962709
-87.13258480179903,63,962772
-187.0186050088806,120,962892
-95.4653746947607,99,962991
-158.94776894487597,85,963076
-107.8143710117609,96,963172
-127.141094557867,108,963280
-218.98218076003866,63,963343
-167.4657595691558,64,963407
-90.00175511918172,80,963487
-147.35376900744959,77,963564
-84.18234097978022,96,963660
-258.0816069789299,104,963764
-207.6380179642435,81,963845
-294.66159493435345,93,963938
-103.17833856727894,64,964002
-91.31258370033174,71,964073
-13.365379118040366,116,964189
-374.99567284622736,88,964277
-249.4317727698599,121,964398
-135.06331860459397,107,964505
-211.87267567989693,114,964619
-133.46565200697185,135,964754
-88.46024939208544,75,964829
-128.6651540756153,90,964919
-162.4454365025938,86,965005
-237.4111546071746,109,965114
-475.807246455435,86,965200
-229.62640142273492,99,965299
-110.47777477729694,77,965376
-477.9064381125755,92,965468
-60.54776533328474,120,965588
-174.72321202684373,74,965662
-271.90981823124804,107,965769
-275.69011731324156,101,965870
-76.13601640657562,107,965977
-53.81184746609554,63,966040
-341.9779569346873,100,966140
-107.63108192133159,86,966226
-93.18988001557128,70,966296
-111.3905100080741,99,966395
-292.52399747688804,97,966492
-184.03617324821585,76,966568
-81.61789126033726,70,966638
-140.02829686927532,100,966738
-133.6870913494625,121,966859
-85.27006189792726,76,966935
-284.5654849182498,70,967005
-75.65961007773589,64,967069
-42.141202445203305,66,967135
-170.8124005625254,85,967220
-34.087719358522975,75,967295
-178.50733801764977,102,967397
-152.28315632266526,115,967512
-162.53478114280324,88,967600
-101.85364499700256,85,967685
-103.59515409151895,77,967762
-110.24627621354838,65,967827
-133.5020532461454,90,967917
-307.58411998274335,81,967998
-224.7394447211171,96,968094
-93.50380268727514,70,968164
-135.36055133492124,93,968257
-98.4646737961271,78,968335
-31.64095996321575,103,968438
-322.20741419559283,101,968539
-222.77058086332536,63,968602
2.500407230312234,117,968719
-129.87964783498728,96,968815
-94.28331911056614,71,968886
-140.62066885254563,105,968991
-233.96284564635124,114,969105
-113.14658594685282,75,969180
-118.72125095802829,119,969299
-88.99985962547348,65,969364
-134.32786747924217,81,969445
-74.83585189496891,62,969507
-158.24019015717744,81,969588
-148.84910028740575,85,969673
-273.5732947774542,80,969753
-129.47145303407632,95,969848
-92.65466276264345,81,969929
-117.57313632493717,86,970015
-305.97847996009347,65,970080
-92.90036935912953,81,970161
-146.81039082345222,123,970284
-161.3311700172481,133,970417
-117.60967077831395,92,970509
-237.5520990484071,76,970585
-107.97375163483059,81,970666
-63.72020387885871,83,970749
-150.66110809736875,90,970839
-171.239019576159,86,970925
-42.2327324678817,63,970988
-153.88444236991214,69,971057
-69.34372533060035,83,971140
-65.88739941875224,70,971210
14.654704574407432,75,971285
-79.1717180177562,144,971429
-333.15801144832517,137,971566
-80.29895978571551,75,971641
-350.33410835294137,101,971742
-218.6112629843746,83,971825
-111.28733681743905,66,971891
-106.74289315867932,83,971974
-111.93112199252243,70,972044
-326.8759780113142,89,972133
-152.25533084358204,68,972201
-25.610944192559487,111,972312
-142.85908524132486,118,972430
-124.07684845267134,90,972520
-120.16877369114812,103,972623
-217.36753110128637,106,972729
-137.22422360397286,106,972835
-177.41040383360365,72,972907
-71.31590041470483,84,972991
-118.45734499261842,82,973073
-89.69316784554681,78,973151
-111.03869194913005,97,973248
-109.18615441742287,124,973372
-256.30945683304265,84,973456
-380.95081638155716,82,973538
-218.64506271081052,112,973650
-161.3388754831209,71,973721
-317.13874299580584,99,973820
-234.5242990130431,86,973906
-143.6512050767027,98,974004
-145.44312892881533,66,974070
-107.75693223846771,76,974146
-112.30698739893735,72,974218
-287.99045845981925,100,974318
-106.65178679862402,74,974392
-99.46702288401643,85,974477
-147.1227422634401,104,974581
-165.4946135611022,100,974681
-282.3381338200642,109,974790
-395.08720130609015,86,974876
-145.86392483976186,69,974945
-280.0546508716195,80,975025
-124.5106359818085,109,975134
-167.425447188325,133,975267
-166.31648876246788,69,975336
-124.10970469080164,68,975404
-96.2937493967494,63,975467
-230.77641629607422,91,975558
-104.23853996833071,99,975657
-75.22918549950991,79,975736
-336.8690900417814,94,975830
-150.4753732774353,98,975928
-115.11162714236217,95,976023
-134.16771111186503,76,976099
-189.2311831131127,127,976226
-206.8461090613344,102,976328
-127.66841286138592,65,976393
-119.7792103226844,80,976473
-163.95030565654065,69,976542
-142.0350881934849,117,976659
18.712549009418495,99,976758
-220.8743946334161,104,976862
-11.699950862091413,117,976979
-228.5176179804156,98,977077
-306.6437626889593,90,977167
-335.72928996709084,96,977263
-124.04825582645043,92,977355
-266.99876869866404,73,977428
-339.20690215506806,91,977519
-408.7355670065729,119,977638
-65.54846136555862,68,977706
-114.23871554392468,103,977809
-237.2591841443973,95,977904
-120.4869427328564,61,977965
-180.17552142392816,89,978054
-65.96099380335076,59,978113
-99.28986888541422,102,978215
-85.7603012319662,68,978283
-136.90845493200038,109,978392
-49.423284200383826,72,978464
-205.10464929901866,123,978587
-221.20757634726442,113,978700
-209.95878550911493,94,978794
-175.3423483455074,65,978859
-223.18718593334893,84,978943
-105.12588123947847,104,979047
-198.75463087722125,93,979140
-108.34862445767547,115,979255
-132.64598725852676,82,979337
-410.31779498217753,113,979450
-121.20732331489351,102,979552
-192.80021725398035,141,979693
-223.3053735899232,105,979798
-97.92828780871245,93,979891
-170.48271069807458,64,979955
15.7454679292875,97,980052
-71.33686587993935,125,980177
-83.63930486397646,69,980246
-186.98658250260758,82,980328
-117.29019831316472,67,980395
-62.61054595771866,78,980473
-128.8780322550927,98,980571
-131.85244905966763,96,980667
-61.00581483925336,59,980726
-251.83202778794245,98,980824
-76.76992262172087,73,980897
-88.65816262740584,76,980973
-105.65453170186758,73,981046
-181.52575597165213,106,981152
-102.71057852209874,68,981220
-127.74586839401447,71,981291
-218.67843017963514,102,981393
-105.26004703582771,112,981505
-110.38665840095435,85,981590
-478.4638168153589,112,981702
-59.15625326621251,62,981764
-160.12677320889708,84,981848
-223.5993775993133,102,981950
-238.1622628500745,93,982043
-516.6921620360679,82,982125
-154.69940922470664,67,982192
-117.87852200122391,72,982264
-293.02845193436644,111,982375
-77.64597607174059,69,982444
-351.5456478182617,98,982542
-266.8805178219908,92,982634
-114.9558302383397,76,982710
-114.95829376342854,101,982811
-460.9032444330295,98,982909
-225.62965549596134,78,982987
-339.30654122195193,107,983094
-186.4425602356505,109,983203
-129.00543905913676,102,983305
-132.68988680701807,71,983376
-82.14226530022094,67,983443
-101.93169512925867,66,983509
26.387374962410078,96,983605
-354.7837992384643,82,983687
-382.7388907656071,76,983763
-282.7397936314205,101,983864
-281.12194424505196,105,983969
-251.28690533377574,107,984076
-278.8121631529716,86,984162
-99.61313449806333,65,984227
-262.6239808926498,115,984342
-239.29302171999103,143,984485
-384.08177451782683,126,984611
-211.1150554814565,102,984713
-225.25848494604128,90,984803
-104.42990763498518,71,984874
-158.99111594055705,85,984959
-353.3863032125947,106,985065
-178.65640964325763,65,985130
-269.60890384578164,107,985237
-340.66634400209705,99,985336
-58.72767190110031,108,985444
-61.16507293953839,117,985561
-119.43083820826422,81,985642
-192.48866922181358,73,985715
-182.44937787220942,73,985788
-182.01767413494403,91,985879
-121.67239731527779,89,985968
-231.32368781633198,82,986050
-25.929825596339285,93,986143
-125.16326101692934,74,986217
-175.8429627369238,70,986287
-243.1586511287371,78,986365
-137.29970965993908,98,986463
-66.85945711971327,76,986539
-125.03689847263428,86,986625
-88.6438672619482,67,986692
-217.41725745478448,101,986793
-343.2555068067153,88,986881
-148.74432191861604,68,986949
-302.67345037375514,118,987067
-204.44107108305735,107,987174
-44.04502745984388,69,987243
-100.12863420034762,111,987354
-384.2341708978592,112,987466
-68.78876520996573,75,987541
-76.36090430088365,75,987616
-160.82791733995208,73,987689
-108.9151049458897,77,987766
-199.51761643575242,80,987846
-281.0974646319578,89,987935
-197.04040866711048,99,988034
-137.93074360955717,90,988124
-77.69360446144073,75,988199
-301.805518688316,85,988284
-416.1759334116496,145,988429
-216.5522952591155,69,988498
-288.30587897044336,98,988596
-66.38290083923086,84,988680
-107.43419136728946,89,988769
-107.721804921097,102,988871
-243.92266484501877,131,989002
-121.1487530078305,102,989104
-100.41614177648948,67,989171
-62.70822417737919,62,989233
-137.56675264501598,78,989311
-246.1010637746166,92,989403
-174.31762731222494,109,989512
-97.28497699417922,66,989578
-96.70157790384083,66,989644
-185.74733380810514,104,989748
-90.82086567566091,74,989822
-147.79612890802767,76,989898
-145.5361111688761,98,989996
-152.73051702694914,62,990058
-84.70626155753263,78,990136
-235.56884442555628,72,990208
-335.7295027050051,117,990325
4.571174741167141,120,990445
-71.1148579885255,77,990522
-131.99583874273355,114,990636
-419.9289544741626,114,990750
3.097208925898883,121,990871
-53.06002917576238,80,990951
-15.776705445608911,91,991042
-493.88030807386446,120,991162
-173.11234513082266,86,991248
-102.94380410386314,67,991315
-50.57718540309736,86,991401
-113.5975511184291,97,991498
-252.89111727210943,86,991584
-272.0731096716449,112,991696
-256.6114263400797,111,991807
-189.38864350623692,88,991895
-180.4619302854436,67,991962
-145.04516748381852,67,992029
-162.39148719070795,121,992150
-78.21144611702015,60,992210
-161.96680604289912,107,992317
-153.05468382520866,82,992399
-328.31726401480813,109,992508
-290.16206848088035,84,992592
-57.67273756623779,72,992664
-211.47955590392968,91,992755
-109.44123718101905,77,992832
-458.4567804188327,136,992968
15.104591515189568,85,993053
-131.74071329450067,79,993132
-47.158433054687166,69,993201
-225.3019838107928,82,993283
-272.03172531396774,107,993390
-110.37646609725797,116,993506
-231.3567862763805,98,993604
-13.18253278117848,78,993682
-72.19728708615753,112,993794
-40.58902719351569,67,993861
-257.2655387955889,102,993963
-257.7395053036998,70,994033
-127.40657196750944,92,994125
-128.08822820528613,101,994226
-490.98317171926743,124,994350
-359.5076971734909,119,994469
-92.22347737508876,72,994541
-118.19087294824408,85,994626
-77.73187117055681,72,994698
-144.25126057564756,143,994841
-171.3232042472111,104,994945
-124.25174512757877,95,995040
-149.2206864579533,114,995154
-113.60410274133848,75,995229
-343.0617704978454,88,995317
-14.04138477887416,91,995408
-76.92437798471278,72,995480
2.445326071827367,145,995625
-136.936380761534,86,995711
-262.6517597528208,72,995783
-210.24528754707825,98,995881
-104.34022309562873,63,995944
-323.0054555589777,100,996044
-90.1820826763732,69,996113
-52.58861285669343,119,996232
-259.8430018485384,119,996351
-345.79537013453603,85,996436
-94.72247351223109,62,996498
-78.82361136952645,69,996567
-123.27763419786027,65,996632
-125.05296586990475,70,996702
-306.78397022530265,74,996776
-20.264295183706693,76,996852
-305.97087675376775,92,996944
13.37637779378214,60,997004
-310.8614038205903,92,997096
-241.441510734618,117,997213
-151.5316364476328,80,997293
-472.78517745543405,113,997406
-253.57384387489924,82,997488
-83.6473220317535,61,997549
-85.26125483758554,80,997629
-117.2977893466825,95,997724
-69.71491736926319,71,997795
-104.09894322128255,83,997878
-158.4972485812787,130,998008
-354.44463677857874,119,998127
-106.90648779345977,57,998184
-102.20924623857333,61,998245
-132.6287380859647,85,998330
-131.4074726208485,70,998400
-28.532339207693184,67,998467
-178.24776427037386,113,998580
-258.6395856333277,97,998677
-152.52446172764806,65,998742
-95.11648421583718,69,998811
-206.93744246378324,72,998883
-471.3158907403395,85,998968
-135.52728508059084,90,999058
-79.49017968693133,67,999125
-77.87636655762796,119,999244
-187.9618390311656,136,999380
-118.03704590222685,87,999467
-229.41045927672334,95,999562
-197.1242757432624,71,999633
-195.5390812852176,105,999738
-289.07863605495834,128,999866
-107.00721990847555,123,999989
-87.06500422174301,66,1000055
-352.10607583706394,124,1000179
-574.740104651988,84,1000263
-351.06110423369785,112,1000375
-70.57305645567814,74,1000449
-490.71784992050635,90,1000539
-326.81586306246356,100,1000639
-395.2800622640858,96,1000735
-343.4412138649871,79,1000814
-112.64069356023998,74,1000888
-136.90190717359138,86,1000974
-245.14049344226802,101,1001075
-307.52610021774797,96,1001171
-93.7175877743011,63,1001234
-266.3404801354657,81,1001315
-191.29517813822605,71,1001386
-125.91646379747286,87,1001473
-128.75954217078785,99,1001572
-107.01672676218601,87,1001659
-122.67142742156689,67,1001726
-111.94296922904667,59,1001785
-91.00317569503001,76,1001861
-414.9782004783552,104,1001965
-101.2640419879392,110,1002075
-39.42100604823571,76,1002151
-406.1758164002761,113,1002264
-152.480430102787,97,1002361
-149.61930144790375,67,1002428
-90.08484183025693,73,1002501
-114.70208223522569,99,1002600
-324.6165271369249,99,1002699
-194.7267188716381,115,1002814
-350.34978780535494,99,1002913
-225.967286920044,90,1003003
-75.12968324858744,60,1003063
-132.29255276016482,77,1003140
-138.85340008570824,72,1003212
-86.11402062722422,75,1003287
-85.84609136565321,81,1003368
-100.37227806275344,121,1003489
-206.22364952396816,111,1003600
-124.91652211719419,68,1003668
-151.90974523779192,83,1003751
-122.03369207063929,59,1003810
-157.42759321408158,79,1003889
-216.70869065258768,134,1004023
-57.4106041002364,72,1004095
-120.49124692326536,91,1004186
-213.1457887870225,82,1004268
-73.73568416651665,73,1004341
-188.52087774419684,64,1004405
-327.079453457005,75,1004480
-304.71118969732186,118,1004598
-131.82940323415212,86,1004684
-243.2188043810344,106,1004790
-212.16687714507972,110,1004900
-339.29293929795506,145,1005045
-80.50583234771722,68,1005113
-274.1282776644263,78,1005191
-191.7892872937246,67,1005258
-169.81860860132986,94,1005352
-96.06092334765155,67,1005419
-332.1291528204018,101,1005520
-109.24429222340979,98,1005618
-114.40911507946805,85,1005703
-94.58333691566621,74,1005777
-170.03136430203386,95,1005872
-207.54113271771195,96,1005968
-379.83849295230544,114,1006082
-244.16085027912982,102,1006184
-101.11876661475065,60,1006244
-132.3391080648824,84,1006328
-234.6999813127525,71,1006399
-72.25133925901095,65,1006464
-99.79041189098187,123,1006587
-206.88257302859657,77,1006664
-123.18403906355678,90,1006754
-186.63964817457097,131,1006885
-90.66628193999414,59,1006944
-189.6035216566285,64,1007008
-93.6589895504636,72,1007080
-177.16874743988512,57,1007137
-183.4751455995239,107,1007244
-275.4811075852701,89,1007333
-101.63268710945347,98,1007431
-80.42452860126853,79,1007510
-188.53785306933213,95,1007605
-119.09657442840108,115,1007720
-74.77278336087355,69,1007789
-145.67189968600252,82,1007871
-109.51942005482599,65,1007936
-369.9955143057838,104,1008040
19.16329384710025,98,1008138
-157.2967536677209,89,1008227
-221.84265246920495,101,1008328
-31.828235836225417,76,1008404
-190.18726220737872,124,1008528
-328.76613016111526,86,1008614
-383.66503597376266,88,1008702
-335.2419457018058,117,1008819
-86.62432951205301,64,1008883
-280.518816404939,149,1009032
-211.37123893459798,77,1009109
-363.1409269417684,116,1009225
-66.02403863863489,67,1009292
-367.5247325857674,115,1009407
-147.61666752310106,76,1009483
-211.28402921591888,77,1009560
-161.44624775103074,138,1009698
-172.21369314986526,116,1009814
-111.72820767022841,71,1009885
-169.2350618874538,141,1010026
-291.8002854319641,84,1010110
-108.1036095244769,92,1010202
-180.45096501011386,59,1010261
-133.6858393152296,89,1010350
-107.71111075571339,57,1010407
-121.67283917589965,68,1010475
-90.70372717915944,65,1010540
-80.30675753458917,118,1010658
-434.5399241164787,78,1010736
-177.9024710425942,108,1010844
-162.2323986116249,108,1010952
-562.8810461458859,111,1011063
-134.1145474748916,63,1011126
-145.0818242900286,73,1011199
-332.3105014367311,110,1011309
-265.7456983059802,118,1011427
-339.8195185753343,89,1011516
-96.42823699757497,89,1011605
-253.71844218951483,76,1011681
-106.20738983927194,123,1011804
-440.6183007942152,110,1011914
-104.12441667564042,82,1011996
103.53139762191977,1000,1012996
-116.19312139691489,95,1013091
-160.18551288414824,92,1013183
-118.89877841548825,96,1013279
-406.00661016296493,92,1013371
-379.37778926685723,102,1013473
-180.5591502959381,72,1013545
-102.80511728122234,80,1013625
-180.65858617747148,86,1013711
-168.82777742699503,64,1013775
-252.86986004041893,104,1013879
-142.14131422707624,76,1013955
-412.8814696879797,114,1014069
-100.7716243658129,66,1014135
-133.12016928733604,129,1014264
-121.63382642727446,78,1014342
-274.7856464087065,89,1014431
-388.0396270030891,107,1014538
-150.14544591420577,119,1014657
-111.91078476617722,66,1014723
-132.17787283245292,87,1014810
-290.3310222070737,108,1014918
-118.47985876621512,134,1015052
-103.9709256673207,59,1015111
-502.99759811938986,108,1015219
-119.35460863595651,72,1015291
-115.63876192341473,75,1015366
-320.40731171592086,109,1015475
-95.61009276270488,71,1015546
-110.91143900926518,64,1015610
-208.29912658691262,146,1015756
-45.83803504695433,66,1015822
-175.11015194808468,92,1015914
-322.4839948482879,92,1016006
-165.10110535892795,51,1016057
-88.46887722366706,73,1016130
-79.45043860249758,96,1016226
-100.17140022472644,94,1016320
-122.24716708221949,94,1016414
-392.9695957299608,102,1016516
-342.64080700705426,114,1016630
-104.65834688976788,101,1016731
-87.58517773867348,117,1016848
-131.50395943608123,67,1016915
-131.55465548588097,98,1017013
-141.85981718531406,68,1017081
-212.26573252482422,134,1017215
-119.72750535269489,85,1017300
-419.46673835123084,97,1017397
-132.67467553260602,107,1017504
-149.57696068450358,89,1017593
-169.85664209641146,91,1017684
-76.29436081848328,72,1017756
-115.15124057203678,92,1017848
-101.07835649229878,91,1017939
-433.6360893044168,101,1018040
-68.81866823550803,63,1018103
-102.1014928194806,93,1018196
-512.3139982584174,99,1018295
-121.85909507430432,82,1018377
-90.06971336947515,70,1018447
-302.4294436990641,114,1018561
-138.2065303338158,115,1018676
-448.6605271180842,94,1018770
-114.90569054973201,96,1018866
-198.48528355051403,81,1018947
-319.8201166068158,98,1019045
-261.7923280969126,88,1019133
-83.06937322788835,64,1019197
-225.60535776699143,78,1019275
-276.7224258908408,120,1019395
26.73915046889867,119,1019514
-242.23994151659443,84,1019598
-149.15472794266987,86,1019684
-168.41446857215203,127,1019811
-115.12476011654006,94,1019905
-251.18151197005534,105,1020010
-16.362811253148692,107,1020117
-66.01595205381281,63,1020180
-422.1646977068608,96,1020276
-273.4162147197734,111,1020387
-170.97011827068002,81,1020468
-282.98694512055135,92,1020560
-346.7491315706968,121,1020681
-220.22872580270243,132,1020813
-97.75765624213379,116,1020929
-295.08734623469866,117,1021046
-116.59575917595747,90,1021136
-69.84651869135573,70,1021206
-142.08186111025344,122,1021328
-333.7794412847077,106,1021434
-126.65569408236198,74,1021508
-302.08974006984977,97,1021605
-313.1858043535159,91,1021696
-555.621066160553,91,1021787
-243.26416230413972,106,1021893
-91.73992942584299,67,1021960
23.655897432568906,1000,1022960
-112.9594850955757,82,1023042
-252.52016592869703,131,1023173
-178.43372118671195,78,1023251
-162.7434272819263,64,1023315
-301.6538725012802,93,1023408
-124.65375562244259,75,1023483
-57.51462448391716,76,1023559
-372.4783959380658,90,1023649
-135.3756017200904,87,1023736
-198.88051523982463,135,1023871
23.679765187508693,99,1023970
-111.89032357977729,87,1024057
-118.57577119799527,89,1024146
-289.45976255516496,89,1024235
-186.94555895827258,110,1024345
-335.12976859427283,105,1024450
-252.46384983495483,98,1024548
-144.77978461824858,143,1024691
-137.9041640765316,103,1024794
-163.68462333057488,122,1024916
-155.56575135159233,98,1025014
-218.29980568128417,98,1025112
-364.7108932420405,94,1025206
-109.85521883228971,88,1025294
-119.13285217154603,80,1025374
-98.53269068647194,57,1025431
-144.1343703724428,105,1025536
-94.6643902478024,109,1025645
-247.54603837572725,120,1025765
-168.2627924248423,74,1025839
-121.85489476146532,58,1025897
-227.2375080980527,68,1025965
-402.6973747246152,94,1026059
-363.9682167312701,99,1026158
-281.0641479644938,112,1026270
-92.42752174103396,76,1026346
-77.7256195358834,64,1026410
-118.47504510318286,101,1026511
-122.93170874338777,129,1026640
-220.87306202577628,114,1026754
-336.51833765865445,88,1026842
-124.8255150808378,93,1026935
-93.15891084423485,75,1027010
-94.60866896259266,61,1027071
-207.71546396572296,80,1027151
-71.336237497367,77,1027228
-187.85066974827714,67,1027295
-108.14797888924647,115,1027410
-39.884484534383034,111,1027521
-167.4070750828365,104,1027625
-103.35242313924346,101,1027726
-353.6921022257261,104,1027830
-211.04415253600632,85,1027915
-142.27854096537416,61,1027976
-294.573811690763,105,1028081
-385.08440660230565,73,1028154
-432.14223710508753,112,1028266
-290.0678798996064,81,1028347
-108.44422107161722,107,1028454
-349.9566711638919,100,1028554
-102.9920389957473,59,1028613
-95.26982401634395,90,1028703
-8.223607604934998,90,1028793
-86.20225259192225,66,1028859
-79.97431255200037,59,1028918
-95.12708027212345,70,1028988
-126.08243199299218,64,1029052
-97.1893003347162,59,1029111
-117.02022923063149,82,1029193
-395.974894435846,95,1029288
-74.32696427534448,60,1029348
-56.27331117075495,69,1029417
-50.21836795811933,80,1029497
-124.40710032052887,105,1029602
-110.54031231557938,82,1029684
-238.25518928410207,77,1029761
-101.03027613619389,74,1029835
-116.86752022989185,92,1029927
-143.9564948154076,109,1030036
-400.88889190226627,93,1030129
-217.57155465766945,56,1030185
-327.6780208600544,91,1030276
-87.14016791102702,68,1030344
-54.896325574027934,62,1030406
-123.11948130582945,66,1030472
-419.89065728056977,96,1030568
-286.8261963263222,98,1030666
-197.8360968002142,82,1030748
-341.04935819897787,102,1030850
-388.72996187039973,110,1030960
-440.9530414721295,85,1031045
-251.27645040234262,99,1031144
-85.64709951501194,72,1031216
-76.78847991238864,68,1031284
-400.19161344899993,82,1031366
-320.76182737459305,109,1031475
-138.21251937021566,70,1031545
-130.4637881459859,121,1031666
-127.28739487247931,77,1031743
-233.6444221481481,103,1031846
-190.48193370585415,112,1031958
-123.99362052766938,68,1032026
-105.18490823117051,100,1032126
-156.9090511933111,83,1032209
-123.20872310951748,88,1032297
-104.95867937099344,108,1032405
-70.76439314402667,110,1032515
-169.25355417082733,75,1032590
-240.71487714790067,68,1032658
-129.35519697312682,88,1032746
-88.74836726863589,80,1032826
-89.147896917793,63,1032889
-248.17294050203276,63,1032952
-91.2932369324146,87,1033039
-74.4742780164184,70,1033109
-108.75691696369094,117,1033226
-322.3266020092343,126,1033352
-77.22289294866262,65,1033417
-135.93326529403103,123,1033540
-225.04871912199988,88,1033628
-347.7641970857941,90,1033718
-269.3065357133927,91,1033809
-101.8218382090374,69,1033878
-115.33579133278641,56,1033934
-79.85078342391691,61,1033995
-362.1253384396026,96,1034091
-119.67674850353363,61,1034152
-331.04327108558897,128,1034280
-111.21779416712805,79,1034359
-93.00459602451112,95,1034454
-123.85088446427415,69,1034523
-132.78635185412242,81,1034604
-88.80367346874502,92,1034696
-252.19738788295976,101,1034797
-152.500351073462,67,1034864
-186.80019254569035,75,1034939
-93.06307339382823,65,1035004
-514.585329954499,87,1035091
-130.85866030086873,98,1035189
-148.01452954395955,73,1035262
-101.93307362071627,76,1035338
-174.24312738859697,73,1035411
-386.48908647208305,78,1035489
-122.00580779711417,135,1035624
-413.3357438951379,101,1035725
-65.75665064785628,62,1035787
-228.63820110111507,112,1035899
-110.19379646509489,96,1035995
-238.98264772364217,66,1036061
-87.59191554165577,62,1036123
-466.66714725423594,95,1036218
-407.0008141824863,100,1036318
-102.47367039105983,102,1036420
-104.78514258630331,64,1036484
-285.3162879731833,97,1036581
-218.25769643391618,99,1036680
-140.18912916191337,71,1036751
-163.30921193297024,123,1036874
-244.83162114040928,128,1037002
-162.07905307815616,105,1037107
-323.1685413441546,93,1037200
-249.15111196338103,82,1037282
-364.7001191177872,108,1037390
-109.05591437546192,121,1037511
-225.88116102958537,106,1037617
-400.78010339230036,98,1037715
-112.52860633942512,80,1037795
-188.35478406769477,123,1037918
-430.8592550547169,91,1038009
-72.39136145925673,77,1038086
-125.95068178292946,88,1038174
-106.29337572908594,61,1038235
-438.43487127075764,114,1038349
-83.29723410521444,122,1038471
-362.9673315472197,99,1038570
-237.12754080480215,82,1038652
-35.56270673213571,97,1038749
-138.04908454854308,77,1038826
-151.66928493140432,91,1038917
-141.94239771449526,103,1039020
-139.620432307256,104,1039124
-165.59436734694538,79,1039203
-224.2967524314343,142,1039345
-65.89692373721053,64,1039409
-266.37447539229265,112,1039521
-82.74169674532561,80,1039601
-211.83343748241793,81,1039682
-166.512842894036,93,1039775
-118.76604966270847,115,1039890
-327.45333300039533,120,1040010
-240.84408668255082,72,1040082
-133.79015655190983,78,1040160
-269.92484862140793,82,1040242
-329.34120541382106,99,1040341
-199.20010965361877,102,1040443
-112.17182245412424,95,1040538
-216.8771443918456,116,1040654
-183.57287581493216,126,1040780
-99.62322113811999,73,1040853
-256.817408086379,76,1040929
-271.66607778872606,79,1041008
-106.21734688511404,120,1041128
-330.95463304975556,77,1041205
-61.95298584557151,111,1041316
-94.11694963608886,64,1041380
-104.13877283145152,111,1041491
-122.15716013153988,73,1041564
-125.87845538339481,70,1041634
-60.53231514643892,71,1041705
-193.03734622240677,92,1041797
-276.1020219059756,119,1041916
-17.667653336990185,96,1042012
-216.16938079821483,76,1042088
-350.14738062098604,95,1042183
-105.95677998232085,141,1042324
-261.55112935129006,114,1042438
-189.86785141503304,67,1042505
-357.17091146580185,128,1042633
-117.18423897926904,87,1042720
-353.58822386334964,96,1042816
-64.0306416132457,67,1042883
-108.60400186965883,104,1042987
-101.47961941763513,122,1043109
-181.95716217561304,70,1043179
-206.52999573874837,69,1043248
-119.90226406450691,79,1043327
-197.5110425309137,117,1043444
-378.68393112609266,105,1043549
-298.1429768738812,93,1043642
-296.2702619543463,104,1043746
-141.3816855103548,81,1043827
-183.84904118866876,61,1043888
-102.21973757787707,97,1043985
-156.36986382388898,98,1044083
-212.1250905462881,119,1044202
-212.0353034339457,109,1044311
-139.1963981138549,96,1044407
-107.78375004175692,76,1044483
-431.29207981713546,81,1044564
-95.57662601740694,111,1044675
-145.63686155710252,72,1044747
-116.23255183093596,97,1044844
-326.3576456672173,96,1044940
-97.92023575808075,67,1045007
-167.50843360579893,129,1045136
-232.73168973231196,96,1045232
-257.5309532886349,110,1045342
-230.39398951657503,116,1045458
-115.28312854102812,60,1045518
-70.68544482996735,80,1045598
-267.19408561277555,85,1045683
6.906048884343477,100,1045783
-98.80083673692835,86,1045869
-80.59578334945714,75,1045944
-169.98006466719204,98,1046042
-375.64469183998824,101,1046143
-178.16302492695564,74,1046217
-126.77137423175243,107,1046324
-111.72321221191339,67,1046391
-226.97193926207996,90,1046481
-32.863387087472134,123,1046604
-74.9915895094306,105,1046709
-75.9089390205575,96,1046805
-136.08882107597955,88,1046893
-118.14690574205139,92,1046985
-61.53788438239103,62,1047047
-126.05410644441247,77,1047124
-80.99701915131247,81,1047205
-403.40772104668076,112,1047317
-497.85590317622973,104,1047421
-213.46077662789787,91,1047512
-51.13459157314452,76,1047588
-223.4822138134832,116,1047704
-419.9737491136368,84,1047788
-51.59877040987318,61,1047849
-59.39105615457446,69,1047918
-395.40033518006635,85,1048003
-89.49163741476373,140,1048143
43.6721602941775,134,1048277
-145.51362416662795,77,1048354
-353.3534169666058,85,1048439
-307.3380675873385,121,1048560
-95.22269973467279,65,1048625
-310.8649117482346,96,1048721
-126.08630416354654,79,1048800
-189.40067514870793,107,1048907
-270.9406819885779,78,1048985
15.62772689317319,82,1049067
-77.68766201077858,70,1049137
-65.86805288893181,65,1049202
-97.73008259710174,66,1049268
-163.4445818447113,115,1049383
-194.19263560821537,72,1049455
-113.81799717295902,99,1049554
-89.10283373566311,102,1049656
-277.26704574251727,93,1049749
22.273421413883668,123,1049872
24.692501721885463,79,1049951
-223.0054551430636,121,1050072
-237.31731180220612,111,1050183
-336.19234855174733,110,1050293
-104.69091282110128,84,1050377
-252.22375139385974,114,1050491
-68.26350928900894,56,1050547
-124.78665859253373,86,1050633
-161.75565730920832,114,1050747
-247.88064523627278,110,1050857
-369.1117198214422,89,1050946
-99.17008149831648,136,1051082
-36.243296686527046,89,1051171
-124.95356170513121,95,1051266
-115.18489736563726,119,1051385
-155.0028169253711,63,1051448
-452.3273805186308,87,1051535
-132.83805367033813,67,1051602
-132.60543088720607,85,1051687
-95.09480902384121,90,1051777
-261.10850405959195,105,1051882
-183.1659390618562,110,1051992
-399.59851487535354,113,1052105
-100.79196070784855,61,1052166
-364.238372615871,91,1052257
-245.50710576575173,95,1052352
-164.8256449171734,108,1052460
-86.4852328525877,85,1052545
-127.37684276041112,88,1052633
-306.7376467047262,104,1052737
-330.21090525281335,85,1052822
-115.86206148677925,61,1052883
-311.0679782295704,96,1052979
-109.55958462560517,89,1053068
-154.49467523517978,143,1053211
-107.84357236511283,88,1053299
-76.10688316313846,65,1053364
-137.38161572564712,91,1053455
-143.5937120266872,81,1053536
-160.61593857742946,76,1053612
-102.74251664383179,65,1053677
-346.1917624676996,96,1053773
-184.1153983731478,71,1053844
-117.3784748099606,75,1053919
-132.8221436256036,70,1053989
-141.81243024941932,73,1054062
-222.20519939077494,107,1054169
-70.15629280569749,98,1054267
-90.93664917763901,70,1054337
-417.5899689149496,108,1054445
-386.5040883503198,103,1054548
-295.6331265930743,121,1054669
-162.47402067823379,94,1054763
-407.4922699581447,102,1054865
-218.23294181185213,93,1054958
-248.1613277024821,72,1055030
-147.5601950660792,112,1055142
-310.16041602054906,128,1055270
-147.47013783503803,99,1055369
-317.3899952720262,96,1055465
-377.14274086382136,71,1055536
-85.04569511498929,102,1055638
-74.38536073266623,118,1055756
-314.06056956961527,80,1055836
-59.95645945781334,60,1055896
-86.97468829509016,69,1055965
-175.22238063444274,85,1056050
-342.81914777134205,98,1056148
-330.3774522617855,108,1056256
-90.21203696220047,75,1056331
-176.99321895181956,66,1056397
-94.74575283729263,100,1056497
-140.87441940958178,105,1056602
-64.9502189818794,65,1056667
-107.22812081143192,110,1056777
-85.21091274179527,72,1056849
-317.09711912119724,103,1056952
-228.2948853897115,129,1057081
-77.05047251201849,68,1057149
-434.95716093672394,92,1057241
-380.0906466453655,114,1057355
-154.59559494917136,89,1057444
-84.4653451835398,81,1057525
-301.33562969261754,119,1057644
-100.42126041354715,73,1057717
-110.27501577569346,107,1057824
-169.91883156133133,106,1057930
-247.3999597319633,88,1058018
-322.40726892288666,76,1058094
-318.0644448870011,104,1058198
-311.1675093671963,70,1058268
-354.97579887533857,84,1058352
-120.56301744554995,69,1058421
-91.77823663372412,65,1058486
-110.60517170761763,95,1058581
-88.34573990293363,68,1058649
-94.08459813375391,68,1058717
-228.7528145794709,69,1058786
-73.7863699954193,93,1058879
-482.7845467497301,127,1059006
-117.84240344067301,109,1059115
-262.88612391696256,104,1059219
-120.74513666212088,58,1059277
-434.01855469460213,95,1059372
-139.67405056834454,100,1059472
-331.7914794382382,89,1059561
17.37159396301108,73,1059634
-124.8564083787823,73,1059707
-90.85634097717305,153,1059860
-221.5209586782494,91,1059951
-315.8632905847694,103,1060054
-131.25173635841278,110,1060164
-98.08058546911882,59,1060223
-98.74350563679614,86,1060309
-303.33612666275525,86,1060395
-139.28261587041354,78,1060473
-243.2069340670124,106,1060579
-92.29814548105209,76,1060655
-296.7911890789028,113,1060768
-87.08788378957792,58,1060826
-174.61163172806965,109,1060935
-170.5619021874624,96,1061031
-69.38494379874643,66,1061097
-144.53759398752862,80,1061177
-58.6408424348501,83,1061260
-191.26173382762158,103,1061363
-275.45289892410335,87,1061450
-100.01294655185728,105,1061555
-123.10195580651401,111,1061666
-355.31083402013905,86,1061752
-143.5171863274989,121,1061873
-273.48951218441726,93,1061966
-134.26542885251735,94,1062060
-177.11103475237257,89,1062149
-452.2746029557554,102,1062251
-112.33187058513978,91,1062342
-339.6245652814266,116,1062458
-125.51499866113569,130,1062588
-500.90467728789986,91,1062679
101.54803677990186,1000,1063679
-116.66813263080459,107,1063786
-131.56984816295738,117,1063903
-77.66835706518748,67,1063970
-230.3611166681602,76,1064046
-70.11393137042526,82,1064128
-110.53088325579947,71,1064199
-321.97647560747913,127,1064326
-129.97295616152613,57,1064383
-67.2194016066355,81,1064464
-177.7739664645407,77,1064541
-235.08430389391293,92,1064633
-40.42335113382872,99,1064732
-35.753327376511024,65,1064797
-100.45061960945463,81,1064878
-116.07698254108868,58,1064936
-83.11525009091116,68,1065004
-155.99677231981897,116,1065120
-140.3660182262784,86,1065206
-334.0242757084649,94,1065300
-168.37646883067205,97,1065397
-93.24355586452347,69,1065466
-267.0348396653695,87,1065553
-209.12334991639165,74,1065627
-199.96806973653293,91,1065718
-297.78495567050305,152,1065870
-201.03397921877365,116,1065986
-118.00972958811857,66,1066052
-182.01011368228677,68,1066120
-187.84222915225985,121,1066241
-95.99957098252689,87,1066328
-156.70027021777037,58,1066386
-92.43929116321783,68,1066454
-91.16843506185866,79,1066533
-175.19924252896283,103,1066636
-138.30156474650187,86,1066722
-336.92311090274006,89,1066811
-249.30017545997254,70,1066881
-492.61812271798846,119,1067000
-53.81880714055773,92,1067092
-193.5363646755603,115,1067207
-63.510291320368275,75,1067282
-219.56897902211693,72,1067354
-325.6684644566544,95,1067449
-109.40807609806764,80,1067529
-129.90049890139466,106,1067635
-44.50284911190096,64,1067699
-59.86075948530219,71,1067770
-327.3505980068366,95,1067865
-148.19526819871362,80,1067945
-154.61113774981465,69,1068014
-196.99484810563905,71,1068085
-137.42560515981185,84,1068169
-109.4115131177742,124,1068293
-87.4283446419213,64,1068357
-236.1541144444952,119,1068476
-435.47304295734864,107,1068583
-131.8036768713294,59,1068642
-495.6798893793487,92,1068734
-226.92133944420854,103,1068837
-273.2437544301106,111,1068948
-75.98089411117152,57,1069005
-178.92581276601373,89,1069094
-187.14096303660511,81,1069175
-51.94909406660511,80,1069255
-161.19421903078006,83,1069338
-149.55537119140985,91,1069429
-72.30630414918592,98,1069527
-394.0059349469589,99,1069626
-136.06976708625723,68,1069694
-197.97454502437105,60,1069754
-146.82182505444774,58,1069812
-120.12172055554035,100,1069912
-142.6656552136601,99,1070011
-105.37128714180879,101,1070112
-108.7195918067837,71,1070183
-389.60832801700974,99,1070282
-106.66628183810676,62,1070344
-439.64446372873033,94,1070438
-61.157663069774785,69,1070507
-178.09247079222447,115,1070622
-98.77649153166597,110,1070732
-119.56427723921226,92,1070824
-368.0505459156181,100,1070924
-80.54865310073453,65,1070989
-84.21355504805109,59,1071048
-259.96287639942796,109,1071157
-464.60524790120826,105,1071262
-235.11245594753734,107,1071369
-173.43565991385373,100,1071469
-271.2443026647697,98,1071567
-370.3539638703738,83,1071650
-255.03915343102489,95,1071745
-208.55755092916968,94,1071839
-67.83664669568157,64,1071903
-75.1913252222705,108,1072011
-103.90862972845332,87,1072098
-186.73360459482825,119,1072217
-96.69798792350355,70,1072287
-363.3057134276032,96,1072383
-14.035382788068304,63,1072446
-171.1014644401351,120,1072566
-166.902342500835,141,1072707
-118.14337254763221,132,1072839
-199.78846231145866,119,1072958
11.280081499762531,85,1073043
-494.10230614531116,105,1073148
-390.24603769073605,80,1073228
-284.8709315271533,99,1073327
-225.92664024287905,81,1073408
-115.0752558456251,117,1073525
-274.3073005127592,65,1073590
-306.9603640362476,102,1073692
-135.32105806898363,128,1073820
-2.1953897649823233,125,1073945
-12.825524192233445,137,1074082
-150.43501426452588,102,1074184
-98.84715384004123,76,1074260
-325.86402759224455,112,1074372
-99.58558436844287,84,1074456
-149.34104379773547,126,1074582
-193.03276759543155,86,1074668
-367.2719128595823,120,1074788
-69.71162547756006,64,1074852
-358.40192123247164,116,1074968
-79.85940232507052,110,1075078
-104.05592181832561,77,1075155
-332.6391728144263,129,1075284
-121.71480861015058,118,1075402
-126.73222145913864,110,1075512
-177.73737839568577,91,1075603
-203.73073023376676,80,1075683
-59.95832461151416,73,1075756
-176.680007170895,105,1075861
-120.44731183682346,67,1075928
-445.42744159536346,105,1076033
-231.79870011902634,85,1076118
-189.55424613358434,99,1076217
-97.668644943132,112,1076329
-10.123850767778663,94,1076423
-118.54130674200631,94,1076517
-129.1642516304696,110,1076627
-98.24725017326853,70,1076697
-301.539645850415,107,1076804
-127.15131855951012,75,1076879
-143.53183822870676,77,1076956
-163.17791410006657,75,1077031
-203.21220747664728,99,1077130
-132.52340041285757,93,1077223
-417.48530868458795,133,1077356
-136.3762010190109,101,1077457
-161.08558956033198,94,1077551
-93.9133301280164,72,1077623
-260.4004231622381,112,1077735
-132.02136612913262,69,1077804
-88.79019740615685,59,1077863
-258.45904994462904,115,1077978
-179.08035966612732,61,1078039
-231.41405541131593,109,1078148
-135.54245724088693,129,1078277
-103.79413711182717,111,1078388
-57.237609194285874,60,1078448
-78.65154504937993,70,1078518
-185.49246482442797,83,1078601
-120.31005231676252,70,1078671
-170.10792943913256,85,1078756
-133.6454081946333,69,1078825
-241.61995280244122,70,1078895
-72.09156647811773,66,1078961
-237.26083045420455,133,1079094
-121.52762027683974,64,1079158
-113.88473996654822,103,1079261
-109.37731926049814,69,1079330
-32.1030398465426,122,1079452
-148.92768313876857,96,1079548
-257.4418567729142,112,1079660
-104.94060745990859,77,1079737
-142.7011358241479,99,1079836
-146.16541354160063,129,1079965
-394.00951759345094,114,1080079
-75.23190922656573,64,1080143
-67.91943246036014,63,1080206
-153.33888825534012,92,1080298
-384.18380897686455,96,1080394
-165.70529545694131,70,1080464
-407.99147666729465,150,1080614
-190.72542245606246,123,1080737
-131.18156423043692,96,1080833
-133.4689852431683,88,1080921
-433.47582891942335,110,1081031
-177.5064255096646,98,1081129
-302.517093801515,106,1081235
-16.95790841483121,120,1081355
23.323885599317805,74,1081429
-104.67340348116547,63,1081492
-105.09760151666477,64,1081556
-299.0173923980617,115,1081671
-263.90299378036246,118,1081789
-104.42716863559671,90,1081879
-70.47797195745413,73,1081952
-113.88525522348144,90,1082042
-119.73375638665549,88,1082130
-102.10788097126006,87,1082217
-107.79776757185556,70,1082287
-130.62544700158136,80,1082367
-187.34907165203464,107,1082474
-392.00682854263636,91,1082565
-106.23765598757024,66,1082631
-444.1735854431553,88,1082719
-158.03706724923575,103,1082822
-184.5077690727352,93,1082915
-121.80012739904704,70,1082985
-361.86915777556226,126,1083111
-224.18428222014916,62,1083173
-9.585725661520783,121,1083294
-221.1157631309653,99,1083393
-397.74536856478557,100,1083493
-58.933639729414104,67,1083560
-125.87333598625742,82,1083642
-79.62241206047582,116,1083758
-124.3949535389931,113,1083871
-300.04600617964206,102,1083973
-25.794057083057282,73,1084046
-134.1384730059982,85,1084131
-201.50112452100473,127,1084258
-92.6483451115622,69,1084327
30.691580275000092,71,1084398
-337.7025553402984,94,1084492
-127.74076812125176,95,1084587
-286.45472414275815,107,1084694
-81.01952290825686,87,1084781
-399.1990119341428,104,1084885
-150.67684263766304,90,1084975
-127.81531258545449,67,1085042
-309.9265265817419,89,1085131
-277.91600419675785,77,1085208
-168.10964712317525,119,1085327
-127.70573278568553,90,1085417
-80.26739169364639,76,1085493
-279.46983287852544,89,1085582
-88.774851438457,71,1085653
-58.43401847548496,66,1085719
-463.8210694000632,109,1085828
-214.18494388823146,78,1085906
-111.13150542702239,88,1085994
-155.57372378453783,61,1086055
-124.11563415726286,76,1086131
-306.9275201711672,114,1086245
-106.23720153922213,110,1086355
-114.9786848619185,77,1086432
-358.78413372647617,100,1086532
-56.73039939498411,72,1086604
-212.5758927019661,100,1086704
-102.61709716559983,101,1086805
-186.2991639816823,109,1086914
-120.39055057589692,73,1086987
-82.15519672633258,76,1087063
-105.2193349692538,93,1087156
-69.63422022277895,85,1087241
-164.53137344314598,67,1087308
-91.70215776569171,71,1087379
-90.92871721811099,58,1087437
-19.378507944011673,103,1087540
-64.27640558221309,66,1087606
-253.12868857971026,90,1087696
-43.259379292589045,115,1087811
-67.8383020052731,73,1087884
23.382648994725457,93,1087977
-68.81450593786235,98,1088075
-118.44659630019204,96,1088171
-102.62621440103797,65,1088236
-432.90408039519315,92,1088328
-110.69386785251977,73,1088401
-357.5027804078583,99,1088500
-223.2860746043964,136,1088636
-289.0019088354436,97,1088733
-380.9779204161066,121,1088854
-0.7685766707384118,100,1088954
-88.18315613747096,94,1089048
-434.3916672421295,78,1089126
-90.67958302742181,65,1089191
-118.58744079822054,85,1089276
-347.37093127975777,96,1089372
-91.67891252807841,133,1089505
-219.69551936814057,139,1089644
-255.89751438397784,143,1089787
-49.54000081225176,64,1089851
-113.51790266057097,64,1089915
-111.20378119503813,75,1089990
-283.7917673618133,98,1090088
-87.31972642055219,64,1090152
-358.4301949239217,96,1090248
-130.69707955419904,76,1090324
-286.2576811715338,138,1090462
-356.3109250889702,86,1090548
-154.54743004565444,100,1090648
-196.28448395883456,92,1090740
-187.14777617506854,117,1090857
-100.79303508357404,113,1090970
-102.47457134481107,90,1091060
-382.84608121572063,116,1091176
-238.07123200220317,114,1091290
-101.70713094254928,92,1091382
-159.69574930743465,113,1091495
-125.99590363147661,123,1091618
-105.73570490046424,94,1091712
-109.99755380292895,74,1091786
-82.59504175844842,70,1091856
-356.0137573256611,87,1091943
-351.7935100655328,89,1092032
-297.68453696127426,100,1092132
-54.80328095291709,101,1092233
-116.15552853969939,79,1092312
-234.64050327003505,109,1092421
-353.98181442541375,111,1092532
-222.84958705487412,74,1092606
-149.25246212355205,86,1092692
-264.01551612610626,78,1092770
-125.3468483844954,80,1092850
-109.74536054528394,87,1092937
-245.37711667625936,85,1093022
-251.45364129085303,81,1093103
-346.8925161606885,114,1093217
-108.38832430269031,86,1093303
-116.81305283112623,84,1093387
-90.54698935411199,67,1093454
-108.53533279790365,88,1093542
-296.3561695781312,94,1093636
-65.98103090097575,64,1093700
-118.47561037552718,102,1093802
50.69194486219182,1000,1094802
-131.59436749298033,115,1094917
-62.27757509964391,74,1094991
-171.24999850464783,99,1095090
-159.69936524919035,97,1095187
-191.2355994758331,69,1095256
-187.68245578275096,103,1095359
-200.98507359966334,112,1095471
-150.64120665677487,112,1095583
-146.96699988104405,102,1095685
-157.13241357791077,84,1095769
-111.82192764847835,132,1095901
-97.9682672757572,103,1096004
-148.18076989947053,77,1096081
-118.43448984776691,79,1096160
-229.31689930979613,89,1096249
-320.79260503682303,101,1096350
-103.52087514005737,70,1096420
-156.0685238858188,103,1096523
-235.39365088237,80,1096603
-261.68861181810973,84,1096687
-319.84822952699403,74,1096761
-332.3897224142602,90,1096851
-72.08334464190081,106,1096957
-132.95122925319902,59,1097016
-140.129575875728,70,1097086
-35.575929757234874,70,1097156
-131.85059074174305,128,1097284
-66.93147555651879,70,1097354
-431.4020729680942,133,1097487
-345.37436102652714,107,1097594
-108.63698291639933,130,1097724
-119.90226994077321,66,1097790
-435.9083975850853,100,1097890
-262.3678366237997,109,1097999
-72.88490902280398,65,1098064
-8.640617782169414,110,1098174
-97.66796557274215,94,1098268
-115.53958741099723,58,1098326
-292.5131786767847,108,1098434
-285.4132075201671,107,1098541
-48.71105410172218,124,1098665
-167.30048138992186,123,1098788
-262.2330806957032,92,1098880
-234.6940188119175,91,1098971
-200.90033862780166,97,1099068
-92.1807537344112,60,1099128
-142.8745163902419,85,1099213
-223.19060368494536,63,1099276
-232.48846682937426,71,1099347
-131.74501546764733,75,1099422
-274.29850050277184,105,1099527
-146.11733560156313,69,1099596
-176.32963264230307,74,1099670
-107.80648437065831,85,1099755
-86.22819233213123,96,1099851
-359.5774391211715,100,1099951
-112.47889871311696,68,1100019
-148.39027070711893,119,1100138
-427.17595082917853,97,1100235
-114.6390160339549,89,1100324
-124.12948901626424,91,1100415
-58.51987191362504,58,1100473
-105.45893881329783,65,1100538
-371.14650404874254,94,1100632
-309.61553606134555,72,1100704
-154.04497570781774,88,1100792
-47.52668709150298,66,1100858
-97.12013556708885,87,1100945
-110.9117193635469,81,1101026
-300.958728663485,81,1101107
-57.52373806740957,124,1101231
-309.99319798721365,101,1101332
-142.15680027993358,77,1101409
-99.53729527537867,76,1101485
-453.4311219304206,84,1101569
-369.17017600922986,104,1101673
-102.09433587275439,67,1101740
-126.53140205438268,90,1101830
-112.77878841679788,107,1101937
-38.19402451275954,63,1102000
4.5204507182718885,107,1102107
-115.61847150160764,90,1102197
-322.3958210116799,77,1102274
-123.00212110242941,100,1102374
-374.2335487515416,111,1102485
-86.60729136062803,63,1102548
-109.8423346299648,112,1102660
-80.74992909184853,62,1102722
-347.0691696209701,118,1102840
-253.6928439003689,101,1102941
-350.28447362694567,99,1103040
-319.94663391963223,93,1103133
-122.1890341240891,87,1103220
-133.03711950328727,137,1103357
-126.82524974702852,99,1103456
-423.7040522379099,85,1103541
-140.97319910559156,79,1103620
-110.27601800492887,92,1103712
-115.52189178811017,86,1103798
-146.05396461496065,91,1103889
-397.69655998767223,76,1103965
-264.47771321734234,103,1104068
-107.32488526336155,86,1104154
-341.4555351227038,109,1104263
-102.7867520988227,72,1104335
-218.17056777919672,105,1104440
-242.45795331496652,99,1104539
-171.83451109535187,74,1104613
-480.5903178995807,98,1104711
-289.3037666535879,75,1104786
-138.24191651824083,71,1104857
-181.68760610511586,66,1104923
-91.2570132901368,85,1105008
-99.82943817449355,61,1105069
-182.7886752904668,85,1105154
-89.67736991527764,89,1105243
-282.7940425192771,112,1105355
-132.98155167010714,117,1105472
-81.16684986627735,63,1105535
-196.40773207569055,65,1105600
-180.56884319117273,81,1105681
-136.35014423572719,127,1105808
-171.40905615765638,78,1105886
-367.2140961531828,80,1105966
-273.2035752204268,89,1106055
-130.04494398199586,75,1106130
-167.30277938362872,98,1106228
-333.1418913775284,92,1106320
-176.66651596691332,73,1106393
-155.00040537150653,100,1106493
-234.23069258125108,69,1106562
-100.60194692378218,69,1106631
-311.6209160730595,77,1106708
-163.3372207939545,83,1106791
-106.16263588478091,87,1106878
-260.9120766395563,73,1106951
-118.44723558652194,76,1107027
-374.02016131614505,113,1107140
-76.59436530972606,83,1107223
-147.3261330227455,75,1107298
-109.42663494682684,98,1107396
-111.99536896213908,87,1107483
-94.56993706582993,69,1107552
-404.94631737807674,101,1107653
-118.24562422700016,68,1107721
-111.16658930911467,80,1107801
-113.92266335614612,106,1107907
-83.11196340668917,78,1107985
-109.82191915932717,93,1108078
-97.166759569733,93,1108171
-126.18631248722976,112,1108283
-89.0559765627542,126,1108409
-300.5864700148853,120,1108529
-94.94610225917494,81,1108610
-87.34500865103375,62,1108672
-171.88218514588144,109,1108781
-203.1738401505345,78,1108859
-124.47089486995851,99,1108958
-423.6414589274475,89,1109047
-148.08378665103643,120,1109167
-363.8817429268387,83,1109250
-100.00805280784728,66,1109316
-111.96280678498901,99,1109415
-117.82867094740823,88,1109503
-75.76345549262358,76,1109579
-297.6984502666867,77,1109656
-117.78688003771066,65,1109721
-353.8589648413593,108,1109829
-137.49829975187328,106,1109935
-233.0441027938109,90,1110025
-265.72187846719817,123,1110148
-124.46724989169003,67,1110215
-388.98837340053456,92,1110307
-212.9868355247398,122,1110429
79.8610586547889,1000,1111429
-101.56317180691028,79,1111508
-531.1024659594773,122,1111630
-180.96577876479023,95,1111725
-277.9981344776658,65,1111790
-102.83387138723877,106,1111896
-358.11264019346066,110,1112006
-118.67856054878634,64,1112070
-138.1464712742286,72,1112142
-182.7600292036838,108,1112250
-132.95147405638383,63,1112313
-299.37504911302295,86,1112399
-97.13869064049086,97,1112496
-144.49005246913424,85,1112581
-298.88110429153653,104,1112685
-341.27362609538113,84,1112769
-111.78460997136028,89,1112858
-88.40616664670296,69,1112927
-303.60420029757574,124,1113051
-140.22255794789862,70,1113121
-104.87953736369641,62,1113183
-110.49374350273646,85,1113268
-114.32451622578293,86,1113354
-124.94817955372105,101,1113455
-156.97516528853146,86,1113541
-61.64299066964186,125,1113666
-167.9617205128837,116,1113782
-81.20484342466852,80,1113862
-117.46602319349306,59,1113921
-122.15215709742431,110,1114031
-235.35389180189892,96,1114127
-193.53629326027448,84,1114211
-89.02309956191382,65,1114276
-337.96073754822834,91,1114367
-89.52629212797436,61,1114428
-79.83717414856464,73,1114501
-47.36896463028213,102,1114603
-4.747556363715049,82,1114685
-382.44234472438353,89,1114774
-112.72572193444174,75,1114849
-100.47653315189437,72,1114921
-65.88361742139429,60,1114981
-78.73634432650934,82,1115063
-384.694521825618,90,1115153
-130.7167826401536,70,1115223
-187.50731396806674,84,1115307
-215.6996691636326,93,1115400
-258.2107935551623,91,1115491
-413.29873319942334,118,1115609
-147.44645813811158,105,1115714
6.85606207373695,94,1115808
-138.96264262149475,80,1115888
-414.1884532190329,96,1115984
-174.8754232948863,129,1116113
-139.17728617866908,67,1116180
-316.4992208843722,66,1116246
-288.9095080457181,98,1116344
-244.5988065427859,74,1116418
-109.96681245751937,95,1116513
-90.8790795256667,94,1116607
-225.6368580842939,90,1116697
-78.48987287723773,58,1116755
-120.20614734338582,60,1116815
-48.20155783151142,65,1116880
-189.84388274050443,66,1116946
-264.8108394957858,118,1117064
-76.6699885898976,92,1117156
-362.3149510937891,110,1117266
-143.12671842163755,63,1117329
24.716099044733852,131,1117460
-163.2086195925998,70,1117530
-143.52115660482167,100,1117630
-143.89914608856049,70,1117700
-230.52446970763037,72,1117772
-135.40996802088512,109,1117881
-88.65597035046859,87,1117968
-110.564083033746,77,1118045
-334.8850934808251,92,1118137
-199.24577920077436,81,1118218
-84.32700519592532,70,1118288
-79.72088511981994,67,1118355
-262.3354585320594,102,1118457
-158.87152995583233,90,1118547
-171.90241728287918,79,1118626
-151.38405759701462,56,1118682
-177.3768719696351,101,1118783
-277.92952430306127,114,1118897
-4.346186977417503,121,1119018
-272.2921081092028,73,1119091
-317.05658260270627,108,1119199
-252.546893545752,97,1119296
-56.11936722170547,86,1119382
-140.79441850078103,131,1119513
-222.8239014352725,113,1119626
-131.53189562706382,127,1119753
-337.04915569236164,106,1119859
-243.75450830490888,109,1119968
-137.89726368503756,77,1120045
-259.0037833359853,100,1120145
-264.7835986656979,119,1120264
-99.66895276216103,78,1120342
-212.88373451278548,94,1120436
-92.10130508472311,78,1120514
-131.0022601446944,102,1120616
29.69687866207778,91,1120707
-155.71549411953177,92,1120799
-147.93557115982537,65,1120864
-26.627147798016352,145,1121009
-176.12110826229815,98,1121107
-130.03989000462786,87,1121194
-63.767097017975544,74,1121268
-302.7049375208836,93,1121361
-131.0109026314508,95,1121456
-273.2529139666694,100,1121556
-112.5561811089955,71,1121627
-133.34469387265136,93,1121720
-130.87477120252103,85,1121805
-150.9482057447592,95,1121900
-167.69027330176658,63,1121963
-152.0295090486786,72,1122035
-83.2041985612731,59,1122094
-104.80692524349315,67,1122161
-207.2596247037523,82,1122243
-139.25807605733718,114,1122357
-295.91425224000477,96,1122453
-199.887954892893,107,1122560
-217.89835739953907,64,1122624
-308.4361389207363,140,1122764
-128.55968407524335,129,1122893
-389.98159378098705,82,1122975
-83.26795114502951,118,1123093
-167.74861812458883,107,1123200
-140.1720829441903,74,1123274
-284.5308391735805,89,1123363
-164.3822951822131,82,1123445
-106.51246646298951,95,1123540
-93.2534683910549,87,1123627
39.63641241582936,1000,1124627
-176.58378280186315,123,1124750
-78.86466826298539,74,1124824
-333.1079528691569,111,1124935
-188.48920590948103,114,1125049
-410.70472206601227,94,1125143
-108.75724609292485,56,1125199
-111.04155310849268,64,1125263
-62.63602525130487,117,1125380
-86.91088063782523,72,1125452
-135.5003080696455,73,1125525
-100.37454376284614,60,1125585
-112.66450736922417,81,1125666
-178.35308550589187,76,1125742
-111.21918264677471,86,1125828
-90.47880128014697,97,1125925
-215.44603482905453,114,1126039
-113.5157536131732,76,1126115
-80.04366869619977,107,1126222
-407.18714892896145,97,1126319
-252.29837995500776,83,1126402
-287.9198129398683,100,1126502
-183.0466506160975,69,1126571
-275.57627232081677,118,1126689
-335.4890475227771,118,1126807
-110.91349528262629,66,1126873
-135.0514752712149,84,1126957
-113.94294815863884,102,1127059
-96.13211536372641,117,1127176
-162.02570624525464,99,1127275
-85.62487513160005,112,1127387
-264.2687219269454,95,1127482
-140.76300354547413,110,1127592
-48.46246284968967,101,1127693
-146.9162662067744,58,1127751
-434.6732682313975,87,1127838
-323.695561945376,88,1127926
-54.63379008755558,85,1128011
-499.03612140516987,132,1128143
-87.5096896765454,75,1128218
-156.59610901864474,120,1128338
-85.22469785650789,65,1128403
-93.46701851524826,78,1128481
-225.63776023893666,85,1128566
-147.10278193083568,74,1128640
-129.4918627198991,63,1128703
-99.86504467984402,83,1128786
-215.67457615437172,62,1128848
-170.73163336593672,98,1128946
-419.8857311153621,109,1129055
-107.59869815082222,117,1129172
-176.85329934170818,82,1129254
-202.47245655340464,116,1129370
-144.52800955487368,112,1129482
-162.6723743467105,96,1129578
-209.9871296839982,82,1129660
-88.88566276187224,72,1129732
-118.59762323074872,69,1129801
-348.9651113615457,80,1129881
-71.18701669385788,82,1129963
-108.192936602363,67,1130030
-76.60903745751303,97,1130127
-94.20294751934135,128,1130255
-361.4135574212627,95,1130350
-282.3205294822927,92,1130442
-163.49414326638967,95,1130537
-231.31350008327584,113,1130650
-135.04745602616617,61,1130711
-356.94770430091904,116,1130827
-135.6303332044645,72,1130899
-147.30856436942318,69,1130968
53.213167469555685,115,1131083
-374.59246873690313,101,1131184
-83.7176346045356,79,1131263
-188.71110773549327,90,1131353
-126.41151658913626,96,1131449
-127.88037135050435,73,1131522
-130.44872040166445,136,1131658
-213.2143810437185,78,1131736
-74.57758876303882,105,1131841
-423.36594667117566,109,1131950
-223.4524008586094,93,1132043
-144.32898683840443,86,1132129
-203.31649747958733,101,1132230
-119.75857397937627,86,1132316
-212.01745950025224,99,1132415
-100.19715508597854,69,1132484
-97.36886784512345,115,1132599
-114.36897349128701,82,1132681
-225.46187632378798,117,1132798
-147.61700596109978,114,1132912
-144.19363962168916,125,1133037
-98.44425632441207,68,1133105
-139.39160574039437,93,1133198
-146.9859250210336,75,1133273
-63.55517973579229,87,1133360
-130.28764903565622,60,1133420
-332.8907226189998,81,1133501
-85.79581669124953,123,1133624
-92.98891499618561,63,1133687
-241.96334706517993,79,1133766
-51.32362403582563,121,1133887
-129.12174550258936,113,1134000
-190.46836768256247,86,1134086
-184.97707910919692,115,1134201
-256.41582400861887,95,1134296
-101.92024745644251,66,1134362
-118.16967912387133,80,1134442
-302.3719745331828,88,1134530
-394.84080192804845,101,1134631
-185.0376006358364,100,1134731
-67.38850007288951,95,1134826
-228.86625620953438,76,1134902
-222.71260101250255,83,1134985
-321.3290953826579,87,1135072
-127.39844223984397,72,1135144
-187.15255385180686,80,1135224
-78.34595734141506,71,1135295
-351.1295941797307,113,1135408
-180.7309679554404,122,1135530
-484.1563049390684,100,1135630
-441.3035753593736,100,1135730
-74.35736280722118,102,1135832
-139.85133360605894,68,1135900
-108.54692023649217,79,1135979
-83.04376874772126,71,1136050
-85.5779399245736,62,1136112
-92.4239192023735,69,1136181
-75.04695370567018,75,1136256
-95.83251029205393,65,1136321
-158.47355121047445,123,1136444
-116.00694844926252,61,1136505
-192.0202362277356,101,1136606
-250.75871149257267,115,1136721
-98.11688511818866,81,1136802
-320.6364085397171,111,1136913
-66.51976600548946,76,1136989
-82.69479936993125,131,1137120
-183.8622489131899,87,1137207
-440.84337489161726,92,1137299
-111.83218017944853,83,1137382
-236.78193358787405,130,1137512
-405.50719606920336,94,1137606
-507.5217173267145,114,1137720
-123.70922600668764,67,1137787
-313.5358639951995,96,1137883
-374.00221371765434,77,1137960
-120.7989758937414,78,1138038
-153.81938328108671,86,1138124
-132.20959178467808,93,1138217
-106.86350449752544,84,1138301
-143.2221436523277,97,1138398
-100.04061203274588,69,1138467
-340.9357492793089,109,1138576
-107.96333069942035,85,1138661
-122.30154955773472,113,1138774
-441.4227517994693,87,1138861
-284.65563805924745,97,1138958
-196.67771827446842,120,1139078
-106.02271425725857,58,1139136
-295.01166546194156,107,1139243
-115.57524130811066,111,1139354
-261.81402542895546,142,1139496
-151.30453580373214,111,1139607
-310.52815657893314,87,1139694
-87.50969192952134,81,1139775
-305.9002442205539,104,1139879
-508.07825460072075,81,1139960
-192.20453043459628,104,1140064
-196.39165428435558,96,1140160
-265.4839417115104,76,1140236
-277.24771393586263,113,1140349
-111.31014158237763,80,1140429
-109.91113958054976,88,1140517
-317.9027527522801,98,1140615
-66.79663728569811,69,1140684
-231.88891636941503,72,1140756
-138.5844614497411,70,1140826
-285.36381844871653,90,1140916
-106.92626573947446,93,1141009
-74.2357600213408,71,1141080
-114.82483627284105,107,1141187
-134.1178714675988,74,1141261
-39.64236778441432,109,1141370
-319.09377417295036,102,1141472
-347.3810337966171,105,1141577
-105.67600783928063,90,1141667
-225.57140192456004,104,1141771
-194.7132802074616,90,1141861
-278.76685474031734,87,1141948
-290.1580641169336,74,1142022
-77.43989385412102,64,1142086
-33.56791338834495,102,1142188
-113.03533040210546,71,1142259
-410.67158734470485,126,1142385
-132.43103098286522,81,1142466
-405.24540181168766,95,1142561
-133.01977506895025,92,1142653
-89.28673062687366,71,1142724
-109.04989052697297,68,1142792
-315.8438739836479,90,1142882
-246.7565573373938,96,1142978
-110.27906916793363,67,1143045
-128.17027166425532,116,1143161
-162.7780504338486,95,1143256
-114.65944013353969,75,1143331
-56.04120670421508,97,1143428
-15.57192329427943,132,1143560
-81.25688161338901,88,1143648
-79.18910282467549,61,1143709
-389.6490578358369,89,1143798
-341.9267795713946,90,1143888
-71.58270505856717,66,1143954
-417.16770140902446,97,1144051
-117.99160014905993,83,1144134
-337.99582023529535,91,1144225
-271.3376335175672,74,1144299
-297.20451190871245,111,1144410
63.88692856213004,1000,1145410
-89.18515688322931,67,1145477
-295.4043144281184,90,1145567
-156.34765390304554,77,1145644
-150.28750555326462,131,1145775
-134.3316569096418,100,1145875
-115.11064930390732,95,1145970
-291.69595308159995,121,1146091
-134.06030176139893,111,1146202
-111.82291973901803,100,1146302
-171.4352670490154,118,1146420
-47.77994975372409,83,1146503
-342.58749061112974,94,1146597
-55.05596697351518,78,1146675
-213.59696253418733,99,1146774
-303.61113122026035,132,1146906
-123.88295228317594,109,1147015
-212.83450101594724,92,1147107
-127.36235569080252,82,1147189
-426.4124950733642,103,1147292
-474.92428299040574,120,1147412
-376.37500074025536,119,1147531
-244.5013994025176,99,1147630
-49.48890463874646,83,1147713
-101.67118544497077,95,1147808
-180.4615950113071,122,1147930
-251.85452910030176,103,1148033
-159.22207886475735,82,1148115
5.685549784511608,58,1148173
-336.6889549239611,91,1148264
-130.3427605157308,90,1148354
-171.0279495607341,88,1148442
-66.32014438553303,82,1148524
-93.08582491588541,71,1148595
-97.31847337675565,75,1148670
-102.77787158418198,101,1148771
-372.15721700270535,87,1148858
-151.94323459943158,96,1148954
-148.34923702739755,110,1149064
-151.15164426151932,120,1149184
-424.7130383021962,115,1149299
-105.30675990657109,99,1149398
-329.0974686214814,99,1149497
-237.77228337703374,128,1149625
-450.45543828992476,89,1149714
-18.82254751256312,117,1149831
-123.44070661431128,89,1149920
-215.46903359164375,74,1149994
-156.66842432376114,104,1150098
-85.39128534123896,73,1150171
-161.07599363540936,124,1150295
-319.79076644942984,96,1150391
-89.25754713854964,68,1150459
-225.7235135875888,111,1150570
-322.17471497823294,97,1150667
-108.22930294993401,102,1150769
-493.53535779636235,115,1150884
-149.96170433407602,116,1151000
-106.93460267726505,84,1151084
-180.28187515093737,95,1151179
-218.07671021214935,93,1151272
-252.6616412333628,74,1151346
-414.8738180717195,90,1151436
-209.98867765391782,85,1151521
-78.74313133115957,60,1151581
-269.56776306958943,106,1151687
-135.60409034067408,116,1151803
-322.1179060783895,125,1151928
-110.97756963905516,69,1151997
-82.16726242532401,93,1152090
-251.25927930596688,69,1152159
-339.4647412905259,123,1152282
-111.97035083691715,100,1152382
-73.66699339781998,77,1152459
-404.35164844698846,101,1152560
-164.0674062232826,126,1152686
-102.59041745168554,82,1152768
-151.84224246713796,77,1152845
-89.1043302267456,70,1152915
-108.09699893608777,101,1153016
-141.64090350120432,94,1153110
-262.54656248402887,92,1153202
-63.15230598454999,81,1153283
-262.638277808491,115,1153398
-361.850742663443,93,1153491
-99.9077469936808,78,1153569
-91.09291053396528,81,1153650
-166.11058600501207,80,1153730
-408.45153148501635,89,1153819
-61.19118454031527,79,1153898
-153.13343259666533,94,1153992
-104.97171452137306,85,1154077
12.466931653525577,135,1154212
-273.39766567916814,86,1154298
-179.9195406621745,65,1154363
-283.7687772740127,101,1154464
-269.9614222192118,85,1154549
-236.11195544260505,93,1154642
-336.25455217415094,94,1154736
-31.66613391203809,67,1154803
-279.63136087991234,80,1154883
-95.56399913990347,123,1155006
-144.65621483073113,100,1155106
16.905797139699885,140,1155246
-115.63470750259032,81,1155327
-128.35974971818987,65,1155392
-230.78809037270923,122,1155514
-107.55988550554963,73,1155587
-435.7692764402603,117,1155704
-205.63412594105662,97,1155801
-128.7112052951311,108,1155909
-124.112748214627,87,1155996
-267.03698722827517,115,1156111
-71.77907231225629,58,1156169
-177.44081481965088,71,1156240
-222.4198232114917,129,1156369
-103.82347235697756,101,1156470
-443.67179161033255,89,1156559
-163.59862481610278,116,1156675
-289.2830635481525,97,1156772
-97.37504510330547,63,1156835
-83.34750612429153,67,1156902
-110.82500385519421,62,1156964
-118.85350490546041,125,1157089
-317.4148869216093,171,1157260
-197.5278212646545,114,1157374
-53.565435010407754,67,1157441
-83.01551176714993,72,1157513
-83.79320851338437,87,1157600
-174.33330256063886,124,1157724
-102.88269765041112,72,1157796
-185.54622475654696,59,1157855
-129.34788420873053,116,1157971
-417.9412808941834,98,1158069
-126.54205088604115,87,1158156
-97.91686783357602,75,1158231
-76.44705269610172,84,1158315
-86.48745625129985,65,1158380
-193.34024653119877,96,1158476
-115.53493114829695,83,1158559
-47.12771374805877,63,1158622
-132.92785912581036,101,1158723
-167.95842439856816,88,1158811
-75.82556112837992,58,1158869
-98.72784544830347,111,1158980
-68.26112260735917,126,1159106
-214.7581991137797,69,1159175
-233.66024459414902,119,1159294
-78.8985174532618,66,1159360
-175.38626734360147,73,1159433
-235.46892712967735,98,1159531
-17.712596830583763,108,1159639
-404.44033399336246,100,1159739
-124.66176371606488,77,1159816
-123.82980703204852,85,1159901
-78.55637949916857,71,1159972
-305.1584934529187,109,1160081
-173.30845220784448,70,1160151
-350.69735308239297,98,1160249
-120.5615332870382,122,1160371
-255.51525859712984,104,1160475
-108.74150008848055,74,1160549
-227.80264242948047,96,1160645
-464.37765772787816,101,1160746
-421.1095216393495,90,1160836
-348.52440325266633,107,1160943
-113.71765304227928,116,1161059
-123.24957588119504,97,1161156
-56.89472798300085,91,1161247
-14.598797271393266,97,1161344
-86.51175685911166,99,1161443
-80.7243108257951,66,1161509
-85.99915337079659,71,1161580
-90.76361828096108,71,1161651
-70.36456355504268,67,1161718
-360.9136225424598,142,1161860
-204.64658168653742,94,1161954
-69.51995061565071,70,1162024
-251.10096283899733,71,1162095
-359.83153273208785,101,1162196
-100.92279954372889,89,1162285
-159.3468368611102,108,1162393
-471.9450689086896,82,1162475
-140.15343426083354,104,1162579
-59.46500977800642,68,1162647
-368.01644147221964,141,1162788
-97.35384109796196,66,1162854
-278.1267754674707,120,1162974
-114.64541976632928,86,1163060
-102.16834580430508,64,1163124
-150.17828390418876,110,1163234
-308.57276107783224,100,1163334
-66.56093728886907,71,1163405
-118.267559498327,74,1163479
-54.64239880894958,79,1163558
-333.8713732984635,107,1163665
-193.89952961530105,69,1163734
-111.14289042442354,74,1163808
-186.4168672189537,67,1163875
-95.63667164208056,76,1163951
-121.68578456486671,76,1164027
-165.86251738588777,126,1164153
-253.00359583358585,111,1164264
-211.48935747546176,118,1164382
-104.28493080885352,93,1164475
-319.62647080628807,75,1164550
-133.32741003149195,92,1164642
-126.99715785151412,103,1164745
-115.60019832954517,90,1164835
-81.79085183519615,67,1164902
-116.35357466899468,114,1165016
-199.58199993709923,104,1165120
-277.36641453288814,97,1165217
-304.9761426141092,100,1165317
-237.87820169727803,119,1165436
-236.0976970900501,115,1165551
-295.7040074223403,77,1165628
-130.70368806820983,106,1165734
-110.50551414239533,135,1165869
-130.00065032333052,73,1165942
-140.10319520120996,101,1166043
-115.9453633364966,110,1166153
-240.28317749151034,81,1166234
-160.23672210264783,118,1166352
-60.75655271028421,69,1166421
-98.77362964642282,60,1166481
-206.94252653985671,89,1166570
-310.0478239548201,93,1166663
-94.861985425978,74,1166737
-119.46979688743694,85,1166822
-117.77496132855377,71,1166893
-142.32089824284031,80,1166973
-141.0331794592483,134,1167107
-75.52398159082173,135,1167242
-184.50178826958717,74,1167316
-107.74286103984937,89,1167405
-114.16951093093584,65,1167470
-397.68402535340215,92,1167562
-131.89176404124683,72,1167634
-362.68510985315277,102,1167736
-162.971820010577,125,1167861
-136.26886110132276,84,1167945
-92.86477489049913,107,1168052
-95.01974555434907,76,1168128
-67.29576968493862,81,1168209
-216.6605113076586,96,1168305
-134.64756006847358,63,1168368
-327.51465643513114,114,1168482
-79.10008060620873,68,1168550
-74.40860279953014,83,1168633
-205.82301724378794,125,1168758
-104.19587258540983,88,1168846
-221.7753955947922,71,1168917
-326.6257265759769,93,1169010
-13.201507429212455,60,1169070
-222.0629910408344,129,1169199
-152.22230527684536,102,1169301
-234.7190535785733,104,1169405
-414.51514372762733,85,1169490
-96.399281128886,64,1169554
-160.95664341538566,92,1169646
-118.06677507533558,97,1169743
-85.30904790012718,75,1169818
-309.02178705328015,113,1169931
-94.26036098380224,132,1170063
-55.87777898416884,92,1170155
-152.15114004075548,138,1170293
-93.70318032745976,67,1170360
-280.5937110865858,82,1170442
-390.2775862596945,90,1170532
-415.9430252694051,101,1170633
-115.78796234882242,83,1170716
-351.3708682124625,101,1170817
-403.69238945083083,99,1170916
-85.39585110013897,69,1170985
-88.47352957258852,71,1171056
-176.19514476174152,102,1171158
-295.6601898041142,89,1171247
-421.27691561051796,151,1171398
-269.86495994808223,131,1171529
-133.78548561526884,62,1171591
-92.2386523759331,77,1171668
-208.57930490841846,100,1171768
-105.66542938999535,68,1171836
-124.68471940899073,77,1171913
-61.042739286455365,107,1172020
-433.8436699993323,99,1172119
-359.2137914844586,102,1172221
-91.22902339460502,68,1172289
-78.37373591465524,76,1172365
-389.3347220187806,84,1172449
-170.08663635105597,80,1172529
-125.58144728326161,80,1172609
-158.8344623938196,111,1172720
-299.2941147615521,97,1172817
-274.02983841714143,89,1172906
-52.24961718316793,69,1172975
-266.1175093905391,73,1173048
-48.90731783827397,141,1173189
-38.19053954834192,87,1173276
-443.34498515399156,105,1173381
-111.61214254760283,89,1173470
-121.3270903945099,104,1173574
-359.7785877824289,91,1173665
-166.67342198081866,63,1173728
-120.75184007187555,83,1173811
-148.48967402982186,62,1173873
-227.89840747918652,86,1173959
-302.9762642773864,86,1174045
-318.4048386378097,100,1174145
-212.8398872774456,115,1174260
-123.20903947621868,85,1174345
-392.1921163379383,107,1174452
-132.31525244473417,96,1174548
-99.04499536437964,59,1174607
-75.2429383338062,82,1174689
-110.63045383257604,81,1174770
-445.1815532677809,82,1174852
-216.09416748318148,87,1174939
-127.73751377432428,75,1175014
-320.52556528718344,91,1175105
-341.2654820520381,91,1175196
-100.71281986654124,95,1175291
-95.21813058533056,82,1175373
-120.82953530837598,99,1175472
-111.08858133700635,121,1175593
-437.57168622072476,78,1175671
-107.01968468937308,75,1175746
-98.9052376032155,84,1175830
-139.77175483435664,67,1175897
-403.0938328224517,83,1175980
-204.68050911422307,77,1176057
-92.53922901242706,124,1176181
-110.99814984668743,106,1176287
-56.774220306776556,88,1176375
-71.06943404555533,76,1176451
-112.95648200707441,114,1176565
-107.8802264186302,85,1176650
-324.6054228712807,152,1176802
-56.52617281822691,77,1176879
-400.91939259526225,100,1176979
-100.98119651605163,108,1177087
-170.83126369763266,91,1177178
-392.4951032692679,92,1177270
-153.45655869111943,70,1177340
-93.1322451234353,78,1177418
-95.39970070296552,62,1177480
-93.87161322903097,69,1177549
-85.0228378910546,83,1177632
-267.59801960711525,103,1177735
-84.55552911277105,88,1177823
-133.16299643221595,125,1177948
-194.38453082336588,124,1178072
-281.86552372414064,95,1178167
-96.21822681373742,65,1178232
-310.1419967472657,121,1178353
-143.1963047478244,120,1178473
-294.5313485029354,122,1178595
-113.10807483254804,67,1178662
-109.01891485823401,101,1178763
-274.27235323330734,81,1178844
-114.2335963789815,103,1178947
-122.86451918248119,95,1179042
-76.81694889188162,81,1179123
-386.7386623916773,130,1179253
-130.75246770214105,104,1179357
-124.92795107984409,104,1179461
-380.62305107761233,92,1179553
-142.02430305465498,107,1179660
-134.09696782643857,85,1179745
-107.49677079819332,93,1179838
-127.77566314000185,143,1179981
-296.39034387552226,87,1180068
-287.00548580940085,87,1180155
-324.8414549323047,116,1180271
-218.2053299720665,69,1180340
-99.73255908682229,64,1180404
-137.73863245843498,97,1180501
-363.6712510035103,133,1180634
-433.952882792999,90,1180724
-284.279258475397,91,1180815
-182.686240775751,132,1180947
-52.663633184521295,138,1181085
-101.66448401547785,94,1181179
-167.88845355884337,100,1181279
12.382033210397566,113,1181392
-261.20379908762254,59,1181451
-257.97514337740273,86,1181537
-70.78803916857734,149,1181686
-68.35190484867262,129,1181815
-95.71587049409273,100,1181915
-145.35905716385724,54,1181969
-118.46690351777795,65,1182034
-298.3782433793725,86,1182120
-292.522926943783,76,1182196
-290.59151065200604,98,1182294
-189.77624593629673,109,1182403
-353.98153371401736,111,1182514
-388.47783582744114,114,1182628
-419.3742492352191,113,1182741
-367.3403962345721,91,1182832
-275.86035348700443,99,1182931
-557.894348922787,99,1183030
-50.52778514430068,90,1183120
-396.03722019867166,85,1183205
-42.32683002118029,72,1183277
-106.71315339145404,113,1183390
-161.3578178484036,106,1183496
-302.1469890315832,98,1183594
-303.7151896037403,115,1183709
-76.25508134152298,62,1183771
-395.3050192666791,106,1183877
6.18295936229174,100,1183977
-202.85416024346765,80,1184057
-98.15592825910927,77,1184134
-89.02340901232333,64,1184198
-134.86561370675136,111,1184309
-47.82329665314563,110,1184419
-148.60352111532328,94,1184513
-75.74088447046412,73,1184586
-362.5089943905475,127,1184713
-50.99969308404933,69,1184782
-322.2853115939747,96,1184878
-110.0064219060098,70,1184948
-232.8757889314877,64,1185012
-291.355013151358,117,1185129
-204.03453083290628,127,1185256
-88.7276132239806,67,1185323
-48.15753724805597,63,1185386
-99.34857087804578,74,1185460
-140.0396441179498,151,1185611
-95.22607871350648,80,1185691
-379.1211193227994,78,1185769
-336.2486604107554,112,1185881
-83.44206008268208,99,1185980
-112.50414882480358,107,1186087
-180.33717613737153,70,1186157
-95.91335106654564,72,1186229
-354.70713677353103,85,1186314
-211.9802106093014,119,1186433
-72.8118608036126,67,1186500
-191.46350511512708,81,1186581
-164.86432262278956,98,1186679
-73.3474641553551,85,1186764
-402.4678443585745,105,1186869
-358.5072668584755,76,1186945
-110.02105043758722,86,1187031
-441.7923120240239,96,1187127
-120.69215464171192,88,1187215
-142.53197680789424,69,1187284
-58.91658769064077,70,1187354
-201.90048151905177,84,1187438
-411.8980643434041,110,1187548
-91.71225194953317,91,1187639
-165.5739588524366,102,1187741
-46.81384981874723,67,1187808
-299.4152685174872,108,1187916
-77.23036986209475,73,1187989
-436.9386785885729,104,1188093
-65.20700296389049,80,1188173
-132.87613585801114,108,1188281
-79.08775258708079,130,1188411
-80.8981003336171,63,1188474
-224.74998588716224,118,1188592
-212.9179742369152,93,1188685
-215.8945615075802,84,1188769
-66.1049810851887,91,1188860
-236.1722504095458,94,1188954
-279.61480943676503,69,1189023
-380.7790009020579,114,1189137
-179.81151331839467,73,1189210
-196.54010319545,114,1189324
-135.77737924631552,57,1189381
-105.28106954878022,87,1189468
-292.67892624428646,98,1189566
-397.384982784719,97,1189663
-177.97054363514388,121,1189784
-172.77340099626878,110,1189894
-117.04659756567673,74,1189968
-421.49901127605307,102,1190070
-139.1837131479541,87,1190157
5.020327798590529,83,1190240
-138.4115867805866,111,1190351
-234.26620421846295,117,1190468
-189.70223393156732,70,1190538
-248.21296435774036,74,1190612
-348.3461146859771,99,1190711
-70.32453658890097,64,1190775
-190.9665440877041,78,1190853
-54.365776324338796,102,1190955
-248.93342933403574,84,1191039
-347.7286821578076,70,1191109
-251.85225534971372,111,1191220
-314.94501763580456,97,1191317
-172.50571158085003,92,1191409
-225.61379648180989,118,1191527
-97.36699076538935,75,1191602
-181.16251162773085,130,1191732
-178.3039923343921,70,1191802
-241.75579641785436,92,1191894
-238.19559681432168,99,1191993
-98.4285204677933,75,1192068
-94.13466745112126,88,1192156
-178.47390952614347,106,1192262
-398.3034169346267,78,1192340
-245.95108867658112,115,1192455
-135.97144189943134,105,1192560
-474.0589492209514,92,1192652
-125.79388858496235,100,1192752
-265.07706742917577,117,1192869
-123.0059237036175,97,1192966
-65.5062331030378,89,1193055
-352.38186811488697,81,1193136
-180.7502344994913,116,1193252
-453.4146904005483,92,1193344
-133.86145724466053,97,1193441
-91.5738890383812,95,1193536
-68.47781630466119,81,1193617
-238.77241941904984,76,1193693
-396.3275432866836,101,1193794
-111.57527391189548,73,1193867
-109.84900646911707,117,1193984
-314.0187232086576,90,1194074
-119.87244588073327,80,1194154
-234.75046363938952,100,1194254
-125.36823524993537,95,1194349
-123.16997511708807,68,1194417
-413.0125391602032,78,1194495
-112.40850511385311,66,1194561
-146.70514018772016,102,1194663
-130.16447334781375,126,1194789
-34.25681137516173,90,1194879
-384.02512690151883,79,1194958
-76.2078744537483,63,1195021
-85.59903033885149,65,1195086
-265.1733295216362,79,1195165
-48.23813384137266,69,1195234
-263.2873897156844,93,1195327
-39.27884597809566,76,1195403
-113.86594788192669,80,1195483
-104.53001885666687,66,1195549
-284.4815512583235,112,1195661
-303.3761350240243,85,1195746
-364.5685046186335,93,1195839
-154.17276289448563,98,1195937
-314.21953719907685,111,1196048
-198.31089493215677,97,1196145
-208.71685852062564,62,1196207
67.55757680871821,92,1196299
-170.98964296376403,125,1196424
-121.21072314671198,86,1196510
-132.59536805784305,95,1196605
-199.52327309579357,97,1196702
-91.66535894458407,72,1196774
-325.0311426750276,104,1196878
-87.61750333400559,68,1196946
-246.80335757057668,67,1197013
-208.88816418806385,126,1197139
-109.57924099797557,64,1197203
-121.11526505557649,78,1197281
-136.96733837921886,104,1197385
-153.82360671080977,125,1197510
-167.29776350011468,121,1197631
-194.21243306405435,131,1197762
-99.9027146078504,77,1197839
-383.4339059250352,74,1197913
-261.686014901156,116,1198029
3.457217177591005,87,1198116
-150.9101004420765,112,1198228
-139.50456065133548,87,1198315
-97.08573962750685,105,1198420
-260.6638551391059,93,1198513
-128.8764687985115,67,1198580
-185.95346752719593,102,1198682
-260.3151263094959,88,1198770
-56.54099035245998,68,1198838
-89.1002507018881,55,1198893
-215.00210448938344,66,1198959
-142.0174330205026,95,1199054
-175.16661802300888,100,1199154
-386.54032735159467,89,1199243
-101.61620124458022,61,1199304
-296.07793718307795,100,1199404
-158.35850612282974,85,1199489
-167.9932084360666,80,1199569
-128.26829659104524,125,1199694
-134.91113387519746,107,1199801
-377.7565836421247,86,1199887
-285.8008741403204,96,1199983
-189.5880162441145,117,1200100
-228.61365130426034,120,1200220
-146.59617118458112,99,1200319
-202.22856887344292,93,1200412
-416.76025185956905,112,1200524
-284.53017912318603,77,1200601
-296.9650741564992,100,1200701
-193.64027601295894,116,1200817
-353.8655846309071,83,1200900
-93.23122229719601,64,1200964
-347.55791095898866,80,1201044
-119.37320578742124,83,1201127
-113.03227717776988,72,1201199
-100.45337348793424,74,1201273
-116.5055886143148,108,1201381
-476.87874141466773,103,1201484
-99.39423904892014,94,1201578
-222.25131607864213,87,1201665
-88.69783700721517,80,1201745
-127.27863359864172,71,1201816
-121.64271643806339,102,1201918
-125.05717435598801,80,1201998
-285.01887104555635,82,1202080
-139.30058874638746,101,1202181
-94.79048959339279,76,1202257
-149.42397493681898,91,1202348
-286.3492148249285,100,1202448
-70.77483480670166,98,1202546
-105.1758175632526,78,1202624
-85.43434312454269,95,1202719
-83.41018489592841,74,1202793
-137.9631196284257,80,1202873
-152.70521210253688,72,1202945
-177.40990484445558,133,1203078
-205.64762321874366,70,1203148
-142.76597350046922,71,1203219
-196.59082719732743,74,1203293
-92.60182408775361,92,1203385
-28.176150147822185,72,1203457
-137.90101562627308,100,1203557
-390.9508207074983,128,1203685
-101.30755641391174,81,1203766
-84.63613308906838,95,1203861
-97.31768831736169,78,1203939
-290.34647285963797,96,1204035
-110.81392356727721,110,1204145
-277.986603719301,89,1204234
-377.6368202815116,97,1204331
-121.85894996652158,84,1204415
-120.4646936514754,101,1204516
-92.58752962025139,56,1204572
-325.7832391320259,84,1204656
-151.90195355091493,79,1204735
-252.32622409711567,81,1204816
-403.8065921045146,131,1204947
-436.1191143176068,135,1205082
-100.58220404141579,64,1205146
-289.3735126831867,95,1205241
-151.55010091566967,104,1205345
-141.3182170621413,93,1205438
-130.27064714127386,105,1205543
-175.53175088169405,82,1205625
-275.4590751840411,108,1205733
-227.98067643196396,98,1205831
-179.7404613168604,107,1205938
-168.32627736267676,100,1206038
-80.79607641273932,66,1206104
-92.71113051837537,98,1206202
-199.04097728860367,75,1206277
-250.8189416000527,109,1206386
-173.3157635482341,74,1206460
-106.08444252830081,123,1206583
-228.45066148774674,100,1206683
-17.878489072983385,70,1206753
-96.28936709757112,65,1206818
-87.54404402567036,104,1206922
-149.36560288191328,72,1206994
-100.86208127572097,155,1207149
-339.70232177655237,129,1207278
-111.76934477028567,66,1207344
-338.9285704557584,128,1207472
-105.4348579560165,73,1207545
-191.4461109619576,124,1207669
-119.02166439863481,71,1207740
-241.45204261276604,126,1207866
-31.806675363421974,139,1208005
-334.3864230526025,87,1208092
-91.30510614067458,79,1208171
-316.09720846589016,97,1208268
-146.45893799482144,74,1208342
-287.06456810572377,139,1208481
-80.98508915550676,65,1208546
-89.85016557405811,87,1208633
-90.94551527122957,72,1208705
-415.85345626389056,128,1208833
-81.2117874998668,81,1208914
-212.49551911830088,113,1209027
-374.88345043699286,92,1209119
-131.8113513479255,111,1209230
-183.5499348070515,58,1209288
-392.51107228311713,138,1209426
-73.65780485824774,68,1209494
-49.07591458561306,156,1209650
106.70788607366316,1000,1210650
-86.75598601383736,112,1210762
-160.17821769315148,103,1210865
-154.22959545780645,81,1210946
-113.76389384199587,104,1211050
-127.86107596264371,77,1211127
-113.69524071564634,71,1211198
-242.57469705357045,147,1211345
-102.81133631502425,80,1211425
-137.7641911881772,132,1211557
-103.16674770213544,72,1211629
-438.57403166073226,88,1211717
1.2712531866479964,87,1211804
-145.27108882818925,90,1211894
-196.27261750784226,87,1211981
-367.1907365885857,104,1212085
-55.73750732445863,71,1212156
-150.71313451943394,67,1212223
-39.25139606249017,62,1212285
-336.1082619329385,117,1212402
-187.8283944755527,95,1212497
-463.16731422784767,133,1212630
-82.28780993231783,65,1212695
-506.0569096291979,106,1212801
-66.12724038859449,61,1212862
-82.00942317801918,64,1212926
-147.29344287061227,93,1213019
-221.22071277409412,63,1213082
-26.08249119427572,99,1213181
-408.5669287359118,97,1213278
-118.88995621563296,95,1213373
-194.59324203414468,56,1213429
-99.31070742762874,70,1213499
-288.25831474153927,113,1213612
-208.59910622862446,116,1213728
-135.5952374163097,64,1213792
-349.4932212260278,102,1213894
-312.15907055237557,125,1214019
-77.26577346298194,57,1214076
-226.62336987967043,137,1214213
-381.73235544732813,96,1214309
-136.46007929132588,101,1214410
-254.56478036482855,99,1214509
-95.19798523422405,104,1214613
-297.0107841355331,90,1214703
-102.14185231377962,66,1214769
-152.2450422557876,90,1214859
-252.63602807581475,97,1214956
-339.87855467681743,101,1215057
-115.2387901763187,119,1215176
-223.73651626081352,79,1215255
-89.86998337865472,121,1215376
-23.83591455144547,111,1215487
-169.0847996481629,83,1215570
-193.5601978851844,99,1215669
-335.47453991855116,85,1215754
-142.57712805899615,74,1215828
-101.74042206436485,79,1215907
-71.76530622471341,70,1215977
-312.39421937367746,136,1216113
-312.27279081192034,88,1216201
-424.4484835231303,107,1216308
-107.96874608232527,109,1216417
-92.50096399373639,67,1216484
-104.45572723956876,59,1216543
-51.4671096224906,104,1216647
-174.94732942357018,149,1216796
-133.93118635906512,115,1216911
-120.41561633577325,108,1217019
-199.5011088797503,88,1217107
-60.558004461553985,70,1217177
-184.42890567303874,81,1217258
-605.9349793158118,89,1217347
-86.92837859371124,70,1217417
-281.6865511609328,91,1217508
-227.21112069164394,83,1217591
-71.69405184626275,69,1217660
-175.93758453079369,64,1217724
-307.1290220020253,65,1217789
-491.95048704629716,99,1217888
-83.7420594745735,92,1217980
-234.33814054985254,122,1218102
-59.91470929705949,65,1218167
-84.75579571170064,95,1218262
-332.58496623637143,95,1218357
-136.95037199092374,127,1218484
-231.47875984023875,86,1218570
-112.89343530435968,71,1218641
-69.90980488318964,67,1218708
-103.14271243606441,102,1218810
-154.08450384693003,76,1218886
-232.27392299572367,102,1218988
-219.0815903291599,125,1219113
-120.34540733121226,67,1219180
-102.60217272630199,69,1219249
-84.90937887467042,115,1219364
-104.39760288910296,103,1219467
-93.20366602957145,65,1219532
-137.2288710061457,136,1219668
-251.07712214138363,57,1219725
-290.8205598940784,91,1219816
-101.23126596653611,119,1219935
-175.5881034074576,113,1220048
-240.14769068305338,107,1220155
-95.20600036277122,74,1220229
-210.0347995876707,69,1220298
-50.929718426764026,68,1220366
-183.59854685213267,97,1220463
-139.11959986810285,93,1220556
-149.38829681821454,75,1220631
-259.136052416365,66,1220697
-27.62892053989505,103,1220800
-387.6325904633591,110,1220910
-284.69317865910386,110,1221020
-95.07946687551754,123,1221143
23.630961811047612,79,1221222
-336.88609732194624,122,1221344
-379.312252088837,94,1221438
-121.68591466581454,67,1221505
-335.43383452937076,93,1221598
-355.51010533557576,90,1221688
-73.80229060784886,74,1221762
-323.1261363911486,78,1221840
-163.45602085294257,94,1221934
-274.02339525422656,105,1222039
-551.7149187873983,118,1222157
-200.55304928163656,73,1222230
-33.80866787184141,128,1222358
-308.4228027997187,110,1222468
-244.70528271445704,90,1222558
-191.81804864298903,110,1222668
-204.49044785755274,89,1222757
-146.56721492535937,76,1222833
-150.17204522029584,78,1222911
-301.01046026062227,112,1223023
-230.8452159000117,88,1223111
-107.92697246959783,73,1223184
-363.3021890789085,88,1223272
-191.2423504731873,73,1223345
-340.98301161155297,114,1223459
-134.39571419616357,96,1223555
-103.62529218811297,74,1223629
-85.72275220306251,79,1223708
-78.29171513362908,62,1223770
-109.49336184621926,61,1223831
-200.29207589092283,94,1223925
-104.18866316517216,96,1224021
-332.82002713862516,109,1224130
-104.02624327720433,67,1224197
-410.72719331338067,79,1224276
-277.61404670671493,100,1224376
-91.22381986042497,100,1224476
-366.377972930862,101,1224577
-312.7688750412374,72,1224649
-112.98304053805485,65,1224714
-70.19709248678302,63,1224777
-155.07643645016555,119,1224896
-250.057962771362,74,1224970
-98.3348772613165,77,1225047
-94.44585438022379,65,1225112
-231.4522808827772,96,1225208
-116.5332655907268,90,1225298
-174.2745584061144,128,1225426
-89.02335245766491,96,1225522
-282.2225980138222,82,1225604
-197.80499199163734,92,1225696
-106.82974912287295,69,1225765
-203.95058491110112,103,1225868
-164.09333789527415,58,1225926
-127.93375074233556,75,1226001
-298.9088962297398,83,1226084
-547.0683428609756,82,1226166
-384.8028673767325,136,1226302
-105.27018050212843,74,1226376
-85.48675117296833,60,1226436
-119.43438815405199,94,1226530
-121.77311465946455,100,1226630
-176.49341308322846,90,1226720
-150.80575779614762,94,1226814
-161.89373708097597,117,1226931
-134.44508372335918,84,1227015
-131.54360698007687,81,1227096
-360.24623311629944,100,1227196
-268.4024642351222,85,1227281
-15.20465779054092,119,1227400
-111.04468720739156,87,1227487
-131.52948473506575,116,1227603
-122.8200976052173,78,1227681
-182.85874988693462,71,1227752
-275.25443833606494,89,1227841
-445.3913426725202,103,1227944
-149.8232346404228,76,1228020
-138.28982584441084,105,1228125
-123.77889084212123,71,1228196
-18.349709670882362,76,1228272
-308.79769985218957,130,1228402
-105.03662561144843,84,1228486
-61.742634497479145,81,1228567
-110.67355055234091,70,1228637
-122.66938688684894,89,1228726
-81.593109778546,112,1228838
-392.02324986615264,115,1228953
-132.55728064048202,104,1229057
-138.98286227366057,68,1229125
-260.2429515044645,116,1229241
-379.0954016268224,93,1229334
-83.00607865602456,69,1229403
-127.3802011543996,105,1229508
-123.27914155268967,78,1229586
-87.95075621702671,77,1229663
-102.55536225150206,89,1229752
-143.6662582887573,93,1229845
-114.85425894083626,150,1229995
-171.75359224924,93,1230088
-107.56316235629288,81,1230169
-218.34518594361757,105,1230274
-109.81438662859556,54,1230328
-164.52074654050432,106,1230434
-127.01843664156382,63,1230497
-137.53755405607643,108,1230605
-132.97281950009935,88,1230693
-114.22787297069038,82,1230775
-115.00073694943724,115,1230890
-205.94013745176312,77,1230967
-93.64549454367072,72,1231039
-241.3265182555759,87,1231126
-172.42253624110003,82,1231208
-131.08415625587912,111,1231319
-86.15216058463271,68,1231387
-91.89218644226791,101,1231488
-112.29123459245905,83,1231571
-384.2340137306491,90,1231661
-107.3310582034987,78,1231739
-324.32673986456786,91,1231830
-118.01921000327928,71,1231901
-91.16471646262517,84,1231985
-138.41228940380464,109,1232094
-240.84952118307473,103,1232197
-122.4654849439952,86,1232283
-122.00287315740714,103,1232386
-230.90247640162767,114,1232500
-64.65728702460733,65,1232565
-76.3593564014658,92,1232657
-129.3659539852028,95,1232752
-60.59054193817842,108,1232860
-135.76364448569595,65,1232925
-383.74105862258523,93,1233018
-271.98326845924305,88,1233106
-232.9258715902802,109,1233215
-110.27614156440832,81,1233296
-107.23444728806555,117,1233413
-163.79512260794124,68,1233481
-103.05405447579939,75,1233556
-274.164452091595,85,1233641
-80.47318343113693,121,1233762
-154.4211436012166,85,1233847
-144.23106015337765,96,1233943
-91.10467611576841,82,1234025
-359.57199457402834,93,1234118
-153.01003444291325,140,1234258
-211.25522242334324,79,1234337
-330.94821312308375,102,1234439
-71.5507046463782,81,1234520
-84.21548838915626,85,1234605
-126.5521896419736,109,1234714
-198.98347405465552,75,1234789
-112.03035114553046,70,1234859
-241.9260702450576,96,1234955
-81.54836880534715,59,1235014
-256.12412969200136,69,1235083
-238.68092125145154,66,1235149
-142.66765733717912,73,1235222
-217.82522500954755,90,1235312
-100.23049307880692,106,1235418
-252.18016064756358,124,1235542
-352.5524025743925,108,1235650
-366.62063049807784,115,1235765
-413.24069009324654,97,1235862
-346.09633698863195,85,1235947
-105.18905931785525,77,1236024
-132.15124900771104,135,1236159
-94.03033805210089,103,1236262
-82.6706091986236,88,1236350
-142.14534519951812,120,1236470
-247.76267910560097,86,1236556
-272.93026106527964,90,1236646
-96.77190915689634,63,1236709
-323.67786928727503,131,1236840
-50.02372813169431,72,1236912
-126.95500272771599,72,1236984
-79.76456921883056,70,1237054
-87.25866594742187,89,1237143
-237.58001519316474,102,1237245
-276.91175130373205,82,1237327
-88.61897061503778,114,1237441
-542.666721957708,100,1237541
-209.20205119843183,97,1237638
-122.52804489721693,73,1237711
-106.90981698007502,118,1237829
-107.51328599240061,84,1237913
-96.68644414225562,77,1237990
-314.6393919768731,108,1238098
-125.73667139388799,99,1238197
-125.26484460759536,90,1238287
-346.40851219935814,77,1238364
-262.3295394504233,80,1238444
-83.42349865780525,69,1238513
-95.66737396682157,68,1238581
-243.17571276866556,112,1238693
-326.3568872768469,101,1238794
-97.45096868891649,89,1238883
-426.61221952343146,109,1238992
-257.7773114889919,67,1239059
-85.44161630121825,112,1239171
-479.0504335269149,97,1239268
-259.6509984224483,104,1239372
-154.91897519438024,72,1239444
-141.73100871520813,95,1239539
-393.7680532344509,93,1239632
-90.66301405660315,99,1239731
-147.7201618796082,89,1239820
-241.46858258376818,86,1239906
-268.5823108708032,89,1239995
-283.52092819444977,138,1240133
-210.9324980142421,112,1240245
-129.79873514813346,71,1240316
-314.4748480063731,66,1240382
-94.06263164886533,69,1240451
-191.12411258496505,76,1240527
-455.0886265225108,93,1240620
-146.18678739340493,99,1240719
19.763705641316093,90,1240809
-129.4011036525556,122,1240931
-219.9581269688142,104,1241035
-85.1874039354906,67,1241102
-189.4542611758347,82,1241184
-145.0374140955509,105,1241289
-264.561500094577,118,1241407
-243.52903280833664,107,1241514
-108.99412898858111,112,1241626
-441.37619576097643,111,1241737
-308.0918309694797,115,1241852
-519.4466320992392,111,1241963
-424.96164813763556,89,1242052
-121.35660165815514,98,1242150
-118.78744382804695,103,1242253
-50.030847591809234,70,1242323
-354.1986009881041,95,1242418
-215.81711078886863,109,1242527
-89.1956797539199,95,1242622
-321.80868587490113,143,1242765
-265.83265342738287,78,1242843
-183.83552415554328,64,1242907
-61.87339578666031,64,1242971
-122.5948436545424,80,1243051
-156.20357950786445,116,1243167
-343.1392022036831,80,1243247
-126.68608155037248,78,1243325
-151.62226176871357,80,1243405
-203.6801729430527,80,1243485
-110.39432299470324,76,1243561
-59.13681393889199,59,1243620
-218.59603932678417,107,1243727
-139.2810414493939,62,1243789
-259.30989298462316,112,1243901
-25.17672358968376,111,1244012
-287.5147865479013,72,1244084
-177.1442851810014,93,1244177
-106.18565397690253,129,1244306
-67.67699842033082,96,1244402
-463.5967571403835,121,1244523
-207.87048499373196,84,1244607
-83.61779975801872,69,1244676
-85.6796072347066,69,1244745
-94.4875733086773,94,1244839
-122.75125024942047,90,1244929
-165.12822788042843,98,1245027
-97.9042878280577,64,1245091
-243.60637493469102,119,1245210
-159.34792792241922,92,1245302
-284.65165489021865,111,1245413
-138.20447806985442,122,1245535
-179.6581975664261,92,1245627
-223.3621962693689,111,1245738
-16.245065146277454,59,1245797
-222.79796080619312,89,1245886
-60.79223238831881,63,1245949
-202.4042963883018,91,1246040
-76.85105112324928,71,1246111
-171.3083518119052,96,1246207
-118.76881646267451,86,1246293
-210.95745814918303,110,1246403
-318.07154183136913,89,1246492
-98.37413048206047,66,1246558
-125.50227887305346,89,1246647
-303.96226482513123,96,1246743
-50.473305884627486,78,1246821
-164.57330215093975,72,1246893
-123.81699837299915,83,1246976
-85.55467752783997,79,1247055
-335.02309610192685,74,1247129
-84.26055971603319,73,1247202
-125.8587710173901,92,1247294
-25.49334893861443,63,1247357
-91.04733076874865,89,1247446
-140.83328108155362,99,1247545
-75.26535864429468,106,1247651
-73.06270735744069,83,1247734
-107.9023175802817,89,1247823
-121.18201679544939,103,1247926
-157.4037135181826,75,1248001
-129.6442544620516,106,1248107
-314.1629382698993,77,1248184
-279.4088122585064,90,1248274
-258.00381381479764,94,1248368
-182.31774155770302,70,1248438
-388.97593939174794,107,1248545
-246.18672699049932,81,1248626
-116.84883177302703,74,1248700
-64.66778250566789,68,1248768
-158.06904154071879,95,1248863
-77.36439625800274,118,1248981
-145.6631680904256,90,1249071
-247.948441213928,61,1249132
-63.24718915513533,65,1249197
-169.40290740541923,75,1249272
-88.20818855766166,61,1249333
-201.73470960145596,120,1249453
-119.45255280820996,79,1249532
-154.47364178164412,84,1249616
-212.36740999134298,121,1249737
-367.6543254080142,85,1249822
-227.91496133000413,115,1249937
-61.159827588437054,65,1250002
-147.15764026046855,57,1250059
-87.6935428185154,65,1250124
-343.96911474456454,104,1250228
-142.52513707007006,104,1250332
-238.96980572274776,120,1250452
-74.9510349489518,59,1250511
-110.83394208788033,83,1250594
-90.2103738915749,69,1250663
-309.6860613068667,98,1250761
-141.1284301897349,133,1250894
-324.876596948327,124,1251018
-219.02797627177867,97,1251115
-262.04976228702975,97,1251212
-147.1969938649446,78,1251290
-228.84408039823768,77,1251367
-97.69160461419617,98,1251465
-105.74057412251771,63,1251528
-582.1306780950737,90,1251618
-383.43858430855573,89,1251707
-282.7721064630491,85,1251792
-248.79538432906503,114,1251906
-209.19038870008612,69,1251975
-296.2155628675579,102,1252077
-102.22194849886533,72,1252149
-301.0786746356394,101,1252250
-145.2483156688374,82,1252332
-149.28355724586854,65,1252397
-22.025008904473452,121,1252518
-99.83670326647305,70,1252588
-195.40376880609352,82,1252670
-89.16017229956299,61,1252731
-108.93271188686289,80,1252811
-405.8252858938762,109,1252920
-53.329738553084425,64,1252984
-14.933899489896717,95,1253079
-252.7237065784566,83,1253162
-120.08456906149075,88,1253250
-64.0949196540191,67,1253317
-344.7381818273036,127,1253444
-116.71404395093921,96,1253540
-368.7905528044323,105,1253645
-109.76662973196754,94,1253739
-118.5166602677626,94,1253833
-182.82099310719116,113,1253946
-305.80484714238906,105,1254051
-100.34805089944246,89,1254140
-101.12106934881764,92,1254232
-151.17554236602862,61,1254293
-298.91673272683465,98,1254391
-119.78242372494665,109,1254500
-222.25987524447388,116,1254616
-191.11036294775363,105,1254721
-314.4992751013523,111,1254832
-162.0276836911714,83,1254915
-181.82675228769386,125,1255040
-352.90016600297395,103,1255143
-448.4734354836961,93,1255236
-107.33680579232283,71,1255307
-301.92371056034546,93,1255400
-56.91391044253055,130,1255530
-293.1219412395602,89,1255619
-106.88180661224295,112,1255731
-26.170966642680725,70,1255801
-114.80485370486448,75,1255876
-250.74437886452205,114,1255990
-71.73423417320417,104,1256094
-126.1109358759831,93,1256187
-267.59052357379386,114,1256301
-88.03853199983256,88,1256389
-171.6521052748923,91,1256480
-130.13456150167747,63,1256543
-162.16935560645288,102,1256645
-106.179983677345,151,1256796
46.29151446084319,92,1256888
-362.2124674741408,113,1257001
-104.37850666628073,70,1257071
-116.42481754912312,112,1257183
-192.10966420461392,99,1257282
-432.06579476375157,104,1257386
-205.50066162389896,127,1257513
-81.3445733131052,67,1257580
-151.17464896442783,73,1257653
-74.8969251559991,65,1257718
-344.89006299521475,95,1257813
-141.43143993533346,78,1257891
-183.32044112273348,91,1257982
-131.58434660834382,85,1258067
-225.0562265275905,92,1258159
-152.645288470101,71,1258230
-160.822101956969,75,1258305
-139.93003900646366,76,1258381
-231.52701804240456,73,1258454
-146.04433885077844,98,1258552
-419.4731850859314,101,1258653
-285.18178225960423,93,1258746
-104.14982324345775,77,1258823
-94.03465612357593,80,1258903
-161.94200196828473,111,1259014
-158.29271270826285,65,1259079
-58.689831463115155,82,1259161
-58.16493709412346,62,1259223
-108.15281512817995,117,1259340
-29.549787960176545,114,1259454
-146.14697637264982,113,1259567
-212.04316245226153,94,1259661
-108.38549708146681,72,1259733
-283.201556856358,67,1259800
-133.6104700204486,114,1259914
-435.43079163810444,97,1260011
-132.11725004642688,81,1260092
-579.7198278448275,119,1260211
-227.5307271969784,113,1260324
-128.96152623618246,83,1260407
-169.95081591487474,115,1260522
-117.6446155247663,76,1260598
-202.71475013321475,92,1260690
-132.66824643057163,87,1260777
-112.04915825571118,119,1260896
-198.83441548299498,101,1260997
-110.82793728400306,97,1261094
-140.82619227442967,68,1261162
-362.8220716598796,95,1261257
-176.8223752213537,75,1261332
-353.08441704942675,84,1261416
-284.56250811350844,98,1261514
-137.55215471643163,93,1261607
-120.90872823228894,80,1261687
-222.57558075396844,123,1261810
-104.51802644352809,67,1261877
-88.10683342824672,63,1261940
-109.65012105779797,86,1262026
-317.3882449354318,74,1262100
-201.79752818369394,115,1262215
-140.36041694767204,112,1262327
-285.52194302187144,103,1262430
-376.7321932095715,84,1262514
-234.84495882325004,82,1262596
-135.79614005025297,101,1262697
-116.4403445687759,78,1262775
-180.16172931389585,86,1262861
-122.25807857500197,96,1262957
-363.2183363977465,110,1263067
-99.39436266924832,90,1263157
-275.2797317772826,81,1263238
-322.81459691103566,69,1263307
-267.5219709712291,92,1263399
-109.44050204927916,63,1263462
-84.34375943281928,77,1263539
-121.33347966972724,69,1263608
-265.2949441656542,65,1263673
-331.35681614699035,110,1263783
-383.22658744685594,84,1263867
-136.8903102625908,66,1263933
-118.22233996457999,61,1263994
-160.21661247964335,68,1264062
-432.5049689883229,106,1264168
-302.5674010030417,103,1264271
-195.29964551659754,77,1264348
-79.8379031451234,65,1264413
-91.91844373884729,102,1264515
-308.8831620373232,127,1264642
-117.66242390586413,94,1264736
-131.90708101045547,86,1264822
-180.24508425327946,80,1264902
-331.3742365279128,95,1264997
-390.6698310168632,127,1265124
-113.65818129269456,77,1265201
-76.24293237309178,71,1265272
-266.68050623323063,80,1265352
-150.32418701810124,78,1265430
-87.09133498975518,105,1265535
-117.86519791292436,71,1265606
-376.90579306483295,85,1265691
-593.2376929294194,94,1265785
-275.84915813231294,119,1265904
-132.06738812404916,89,1265993
-325.2103118761944,109,1266102
-123.3090412189122,103,1266205
-122.31663974432928,77,1266282
-400.7248200561338,106,1266388
-12.317094837029458,93,1266481
-223.38170534521743,102,1266583
-477.3572156749271,81,1266664
-143.3210786733895,84,1266748
-95.93859468829041,118,1266866
-101.34812242324843,69,1266935
-249.89647366469472,137,1267072
-123.97574006154863,104,1267176
-322.5060933322261,130,1267306
-261.6714225545904,61,1267367
-84.60640354331954,71,1267438
-119.35053138066498,65,1267503
-148.96390907866922,72,1267575
-111.42330215594065,121,1267696
-107.39052727644807,83,1267779
-126.65657768945098,87,1267866
-130.5358582502705,82,1267948
-217.54922341937527,86,1268034
-168.55743960580645,64,1268098
-133.99791467295077,109,1268207
-257.2030393816068,137,1268344
-83.05280165050857,71,1268415
-72.92031792444904,83,1268498
-210.86307483028799,112,1268610
-321.5323262414771,78,1268688
-128.18400836143303,88,1268776
-223.47776002717274,97,1268873
-413.5181478934246,113,1268986
-148.8363439878778,115,1269101
-444.68622741102405,82,1269183
-116.2732580303262,95,1269278
-105.12066023960016,119,1269397
-128.31159950493821,109,1269506
16.47577292531018,112,1269618
-128.42888770572588,89,1269707
-313.8893790336572,85,1269792
-134.71567998051924,92,1269884
-110.69354446416966,77,1269961
-99.71854447248516,64,1270025
-385.76571153297954,95,1270120
-157.41442745428338,74,1270194
-67.75222331304893,72,1270266
-306.1650550695258,102,1270368
-99.78503275315053,86,1270454
-163.34472673804578,96,1270550
-124.72654978076459,102,1270652
-145.27161577243646,80,1270732
-400.2859449210217,112,1270844
-164.9511763561093,72,1270916
-33.797820511258635,68,1270984
-182.21421261090904,78,1271062
-228.12110551505322,91,1271153
-156.137298194499,67,1271220
-248.7088392971888,75,1271295
-135.00284214205445,93,1271388
-250.00358561507417,120,1271508
-141.54859809569302,102,1271610
-333.1357319579294,96,1271706
-170.54168820874656,99,1271805
-128.99853538647238,90,1271895
-52.7568782938183,70,1271965
-312.20252138563944,99,1272064
-110.87434900314966,97,1272161
-233.29537086027688,65,1272226
-248.2766302605221,100,1272326
-115.52216832999906,79,1272405
-213.78739097331595,86,1272491
-224.3195120268332,85,1272576
-117.9860141342491,64,1272640
-67.86513040267072,123,1272763
-140.4068638788362,77,1272840
-195.37325432082773,77,1272917
-85.78886511138721,100,1273017
-156.44785326201298,119,1273136
-102.54245755549233,85,1273221
-124.56631750267022,80,1273301
-236.67139406799637,73,1273374
-272.2032206100688,103,1273477
-90.27656038051458,79,1273556
-313.2251648298868,114,1273670
-132.4509542158101,87,1273757
-117.05486464157748,91,1273848
-229.02632472091616,109,1273957
-92.57145922762507,65,1274022
-136.98916225964933,92,1274114
-245.31064076385323,65,1274179
-96.80502916606409,88,1274267
-139.22550886914036,85,1274352
-85.51449434723952,61,1274413
-170.05123652621478,80,1274493
-69.94404363956914,86,1274579
-87.76833558102622,94,1274673
-103.06651374624089,117,1274790
-141.52801259437172,73,1274863
-228.5191128350745,80,1274943
-368.71539965307926,95,1275038
-188.19300114265081,64,1275102
-212.1437010491981,89,1275191
-250.3026823586186,105,1275296
-356.7290149842584,139,1275435
-101.32513597667726,96,1275531
-399.28117401563645,117,1275648
-65.84316599400192,63,1275711
-406.97012473561426,85,1275796
-125.57096741111181,107,1275903
-194.34264635945237,100,1276003
-92.98989986946765,87,1276090
-78.92947140066033,73,1276163
-161.25043842797945,109,1276272
-240.7829084547034,111,1276383
-110.80825095923707,119,1276502
-117.71399502514197,89,1276591
-78.43449589640055,126,1276717
-232.51752837898275,128,1276845
-145.68510626587891,63,1276908
-169.23327267444859,94,1277002
-56.46590624476537,61,1277063
-72.70707419280859,67,1277130
-148.7508446594465,66,1277196
-108.18072400338971,107,1277303
-363.50395998425114,90,1277393
-200.1218187951182,86,1277479
-117.60489137151978,119,1277598
-346.9396907758269,136,1277734
-114.46681161444792,72,1277806
-97.07175469108209,64,1277870
-125.19054598993307,67,1277937
-49.53163987842791,81,1278018
-85.71402587905052,78,1278096
-318.5889795752789,112,1278208
-298.81094439653987,95,1278303
-76.42126863906631,114,1278417
-236.52963635813802,73,1278490
-73.04611366884127,138,1278628
-184.8746671462277,76,1278704
-232.17822855105615,104,1278808
-202.83929635681653,102,1278910
-173.64305384019872,86,1278996
-407.91954479814194,104,1279100
-353.1068090623841,101,1279201
-143.88355231454608,89,1279290
-211.66052347136872,103,1279393
-257.5791084139736,107,1279500
-285.92916477200646,119,1279619
-232.85584041861864,127,1279746
-39.483611487623286,71,1279817
-132.08872623127877,73,1279890
-215.0002355858794,88,1279978
-349.7273146118638,98,1280076
-263.3711499811833,103,1280179
-150.06057595836876,138,1280317
-326.06378485427206,93,1280410
-145.7490656758319,134,1280544
-14.560035804955731,104,1280648
-160.5073210343287,66,1280714
-128.64364830613775,99,1280813
-106.61568788479445,65,1280878
-152.41455440253648,119,1280997
-312.7454857716428,115,1281112
-25.10580233137712,98,1281210
-151.84728156905203,106,1281316
-19.13584542612631,86,1281402
-151.37433493541948,100,1281502
-113.03577346331497,96,1281598
-247.2674008531107,91,1281689
-282.3539633842567,107,1281796
-93.4783071278923,105,1281901
-184.92462103185377,103,1282004
-212.46033833692712,132,1282136
-91.60816202060553,106,1282242
-126.57342522328543,100,1282342
-97.80574477643285,66,1282408
-146.85425115979803,127,1282535
-202.76103043585,96,1282631
-158.44960756293287,61,1282692
-244.07207695786775,79,1282771
-340.27026325515016,90,1282861
-109.32765156092776,63,1282924
-293.42828340407493,87,1283011
-209.3509473110432,121,1283132
-56.557315875762725,84,1283216
-135.99461665278136,62,1283278
-226.0312243847726,104,1283382
-239.60410954532443,93,1283475
-308.0557730395054,102,1283577
-300.09306142959235,104,1283681
-161.90577192391905,128,1283809
-43.79210757452684,93,1283902
-127.53487956434911,59,1283961
-124.50398981924656,102,1284063
-19.500072810141674,82,1284145
-231.15303261487676,80,1284225
-81.22795009131221,88,1284313
-180.27487779877035,79,1284392
-124.93559803089681,70,1284462
-215.34717653787123,82,1284544
-174.87823705007168,97,1284641
-139.2104023654332,118,1284759
-100.9286289391088,58,1284817
-83.09984462845976,78,1284895
-278.2631144323915,103,1284998
-108.60196836396904,65,1285063
-365.6592729556759,103,1285166
-114.71879803497055,112,1285278
-105.21790644990128,79,1285357
-42.72724710914379,93,1285450
-114.26798643275056,75,1285525
-129.92952104998892,61,1285586
-236.7109304687613,168,1285754
-108.08299976248966,83,1285837
-120.31648728772416,65,1285902
-60.58642728270667,99,1286001
-201.2328265044644,85,1286086
-141.39701561081114,80,1286166
-71.59525858953401,63,1286229
-266.4457413277752,89,1286318
-125.97067604119563,82,1286400
-127.55035402717925,60,1286460
-258.9411826199559,102,1286562
-189.91021557214435,73,1286635
-157.01938876348044,125,1286760
-299.2808028291946,76,1286836
-115.7585637435426,88,1286924
-218.10493013440976,80,1287004
-373.0940236911303,90,1287094
-98.44484206703406,83,1287177
-230.65362267681948,93,1287270
-325.5997880304376,98,1287368
-91.80385436638068,65,1287433
-105.64295380703271,76,1287509
-260.9109091461246,92,1287601
-144.9057467305285,121,1287722
-239.33476213564865,63,1287785
-181.96004116408568,99,1287884
-116.27639749592795,60,1287944
-125.8541613967962,99,1288043
-112.50143102601423,65,1288108
-34.21837412145949,68,1288176
-88.69570363986597,67,1288243
-185.73061160187692,69,1288312
29.550449448372405,61,1288373
-273.82572391591395,108,1288481
-23.22588936824711,104,1288585
-124.33123621675763,68,1288653
-94.7447755196341,54,1288707
-118.93618773089757,63,1288770
-134.24055644670258,85,1288855
19.148363575326826,99,1288954
-367.15805895343146,114,1289068
-192.26895373750847,97,1289165
-71.64601366389356,63,1289228
-270.19222319369817,68,1289296
-119.58908021115971,81,1289377
-129.18736950684183,82,1289459
-211.26204645965714,124,1289583
-217.83663230375507,111,1289694
-128.443725692905,78,1289772
-178.95352353259818,66,1289838
-228.42215318790275,81,1289919
-149.03484001897343,66,1289985
-111.78729685083248,109,1290094
-296.30388582134276,87,1290181
-3.3257635435401767,89,1290270
-248.7530132810911,96,1290366
-88.55987726917041,109,1290475
-230.7799889785138,73,1290548
-136.83485056601046,85,1290633
-306.64624122664367,91,1290724
-227.22741869000652,121,1290845
-11.072308378466118,79,1290924
-359.4095711718413,102,1291026
-54.89913996400833,73,1291099
-298.0377412979065,96,1291195
-151.28729039600734,92,1291287
-144.68637042741003,113,1291400
-131.83087101114978,124,1291524
-260.0161212650853,75,1291599
-353.3434853128459,95,1291694
-85.29613599834069,73,1291767
-105.78016496287107,108,1291875
-267.63232032452504,63,1291938
-120.9310858240217,72,1292010
-46.07298124796142,66,1292076
-304.90543786125016,101,1292177
-116.17783276859721,69,1292246
-89.75091900486251,67,1292313
-236.72793027115944,93,1292406
-91.02719353727247,103,1292509
-104.41341918685929,81,1292590
-344.1431748995693,92,1292682
-82.20151217000587,131,1292813
-233.40171864111775,77,1292890
-436.2438110088511,82,1292972
-68.395329573826,71,1293043
-93.19173864562467,86,1293129
-91.30704203124019,119,1293248
-136.23577021571057,115,1293363
-154.57387862358064,117,1293480
-119.40780603375485,77,1293557
-320.2248429104541,96,1293653
-93.44081395707846,67,1293720
-116.97527198491812,63,1293783
-85.49683499470706,133,1293916
-98.11087241667823,74,1293990
-168.39756140312068,76,1294066
-228.85777312828415,81,1294147
-199.29221547286386,85,1294232
-87.78414350506172,106,1294338
-95.70104902480567,75,1294413
-125.56020757695634,82,1294495
-409.0252128876728,96,1294591
-200.53108600439197,65,1294656
-95.46153773532906,83,1294739
-192.4489038463927,94,1294833
-153.61772242692598,68,1294901
-277.8027882236606,110,1295011
-120.68445932284624,70,1295081
-72.80002713578838,91,1295172
-109.94683959713059,66,1295238
-214.31265615408563,61,1295299
-122.0354892882414,76,1295375
-67.32614807956779,59,1295434
-239.4416263970666,65,1295499
-103.90100453243006,80,1295579
-186.1799043698622,92,1295671
-147.4009874145986,83,1295754
-129.89492625988657,75,1295829
-349.0084719309076,126,1295955
-81.74510608668061,61,1296016
-90.74834891252583,89,1296105
-368.64825045093,128,1296233
-123.47265165894082,71,1296304
-170.29021323620572,88,1296392
-136.09634019038165,96,1296488
-256.6909864589559,85,1296573
-89.29012871545066,71,1296644
-99.85316156312797,132,1296776
-144.56094258131225,102,1296878
-62.79956502033909,123,1297001
-397.5205821356943,94,1297095
-92.03029769387975,92,1297187
-63.783449514595276,78,1297265
-151.59625105415302,117,1297382
-330.6367124135621,113,1297495
-283.33245448435616,112,1297607
-405.5770217713721,99,1297706
-102.60434013076895,61,1297767
-136.76623180593742,117,1297884
-99.72295394383262,87,1297971
-311.3350946954187,130,1298101
-19.106939411016143,129,1298230
-101.39132570322504,69,1298299
-140.6290792018371,73,1298372
-93.89422337152774,91,1298463
-95.07115723378593,71,1298534
-87.64319411904603,74,1298608
-114.69956954063424,97,1298705
-163.601684921293,98,1298803
-133.74103026428816,65,1298868
-85.37375656820214,71,1298939
-328.07146182731685,120,1299059
-140.220335213149,107,1299166
-227.6727772929285,100,1299266
-96.78993267966312,117,1299383
-99.9851708279688,57,1299440
-117.38758647618702,97,1299537
-99.6260415210282,77,1299614
-188.72219175575137,111,1299725
-76.1718050558263,93,1299818
-262.6984215032878,85,1299903
-258.179098465705,99,1300002
-134.92589081040956,118,1300120
-133.02011502457583,119,1300239
-104.5705192549388,79,1300318
-85.98840398593792,56,1300374
-278.9286050626203,94,1300468
-80.6705562770157,104,1300572
-152.44565295276408,76,1300648
-352.6556589856788,123,1300771
-404.34966593083766,122,1300893
-227.83525705743992,103,1300996
-134.33738146033932,83,1301079
-418.42895981898835,99,1301178
-59.25981497101733,61,1301239
-454.3804869450431,78,1301317
-236.439678026807,95,1301412
-120.60868572660503,62,1301474
-105.88901208020538,101,1301575
48.79669922414848,76,1301651
-128.33235825349425,96,1301747
-38.97066623542344,78,1301825
-127.51277955353547,135,1301960
-7.728578113338941,82,1302042
-190.0545872120568,80,1302122
-183.41199479543803,96,1302218
-152.2424854441564,82,1302300
-59.238241271025686,110,1302410
-290.23253664436527,97,1302507
-435.66754028144743,89,1302596
-115.11023458184047,71,1302667
-378.9860634302323,106,1302773
-140.7085707637692,123,1302896
-382.4195046781191,90,1302986
-208.3456660551095,80,1303066
-84.22914274221027,69,1303135
-173.1546331940208,132,1303267
-205.9667444351196,96,1303363
-97.20380548596542,76,1303439
-92.70896515564313,96,1303535
-277.6136978196588,106,1303641
-272.7824799454679,79,1303720
-461.99157137718646,112,1303832
-461.5905088091757,102,1303934
-170.3301925429268,136,1304070
-105.05826941221775,69,1304139
-119.11102445316098,89,1304228
-148.09608193236872,79,1304307
-94.62294295467395,85,1304392
-188.7809894114223,90,1304482
-176.3436621323495,126,1304608
-144.1666751620902,86,1304694
-57.44902225155794,63,1304757
-342.10854795205944,109,1304866
-151.00836715980392,104,1304970
-177.6485835435272,83,1305053
-229.85470928527025,103,1305156
-335.18172413619754,85,1305241
-415.5362648672074,119,1305360
-187.26890433552933,100,1305460
-107.1188837383775,87,1305547
-47.96228958202249,122,1305669
-155.65970878851033,111,1305780
-168.27088713400636,76,1305856
-329.1307736162356,117,1305973
-386.02439526148993,97,1306070
-62.718514256455734,120,1306190
-82.50862076393577,112,1306302
-111.16780184825636,67,1306369
-371.7294397514667,91,1306460
-137.85538694683927,92,1306552
-246.42200007096417,119,1306671
-183.93022905168996,140,1306811
-160.2661182104369,102,1306913
-155.17381395548415,95,1307008
-363.5813339694186,122,1307130
-166.78616481559925,72,1307202
-307.9970884119391,124,1307326
-175.2991309966162,75,1307401
-110.26595229180379,80,1307481
-172.37760484222076,125,1307606
-405.8199292833659,122,1307728
-253.89711327176667,100,1307828
-68.87420387351587,102,1307930
-149.9334142657554,74,1308004
-111.93781115624166,62,1308066
-393.5924063807032,90,1308156
-152.60404055157204,65,1308221
-165.61334956685337,96,1308317
-351.15159307790975,100,1308417
-309.7750505657392,102,1308519
-216.3310031289232,118,1308637
-131.45155889866132,83,1308720
-164.0183810146159,59,1308779
-213.9593332638916,86,1308865
-127.09459297969454,72,1308937
-336.90813771096066,142,1309079
-309.2209774995375,83,1309162
-387.28637297444794,82,1309244
-125.91429600856573,98,1309342
-119.4554403126567,60,1309402
-124.85493331290283,111,1309513
-36.38521093952622,107,1309620
-406.05450389354064,83,1309703
-157.43857086135043,83,1309786
-99.68424786580324,68,1309854
-260.04439722443135,75,1309929
-319.9640633842814,100,1310029
-285.2114754596105,97,1310126
-105.30965708857485,64,1310190
-105.32592046445343,72,1310262
-173.73277272878514,90,1310352
-131.7486759019176,74,1310426
-136.13547531873104,67,1310493
-115.57581899651602,111,1310604
-57.75482331487858,70,1310674
-124.27434561206927,124,1310798
-268.48748807789195,97,1310895
-2.148334084867571,92,1310987
-73.08342236834278,94,1311081
-147.54424451952846,110,1311191
3.9496640933792833,72,1311263
-395.3385467574251,87,1311350
-75.78589911761681,70,1311420
-111.6269441549399,73,1311493
-175.1617246840101,80,1311573
-222.88952925616803,71,1311644
-144.01712462373584,108,1311752
-346.3207752578719,97,1311849
-171.15323990328545,77,1311926
-127.04470509001642,76,1312002
-328.8567021702662,115,1312117
-42.50886656001037,127,1312244
-110.85769931948423,82,1312326
-183.00008697611517,118,1312444
-147.1288531143957,97,1312541
-359.18980580430707,83,1312624
-194.98305953457583,74,1312698
-175.94780573405336,110,1312808
-100.44535417514331,90,1312898
-314.29342941121814,107,1313005
-58.15162253712077,80,1313085
-133.88198229114886,87,1313172
-122.10678732504623,83,1313255
-412.52149853055164,109,1313364
-225.60070806199684,86,1313450
-81.27541859122012,68,1313518
-174.33623398491022,76,1313594
-251.8819063149755,87,1313681
-81.33642345343283,68,1313749
-138.27447528020042,110,1313859
-96.48292991642501,84,1313943
-418.38755083200294,108,1314051
-117.58921163470549,60,1314111
-122.46254522161473,125,1314236
-137.37306372497008,112,1314348
-121.39072538688299,87,1314435
-501.8970151062109,128,1314563
-104.73262687789551,65,1314628
-344.89849288369555,123,1314751
-175.70984285479034,113,1314864
-139.18511293221408,100,1314964
-129.909668590485,80,1315044
-28.67668893450748,103,1315147
-81.79785192579769,73,1315220
-382.9614841544812,108,1315328
-91.64560557006553,66,1315394
-137.32036023355985,101,1315495
-335.5279501819482,94,1315589
-291.09466742858444,80,1315669
-374.00174252804857,109,1315778
-100.96833298464837,74,1315852
-406.6800885503171,95,1315947
-110.36994169750399,103,1316050
-112.52561159316781,95,1316145
-114.87656325915056,74,1316219
-278.61099211435544,81,1316300
-117.87445586628525,67,1316367
-78.76631092574551,103,1316470
-318.49573445280066,78,1316548
-182.12651211292575,101,1316649
-257.2440804856293,126,1316775
-355.395034458548,93,1316868
-126.17180052890528,86,1316954
-97.28661202132345,127,1317081
-126.24484404465268,77,1317158
-327.2043507417195,153,1317311
-121.46841955203604,60,1317371
-141.75450282647665,89,1317460
-101.67234549325163,72,1317532
-160.61764978636955,70,1317602
-152.51431920793794,112,1317714
-171.4870814977586,62,1317776
34.852800111390735,95,1317871
-106.56270181857472,113,1317984
-191.41221092044998,72,1318056
-120.41865962168406,76,1318132
-123.70418577533653,113,1318245
-148.42858177966593,67,1318312
-396.91822587194935,95,1318407
-588.4097940206764,118,1318525
-57.576160729796115,65,1318590
-426.7868634095125,111,1318701
-332.5123755223524,102,1318803
-234.6298724293204,102,1318905
-69.53868260432893,59,1318964
-293.35582063770005,65,1319029
-156.1352257776953,126,1319155
-148.17509714407998,115,1319270
-99.93674609490542,62,1319332
-340.96887352393844,93,1319425
-151.18834379965443,64,1319489
-278.3869624521065,84,1319573
-77.92409703962988,62,1319635
-88.44954681898028,97,1319732
-96.24202045866825,74,1319806
-126.7433803543208,82,1319888
-88.3673206176671,67,1319955
-87.48929219880884,106,1320061
-104.01547275605873,82,1320143
-116.29226510069984,74,1320217
-128.73905571327614,101,1320318
-285.3705612082226,118,1320436
-232.35371494685216,85,1320521
-151.49603115773368,56,1320577
-278.06006138114003,113,1320690
-79.58395836495393,74,1320764
-215.56905765417056,92,1320856
-317.3142382490786,98,1320954
-115.19733805981119,62,1321016
-73.80570670297462,128,1321144
-132.69049252568342,92,1321236
-63.23899698529667,76,1321312
-116.41759355376882,85,1321397
-189.4876201830984,81,1321478
-108.00958265610515,99,1321577
-206.61730393946723,98,1321675
-134.8544787839707,65,1321740
-493.1323947354537,115,1321855
-248.6280300394767,176,1322031
-381.68371465896206,113,1322144
-334.0640810455648,96,1322240
-128.9811968029794,81,1322321
-109.97430532495972,120,1322441
-247.35430970758344,123,1322564
-58.37693437097877,68,1322632
-213.5894506670333,111,1322743
-61.239332903864266,64,1322807
-113.07984973064372,101,1322908
-105.04291224749183,74,1322982
-126.62410524466293,102,1323084
-148.94427484158643,87,1323171
-452.8216822901837,86,1323257
-141.9149988662767,112,1323369
-110.32721480028461,87,1323456
-89.59513949058625,98,1323554
-37.22854162418311,78,1323632
-285.61330928522904,99,1323731
-117.5813927727278,85,1323816
-329.8979615195625,83,1323899
-200.0807898615045,73,1323972
8.420012151606798,92,1324064
-281.4987383504963,99,1324163
-281.95819248557575,101,1324264
-123.9282686411829,113,1324377
-150.46643587300312,114,1324491
-115.26480786592583,85,1324576
-228.5300315375629,92,1324668
-137.12183745923397,115,1324783
-81.72368428096557,93,1324876
-69.8968386158275,70,1324946
-104.32136145134513,102,1325048
-92.9894446227971,107,1325155
-132.57487145242948,94,1325249
-111.28916119894033,96,1325345
-474.29205379542776,84,1325429
-142.56461848735216,75,1325504
-273.1678003711496,109,1325613
-126.97594323357728,136,1325749
-167.1488875133573,83,1325832
-121.61922178298673,93,1325925
-161.55193602918382,84,1326009
-137.13643603349718,111,1326120
-373.9032209075569,126,1326246
-196.78334506342736,103,1326349
-68.3184462059598,77,1326426
-95.9694375923452,71,1326497
-271.3231342877916,68,1326565
-252.1549377894436,115,1326680
-193.0465120485286,71,1326751
-193.73548455285015,118,1326869
-138.89759953666484,87,1326956
-241.76297473768648,103,1327059
-103.04796158046683,89,1327148
-81.05513182251862,67,1327215
-134.74623269810547,106,1327321
-273.2477585869845,107,1327428
-210.30537257323468,75,1327503
-83.32114362072541,66,1327569
-195.94107687623415,77,1327646
-291.60510114545207,103,1327749
-94.02673574145444,118,1327867
-290.7762755885674,94,1327961
-235.56329991053087,114,1328075
-58.85590125920629,67,1328142
-347.2419106337304,94,1328236
-121.96768610086875,81,1328317
-227.59925755225606,92,1328409
-71.81310156920118,64,1328473
-121.8838379630391,73,1328546
-302.5258000193936,104,1328650
-120.45073746295454,121,1328771
-170.48527676136558,105,1328876
-128.05616703196245,113,1328989
-252.08980404616736,139,1329128
-238.49552832597809,109,1329237
-65.79236410630384,83,1329320
-199.0290366743011,83,1329403
-411.2910659776384,99,1329502
-119.3997961115212,93,1329595
-156.85707037160682,105,1329700
-158.4813006588405,93,1329793
-375.9258791141391,86,1329879
-259.1683230109443,95,1329974
-525.2105004853472,105,1330079
-249.07173031973718,97,1330176
-112.89473865747709,138,1330314
-211.45588957939708,64,1330378
-276.6405712785218,95,1330473
-127.59596757357441,87,1330560
-161.04127645748667,75,1330635
-122.2484397352973,103,1330738
-148.33669363545673,69,1330807
-141.6571127819996,81,1330888
-137.5990272747927,101,1330989
-167.8230383004137,80,1331069
-134.09330416883233,57,1331126
-356.866888551982,117,1331243
-83.20527432949322,71,1331314
-269.16892841044603,95,1331409
-148.37024929408489,111,1331520
-173.7463842891416,65,1331585
-432.7342360150377,107,1331692
-118.6721141645177,114,1331806
-170.53488783152497,90,1331896
-324.2543453895611,125,1332021
-100.3414337925374,64,1332085
-46.56940067908663,65,1332150
-62.669630919185934,65,1332215
-134.46872225201906,104,1332319
-81.00270320188807,140,1332459
-375.40422363834944,128,1332587
-326.2203005160783,114,1332701
-80.14322490445812,79,1332780
-337.53002509313836,94,1332874
-176.19756807036435,90,1332964
-328.41507290130016,107,1333071
-126.88713312269893,65,1333136
-228.14716271523122,103,1333239
-120.87160748220344,81,1333320
-233.3536184985854,116,1333436
43.4246795935008,74,1333510
-85.6004866671841,67,1333577
-67.04355026111688,114,1333691
-116.91766543450818,104,1333795
-174.62651387425916,70,1333865
-347.11594276915093,103,1333968
-328.33478754812916,85,1334053
-458.52947645212515,117,1334170
-204.4463042872746,93,1334263
-203.89207019599348,75,1334338
-163.68794145717675,102,1334440
-85.14599957502655,74,1334514
-166.04830462408498,98,1334612
-135.33138525210467,90,1334702
-181.4982585615735,79,1334781
-179.22243143687857,97,1334878
-83.27484638529415,79,1334957
-92.02427621259437,99,1335056
-319.63683241072204,84,1335140
-148.3430698510436,109,1335249
-289.7449670661216,112,1335361
-427.2901019121749,101,1335462
-81.48076809709862,57,1335519
-173.7594811633456,73,1335592
-202.335137957367,120,1335712
-117.48356554437089,100,1335812
-369.5353105745485,85,1335897
-108.77607648468295,81,1335978
-101.8265173606958,85,1336063
-82.92668251669056,70,1336133
-98.12365945806482,142,1336275
-137.54417467437042,113,1336388
-284.21242948988777,96,1336484
-197.07171735899004,117,1336601
-299.0650482714127,83,1336684
-219.58863820560165,90,1336774
-92.11254670190118,74,1336848
-102.44133864368557,63,1336911
-296.43615131702296,119,1337030
-383.2560774626823,92,1337122
-266.5185186154388,68,1337190
-77.14692713417853,95,1337285
-205.51028033985585,99,1337384
-181.1893448579844,77,1337461
-222.34529459492194,85,1337546
-106.23423601746583,98,1337644
-119.77379953264074,73,1337717
-107.92913666683468,65,1337782
-350.6244694563258,93,1337875
-594.0100482562284,123,1337998
-491.5551351608206,108,1338106
-267.06005423476796,118,1338224
-119.14976433146502,85,1338309
-143.59597309251393,90,1338399
-58.7185554743771,71,1338470
-212.0045318442868,94,1338564
-100.75524442289743,85,1338649
-72.2985631088615,62,1338711
-346.3832171730804,108,1338819
-163.76923278898784,66,1338885
-91.01960210405773,102,1338987
-102.80089312329002,98,1339085
-97.02786690846666,83,1339168
-85.45688421963958,65,1339233
-275.74701154022665,106,1339339
-221.81956331579931,103,1339442
-213.9312044797981,103,1339545
-238.82148063906777,92,1339637
-96.73838179999089,76,1339713
-162.33640170073903,76,1339789
-357.6739824711467,98,1339887
-166.22110558757555,62,1339949
-80.5556622563144,73,1340022
-147.68631365395956,125,1340147
-311.439484908528,117,1340264
-137.08474340082154,106,1340370
-253.8617516428008,81,1340451
-131.8218022994235,110,1340561
-149.3760129570761,128,1340689
-124.70020441984698,106,1340795
-209.38888883544723,79,1340874
-156.77225404900048,117,1340991
29.98608079229166,152,1341143
-246.6902499118887,105,1341248
-195.24362040849294,107,1341355
-144.22304991911187,73,1341428
-131.31106956935886,103,1341531
-102.40060703529782,83,1341614
-104.0395492907379,81,1341695
-369.41130114444553,104,1341799
-162.8205879338742,74,1341873
-96.94488161992174,86,1341959
-345.45015039413727,94,1342053
-141.8178992125729,104,1342157
-86.55761958313941,72,1342229
-101.47539196171776,64,1342293
-104.47213670712361,129,1342422
-82.1537830904435,70,1342492
-276.10479882909453,110,1342602
-107.8882722820445,75,1342677
-58.414795288376155,85,1342762
-111.82417778767632,107,1342869
-70.81169612142479,87,1342956
-72.78263487474794,81,1343037
-127.05349555380505,92,1343129
-426.46963890612557,119,1343248
-224.9587365679488,91,1343339
-376.75507227672,95,1343434
-295.23313694553735,99,1343533
-42.271142549029335,74,1343607
-355.0857121237921,90,1343697
-417.5942510691158,93,1343790
-117.26615063840863,79,1343869
-428.6540178942904,108,1343977
-104.13269678034119,132,1344109
-104.90322386689904,121,1344230
-167.06628006604325,95,1344325
-329.7219323990587,121,1344446
-121.13902697367564,94,1344540
-182.16359211939042,83,1344623
-248.15521770300873,121,1344744
-88.90900592143551,70,1344814
-112.58273618530363,92,1344906
-108.29080235816684,57,1344963
-9.405006657690933,120,1345083
-125.03948375320105,128,1345211
-121.41237217702616,83,1345294
53.23464214001023,1000,1346294
-213.27979485624408,128,1346422
-89.92500627163957,78,1346500
-125.0250780081019,145,1346645
-403.6019951877931,90,1346735
-92.54824058408195,63,1346798
-256.5372518471697,76,1346874
-198.3177822902108,74,1346948
-231.09046137883163,78,1347026
-78.69529757336747,73,1347099
-101.96863504340541,68,1347167
-291.16123596024676,86,1347253
-157.4671167446843,74,1347327
-88.80403187961093,141,1347468
-85.25749801507757,67,1347535
-98.23359192948102,73,1347608
-120.22185066525276,77,1347685
-151.21028579403708,77,1347762
-125.76594739200432,121,1347883
-414.2858352082459,109,1347992
-83.02709580601872,64,1348056
-393.470674639448,92,1348148
-157.22658715481575,69,1348217
-395.3793104315989,102,1348319
-104.84280439824695,64,1348383
-113.20677678379353,72,1348455
-74.71963880900937,104,1348559
-127.96525007725393,103,1348662
-415.57657364687543,90,1348752
-188.57646218631749,112,1348864
-111.51036224801271,83,1348947
-125.70402847659724,63,1349010
37.703285872055204,72,1349082
-544.1014550964743,128,1349210
-169.5573362232496,88,1349298
-110.81591904824187,79,1349377
-283.2571871208656,119,1349496
-153.67108169042226,77,1349573
-376.89960011090074,124,1349697
-261.856666666693,129,1349826
-191.93796409255611,110,1349936
-280.0254578836739,80,1350016
-28.43200950148379,101,1350117
-154.0825896902594,108,1350225
-317.06177128011205,138,1350363
-94.12226575319177,65,1350428
-124.21537967822445,78,1350506
-197.83409756254358,100,1350606
-68.2820567699824,70,1350676
-159.59778773335188,82,1350758
-241.36565124063864,108,1350866
-115.72087966366874,74,1350940
-102.88006003874582,71,1351011
-317.09811552010854,89,1351100
-371.7023597319535,97,1351197
-380.963134401444,137,1351334
-292.8760341866891,87,1351421
-374.67146299787885,100,1351521
-157.31636210768437,128,1351649
-170.57839604318045,97,1351746
-220.44621225442665,80,1351826
-81.242965905244,119,1351945
-338.3892461468502,65,1352010
-390.73590667285356,111,1352121
-282.00087893933124,104,1352225
-114.3566499089359,77,1352302
-115.74061392833032,75,1352377
-168.1695542053984,106,1352483
-97.8895830628186,120,1352603
-311.4345348859125,84,1352687
-185.3161987263715,92,1352779
-141.5150795058854,81,1352860
-490.85848222293157,112,1352972
-39.986836714968064,102,1353074
-145.6232785105505,124,1353198
-81.38379931360402,76,1353274
-114.62665010998758,97,1353371
-333.61008145354367,113,1353484
-86.03467144234084,94,1353578
-104.86407654748488,119,1353697
-117.98419049113586,88,1353785
-234.5581219646361,100,1353885
-319.0079441447184,107,1353992
-205.99065382100056,121,1354113
-343.99559707462515,115,1354228
-157.30515950335302,75,1354303
-123.56143527527419,72,1354375
-79.19695000003995,77,1354452
-96.19217856780553,68,1354520
-229.6379211441057,95,1354615
-149.56876857376756,91,1354706
-154.54180273297663,72,1354778
-260.28705793557253,68,1354846
-141.91953928878567,77,1354923
-378.4073461416603,88,1355011
-193.38716319249346,101,1355112
-142.52573328341617,64,1355176
-351.4206043614171,109,1355285
-128.25134107063224,94,1355379
-180.6030808586895,104,1355483
-234.12381257067588,70,1355553
-99.13129631928666,82,1355635
-82.2018008546634,83,1355718
-130.57974216801608,70,1355788
-477.7736979848487,85,1355873
-96.50514745441752,78,1355951
-390.80771045387723,90,1356041
-102.65475260271715,70,1356111
-222.28758647774458,87,1356198
-162.3669852615014,94,1356292
-298.9305326903974,114,1356406
-114.36101803079788,122,1356528
-134.70783821815456,80,1356608
-395.41330405526094,107,1356715
-180.64900135146803,72,1356787
-210.77299073604186,68,1356855
-120.73216768204708,109,1356964
-94.14509884835327,111,1357075
-278.3740337753279,89,1357164
-76.69742363304036,61,1357225
-328.1347470734961,142,1357367
-129.84703475752286,96,1357463
-120.77593895746286,83,1357546
-267.17271303307587,109,1357655
-168.74269292864966,123,1357778
-212.1791194514978,106,1357884
-350.01754318208395,90,1357974
-124.8030428425061,104,1358078
-160.60295762549308,93,1358171
-337.7230204948239,81,1358252
-249.74438896638762,96,1358348
-118.25047088439342,65,1358413
-102.9770274548636,93,1358506
-305.8082640277802,65,1358571
-125.80743586972056,74,1358645
-44.30320656841158,69,1358714
10.709445293321593,68,1358782
-235.40358220258094,107,1358889
-166.95776230380605,73,1358962
-187.28053740931966,76,1359038
-72.124122108172,82,1359120
-345.15879706382077,98,1359218
-64.82347009491691,138,1359356
-137.41074583664505,94,1359450
-381.65764340760177,95,1359545
-146.23251507664398,115,1359660
-108.23610893419256,67,1359727
-162.30997780025345,67,1359794
-73.99828521661489,111,1359905
-407.73744706824004,115,1360020
-164.91870550549532,72,1360092
-104.33545030820368,59,1360151
-181.50575031148838,76,1360227
-93.56739415431338,72,1360299
-247.14519948754452,71,1360370
-502.3628186555626,90,1360460
-110.00605947084169,117,1360577
-83.22311240377421,80,1360657
-153.708816106563,88,1360745
-110.14047026641714,74,1360819
-81.97018634845344,78,1360897
-136.83995748455072,90,1360987
-218.42488720547664,102,1361089
-210.99813954009414,88,1361177
-262.7891439152785,107,1361284
-294.4349206228054,102,1361386
-87.9051148351448,86,1361472
-17.537684736041683,71,1361543
49.88383587635573,1000,1362543
-92.59590357506285,64,1362607
-87.65597058230024,105,1362712
-95.35290962098878,74,1362786
-143.97090425162196,122,1362908
-155.3386558404753,85,1362993
-40.48628390656025,93,1363086
-95.12203943145782,74,1363160
-169.00116452589637,114,1363274
-105.7703288030985,84,1363358
-98.11789137667752,72,1363430
-140.27754946547793,112,1363542
-184.61766505218537,83,1363625
15.581520216583073,138,1363763
-194.9481496441907,60,1363823
-301.0178471573121,75,1363898
-102.33518330269716,95,1363993
-331.2993339585067,107,1364100
-119.44871153201548,74,1364174
-70.04331705957617,92,1364266
-190.8548534671017,120,1364386
-264.857707525681,96,1364482
-494.8419632153144,109,1364591
-148.97611291310716,122,1364713
-170.23918407839568,91,1364804
-246.6416649946378,125,1364929
-343.3434221437127,97,1365026
-647.2599587122755,129,1365155
-116.17053491513884,92,1365247
-157.27708448806354,123,1365370
-126.10968603184583,96,1365466
-312.90073023754053,80,1365546
-95.92415387999594,80,1365626
-291.57380075101275,69,1365695
-79.37133617222054,67,1365762
-324.4689390135767,90,1365852
-131.57302190980954,58,1365910
-70.03172110142194,124,1366034
-517.0644689957314,97,1366131
-112.57881090569681,101,1366232
-380.1391409502125,98,1366330
-127.8138467410817,109,1366439
-135.7986964371685,122,1366561
-95.24796017063545,107,1366668
-110.84043975813066,77,1366745
-119.53449060778212,96,1366841
-193.96551630164487,109,1366950
-361.0496685566707,92,1367042
-78.90536699022562,80,1367122
-439.9099725215344,103,1367225
-346.44612251984677,106,1367331
-133.3158444619093,104,1367435
-227.39072144796341,88,1367523
-349.91465932413485,106,1367629
-229.9320134095428,110,1367739
45.79501602317265,114,1367853
-243.09830134836537,133,1367986
-68.08291155745802,136,1368122
-176.65100504459969,70,1368192
-282.85817405113085,94,1368286
-68.38309022650922,131,1368417
-83.47755178653493,65,1368482
-273.8902867073533,79,1368561
-326.0543181684187,133,1368694
-254.49690905416526,128,1368822
-71.13051687841545,71,1368893
-105.86035365014479,62,1368955
-145.78770140902955,82,1369037
-367.18700659907415,127,1369164
-277.45890060962506,87,1369251
-220.08205836120158,120,1369371
-180.79970256336912,118,1369489
-378.1837383540233,158,1369647
-363.49417981612623,100,1369747
-53.0242564723246,68,1369815
-109.6645746345431,78,1369893
-238.21218986968378,105,1369998
-168.76432285905727,121,1370119
-76.56711303249045,79,1370198
-164.9235697685212,123,1370321
-262.58714067111123,110,1370431
-82.65828713717761,60,1370491
-116.99894540989409,138,1370629
-302.2795188247728,159,1370788
-281.2953794706886,104,1370892
-266.3204626491446,78,1370970
-63.98241253398199,68,1371038
-167.64185827485548,77,1371115
-137.59289226332731,67,1371182
-18.45477848092264,80,1371262
-119.69531978164378,138,1371400
-334.45979592497815,100,1371500
-70.69467514821763,67,1371567
-131.88561609340417,99,1371666
-259.5432328206409,124,1371790
-379.50497749047173,97,1371887
-354.4461039405961,90,1371977
-215.44110303442147,118,1372095
-393.8542589152407,90,1372185
-309.87926848273355,106,1372291
-410.21490168408695,111,1372402
-73.08711554292907,65,1372467
-294.4288705207017,88,1372555
-507.36953090305036,94,1372649
-105.4524968158548,76,1372725
-135.5784414312692,63,1372788
-76.95156613357761,118,1372906
-203.68809453954225,81,1372987
-209.4719353145539,134,1373121
-94.39522414559309,65,1373186
-408.0832784997907,83,1373269
-145.09178559806983,107,1373376
-161.27723814821934,109,1373485
-159.11943022378978,129,1373614
-95.66623600742108,93,1373707
-127.66632304035848,83,1373790
-145.1746504593082,88,1373878
-398.27357875406744,118,1373996
-264.2300902789758,100,1374096
-120.42025259344908,96,1374192
-216.3917909816569,90,1374282
-139.64801429246324,91,1374373
-141.1514077998778,83,1374456
-119.13825920194492,138,1374594
-105.4391819122923,90,1374684
-129.51800844514167,124,1374808
-119.2945308617708,144,1374952
-393.8715783598106,100,1375052
-285.4573099791154,97,1375149
-69.43902266497747,104,1375253
-204.6722141379788,71,1375324
-118.88136715630186,74,1375398
-105.95301360497362,66,1375464
-129.65280265946942,94,1375558
-247.21470002636798,103,1375661
-330.5253564768571,112,1375773
-169.04472943515663,69,1375842
-115.36296721186613,66,1375908
-131.19552636755887,91,1375999
-135.29942897535682,110,1376109
-547.7120242122063,129,1376238
-66.24531026882867,76,1376314
-124.40032811317047,87,1376401
-189.40324839162207,85,1376486
-104.43650565872618,87,1376573
-293.54190362423975,110,1376683
-106.6084196630018,87,1376770
-97.74767782497779,151,1376921
-109.05316501940881,123,1377044
-110.77557605361517,103,1377147
-251.9021981380892,141,1377288
-133.44685399665417,72,1377360
-127.44088381669737,90,1377450
-70.74920327466755,67,1377517
-98.50842718027324,69,1377586
-125.70207043054187,100,1377686
-130.64888483736763,72,1377758
-191.80909250751353,81,1377839
-248.9826248598223,98,1377937
-126.7514058821196,100,1378037
-89.60748571794221,75,1378112
-325.6336378029813,96,1378208
-140.819912853577,66,1378274
-95.54311934320638,82,1378356
-90.05899089158041,101,1378457
-101.13890111553013,69,1378526
-133.01675843739915,68,1378594
-98.23139623928064,98,1378692
-125.61047931881566,70,1378762
-155.11691535394266,95,1378857
-100.80318849063663,92,1378949
-159.31727094390683,72,1379021
-98.33295434176298,83,1379104
-76.41154440702671,63,1379167
-449.72376690982253,108,1379275
-79.4132976980367,130,1379405
-104.75137033465226,102,1379507
-87.02565737153994,79,1379586
-90.39422312020169,101,1379687
-121.05100567625988,78,1379765
-333.3624565715036,98,1379863
-95.17559891418436,104,1379967
-186.53946275745193,113,1380080
-178.44304707703833,79,1380159
-36.2020652585599,90,1380249
-117.53888548371688,100,1380349
-141.68675672820336,80,1380429
-64.71594975078652,74,1380503
-216.33258686838676,102,1380605
-111.74970688965078,87,1380692
-217.63238833320577,95,1380787
-107.672946028153,96,1380883
-233.8860757779652,135,1381018
-80.37767053447608,114,1381132
-321.68733441818176,115,1381247
-84.77740516763444,82,1381329
-98.68386217546558,64,1381393
-192.1601935394559,135,1381528
-199.4345197239245,72,1381600
-275.77804054287225,128,1381728
-87.74506329957954,58,1381786
-170.89214492483777,69,1381855
-80.94497729905426,72,1381927
-78.02150494227908,79,1382006
-424.1042537063144,82,1382088
-352.9999749578277,99,1382187
-70.42697742837268,83,1382270
-268.075647113949,92,1382362
-235.19886704315599,132,1382494
-295.3835214471456,71,1382565
-291.1578580095632,104,1382669
-103.05854139108843,85,1382754
-464.6282229076208,96,1382850
-62.656608356847755,66,1382916
-249.21699386682707,120,1383036
-185.1860940315957,106,1383142
-29.2346053728873,116,1383258
-104.2978083868921,83,1383341
-223.9642548458013,127,1383468
-197.4046857365827,98,1383566
-90.364864549913,96,1383662
-482.8957769246608,82,1383744
-78.09483836681136,88,1383832
-133.8485603453756,72,1383904
-97.05057608306429,67,1383971
-124.11622217751355,73,1384044
-115.34771070452632,99,1384143
-77.23484395453725,99,1384242
-339.2494071243241,97,1384339
-153.46742046833972,112,1384451
-222.77965824968342,111,1384562
-110.96863276270346,69,1384631
-216.96213257587473,141,1384772
-121.1536847001922,100,1384872
-249.06131637049214,89,1384961
-100.17974573138451,100,1385061
-166.68384882122632,71,1385132
-170.04500221080482,97,1385229
-252.95250206804243,111,1385340
-193.27986597674436,140,1385480
-251.5677248224151,106,1385586
-380.46874366261045,116,1385702
-172.84551951392513,127,1385829
-370.1480286617272,91,1385920
-352.422607139703,105,1386025
-240.44267552755616,67,1386092
-311.3346632946875,90,1386182
-293.2406453612042,96,1386278
-125.43038849141084,74,1386352
-198.2693259479803,110,1386462
-154.81291626427708,68,1386530
-108.49026235843452,109,1386639
-110.50370549477421,75,1386714
-163.66167671237434,78,1386792
-292.21521725390505,88,1386880
-21.408817754718584,77,1386957
-114.45209233586658,67,1387024
-364.6264011410907,99,1387123
-224.00859349130042,133,1387256
-138.53915176301902,82,1387338
-162.93346691567817,116,1387454
-114.34407884537526,67,1387521
-120.35240130712434,87,1387608
-228.75081107171073,92,1387700
-139.97270568134772,75,1387775
-86.28089634201287,74,1387849
-284.0666105731324,106,1387955
-150.62800033380506,95,1388050
-256.3518061603862,103,1388153
-147.43881122148053,64,1388217
-115.61757537272,93,1388310
-118.17927206592384,96,1388406
-213.18723190779812,73,1388479
-223.02745662963332,142,1388621
-325.6953795282204,99,1388720
-426.50202385967765,98,1388818
-120.46524930101907,91,1388909
-408.7034805019847,115,1389024
-79.18388665390394,84,1389108
-91.64592753326156,58,1389166
-128.86003655369808,127,1389293
-128.66715133392074,72,1389365
-306.48550630963723,82,1389447
-255.79168545442283,188,1389635
-118.90938705319202,67,1389702
-103.64353405952116,110,1389812
-210.31675109928455,93,1389905
30.665530395656305,92,1389997
-456.7911486994444,107,1390104
-244.28077248877617,97,1390201
-101.8732082465268,68,1390269
-146.67689831203762,81,1390350
-46.61673473078426,113,1390463
-371.90323938133196,97,1390560
-213.309619245401,125,1390685
-109.46997164146062,96,1390781
-75.2052098799337,103,1390884
-157.589582409621,86,1390970
-264.5294059881894,100,1391070
-199.04581912188425,76,1391146
-111.4921299581271,60,1391206
-168.1203616113655,61,1391267
-105.30158660166077,101,1391368
-162.96857255403302,107,1391475
-170.17371185995756,98,1391573
-81.80638633156971,69,1391642
-24.839187608120653,96,1391738
-66.76011164891713,66,1391804
-134.1259126733245,71,1391875
-53.100769120962795,70,1391945
-220.04583065962237,91,1392036
-183.7722525018143,113,1392149
-112.66165629096969,103,1392252
-62.82699433924185,69,1392321
-159.60068864000573,113,1392434
-344.62879484313714,82,1392516
-294.6678122799584,99,1392615
-345.05536800263826,82,1392697
-110.51108617210183,126,1392823
-192.3814127167107,83,1392906
-91.76158062014485,78,1392984
-128.15021971904878,100,1393084
-303.7770827714173,100,1393184
-399.1084454257798,95,1393279
-90.9829062767588,91,1393370
-93.15081215703437,60,1393430
-114.67572874916334,75,1393505
-84.28722506705266,86,1393591
-293.8855134204251,106,1393697
-416.68634412123276,97,1393794
-86.96845100921175,67,1393861
-109.92945494695792,111,1393972
-197.70413342264567,76,1394048
-128.144516357742,90,1394138
-132.77281310421802,72,1394210
-93.17169675298922,70,1394280
-205.24002643396807,66,1394346
-102.53681539043775,91,1394437
-318.2467236494515,109,1394546
-136.87554482615144,76,1394622
-140.09824705029234,86,1394708
-103.98444816532518,74,1394782
-234.9302464767849,85,1394867
-178.7744417450474,77,1394944
-136.59092183547483,100,1395044
-68.91297067999064,104,1395148
-124.56392354802603,80,1395228
-126.64049458125312,141,1395369
-168.33592985767638,61,1395430
-80.74797298826786,101,1395531
-165.65151096241595,120,1395651
-352.59485694197735,94,1395745
-159.88600452403875,90,1395835
-240.13600628489615,97,1395932
-122.83589896365822,90,1396022
-195.18001522944087,100,1396122
-128.55511688465432,84,1396206
-256.5822873830198,114,1396320
-72.82722378565938,82,1396402
-318.0147034066573,84,1396486
-186.79523610482994,109,1396595
-408.7188018571617,108,1396703
-115.27158229124593,74,1396777
-99.84990249672002,83,1396860
-138.20094503183554,94,1396954
-141.2212287605642,105,1397059
-76.68142467634421,102,1397161
-331.01953857338316,78,1397239
-158.4643634050626,103,1397342
-102.7634836320444,69,1397411
-196.16741692316918,137,1397548
-346.52597128865295,91,1397639
-75.0692568519197,81,1397720
-287.73956873679106,138,1397858
-80.10047450411622,96,1397954
-58.08527681372921,104,1398058
-81.79236480090572,112,1398170
-136.31439516473563,116,1398286
-95.74064818910627,69,1398355
-209.2987504967524,116,1398471
-15.123876007590923,118,1398589
-129.52960172124577,104,1398693
-332.9308239231269,107,1398800
-94.11595453702733,78,1398878
-178.28747268525444,98,1398976
-280.9541659633762,94,1399070
-118.17190770873714,123,1399193
-472.2039485500213,127,1399320
-69.14024466739538,65,1399385
-101.52658855600794,64,1399449
-114.76514011911205,118,1399567
-203.12113989122122,129,1399696
-137.37507408384877,105,1399801
-255.64964023862154,119,1399920
-119.16392118313789,75,1399995
-355.6739737448444,89,1400084
-156.81789818593248,96,1400180
-66.91431904372531,78,1400258
-24.78681543070003,148,1400406
-334.7895042254589,89,1400495
-269.0279457299395,112,1400607
-163.16058431572816,89,1400696
-55.23545219954745,108,1400804
-393.4878195858643,82,1400886
-117.49560719707564,83,1400969
-124.87075126477932,107,1401076
-344.04877535204446,97,1401173
-266.2532154492163,114,1401287
-84.02648495400383,60,1401347
-133.29558424153527,87,1401434
-187.8888362099749,107,1401541
-157.55630188724487,93,1401634
-102.06910654026558,70,1401704
-115.67816377492707,80,1401784
-124.65842025347897,88,1401872
-77.98056610976813,83,1401955
-109.64231073793437,109,1402064
-337.7235953067218,93,1402157
-322.7711325954672,108,1402265
-333.3266772711064,106,1402371
-165.72629225141304,104,1402475
-127.38348761875748,68,1402543
-328.58232076530396,83,1402626
-119.4779001206505,92,1402718
-221.46104544016703,65,1402783
-108.34812059401139,94,1402877
-98.28481330116813,84,1402961
-309.13801544728534,120,1403081
-98.92164068667407,72,1403153
-184.88628644630307,87,1403240
-124.45604782848085,79,1403319
-79.86152836066391,96,1403415
-92.2769580281987,91,1403506
-276.53896498682275,82,1403588
-74.43775080588324,65,1403653
-90.5282563008323,83,1403736
-209.33313971124568,108,1403844
-133.8125174081797,96,1403940
-130.8741681494683,70,1404010
-119.935998747291,110,1404120
-101.84485473073754,117,1404237
-173.44480525859683,117,1404354
-318.0527551684814,119,1404473
-388.8667183466245,95,1404568
-177.31430089962095,127,1404695
-300.9584131075575,94,1404789
-99.75744420086403,84,1404873
-181.6456065805752,102,1404975
-87.3716695942409,75,1405050
-141.8318541052381,117,1405167
-74.67694333222977,74,1405241
-103.91815073815252,90,1405331
-207.1546004919678,87,1405418
-203.03404449047122,119,1405537
1.9920057661982895,117,1405654
-294.9326394894915,93,1405747
-85.42317760913103,72,1405819
-436.03596117686516,85,1405904
-144.54221259155804,146,1406050
-278.5132392954755,121,1406171
-30.968610440817812,122,1406293
-191.629263088907,80,1406373
-75.84820036456598,73,1406446
-149.9067807214705,76,1406522
-133.168372442655,93,1406615
-416.7455940585418,102,1406717
14.043080512413837,77,1406794
-142.40153956935538,86,1406880
-395.89692112072106,119,1406999
-200.56744391439014,90,1407089
-12.545717530729377,95,1407184
-96.48145358962502,85,1407269
-107.59854041437849,93,1407362
-126.85966303130668,84,1407446
-148.7778278226977,90,1407536
-205.92904226068725,109,1407645
-174.029709221132,84,1407729
-64.00207665788646,74,1407803
-292.4195294833494,106,1407909
31.685221406150305,79,1407988
-294.46674629592263,86,1408074
-154.00799256749167,122,1408196
-346.1479225791177,110,1408306
-113.76355395945146,69,1408375
-358.0033323120308,100,1408475
-108.5455340116311,74,1408549
-399.3395367276159,113,1408662
-201.79373459174667,130,1408792
-85.58156710172699,114,1408906
-177.77036642116133,80,1408986
-205.1670866292935,121,1409107
-189.99672718155335,77,1409184
-84.59287920509034,80,1409264
-168.0461530344632,98,1409362
-104.22999967582882,114,1409476
-492.038227871104,96,1409572
-433.0996310832719,110,1409682
-344.0100154499961,92,1409774
-105.55673294087336,117,1409891
-251.64108200494314,98,1409989
-238.09363176775713,120,1410109
-150.95290294102512,119,1410228
-107.85191053411143,87,1410315
-148.24355545800512,82,1410397
-182.7948391549599,60,1410457
-179.58845863155045,76,1410533
-87.31693800378386,94,1410627
-124.75733320076631,64,1410691
-205.7586783351016,71,1410762
-97.19522122808469,80,1410842
-207.21548483748762,62,1410904
-77.35974737963764,103,1411007
-256.94608972180356,68,1411075
-300.6834302915456,97,1411172
-325.58963027027266,81,1411253
-105.15944804514255,90,1411343
-268.138307947411,106,1411449
-246.8411083351335,83,1411532
-114.74844963333184,74,1411606
-108.84449938175479,67,1411673
-77.56986676122685,84,1411757
-189.60898265588327,103,1411860
-214.44571125800002,97,1411957
-90.65612946145778,73,1412030
-115.80499880750187,96,1412126
-173.04501995672382,71,1412197
-77.21464114779012,65,1412262
-54.987807180304515,116,1412378
-312.02447051237874,109,1412487
-185.8826055730559,67,1412554
-530.3017854054983,95,1412649
-254.8374650775468,103,1412752
-28.352830214925874,108,1412860
-401.8058873257768,101,1412961
-92.12693572603126,93,1413054
-135.85213084391836,63,1413117
-241.53923790514952,108,1413225
-242.3297394308057,106,1413331
-215.01137030196088,101,1413432
-172.98330121220766,130,1413562
-208.47159053785128,130,1413692
-83.67693830841657,91,1413783
-283.91948890771914,99,1413882
-208.93601094547415,75,1413957
-253.7264610024862,108,1414065
-127.41889664521563,111,1414176
-416.8457109371387,96,1414272
-132.98653701422856,60,1414332
-218.22334834817877,94,1414426
-322.130153276354,82,1414508
-196.07801670974845,107,1414615
-207.05036412785842,76,1414691
-42.66047189398871,68,1414759
-108.98172834405325,78,1414837
-143.12557186150718,60,1414897
-174.16455580139592,74,1414971
-177.5614170382206,67,1415038
-232.95566850073732,102,1415140
-188.01525051560031,65,1415205
-241.85059841537662,104,1415309
-215.65894857231353,112,1415421
-76.86308160315596,63,1415484
-176.14579688841502,115,1415599
-48.99990922829765,69,1415668
-364.7587229534322,92,1415760
-308.5100179414952,72,1415832
-206.17871478606173,100,1415932
-157.5475692731771,66,1415998
-121.3031864456633,124,1416122
-167.19836996130698,77,1416199
-177.1337188914062,100,1416299
-360.37278988697784,91,1416390
-42.5124757580083,95,1416485
-182.79567696159475,113,1416598
-315.99870242787284,102,1416700
-282.1961860151805,94,1416794
-214.30253814389675,81,1416875
-117.1807126050364,69,1416944
-82.423281014705,61,1417005
-355.25366570358585,94,1417099
-304.23740968316827,82,1417181
-217.05158819867128,146,1417327
-532.0244198147072,128,1417455
-142.59684050747308,126,1417581
-135.05785001707937,87,1417668
-94.68380735916462,83,1417751
-305.6465122492502,106,1417857
-76.19479552588467,63,1417920
-95.5277268125131,131,1418051
-39.57744055082061,80,1418131
0.6010711772474338,94,1418225
-94.10817665757325,92,1418317
-400.25780183604917,102,1418419
-282.4641785290837,110,1418529
-119.39852319658459,84,1418613
-125.48257105277865,113,1418726
-130.19416130805365,90,1418816
-90.99112913889567,75,1418891
-95.1548155562914,90,1418981
-167.21611056061295,74,1419055
-206.95114988020472,126,1419181
-398.6114543764171,132,1419313
-240.57416926400015,99,1419412
-152.49782621599513,67,1419479
-287.71712554588197,127,1419606
-151.15313388655204,99,1419705
-221.11665802112904,102,1419807
-220.83824031552535,68,1419875
-382.86181622300325,97,1419972
-212.9881005414117,74,1420046
-108.81293857925903,82,1420128
-185.02755093743258,110,1420238
-326.1081829353481,113,1420351
-53.2695299224238,66,1420417
-417.6750753307942,99,1420516
-82.29106488552908,121,1420637
-82.55715066980255,139,1420776
-281.05866502908435,83,1420859
-135.85781326238123,90,1420949
-175.3565625616126,99,1421048
-155.84703558805535,84,1421132
-262.1212811036851,77,1421209
-59.25631052472525,66,1421275
-241.0925571108001,105,1421380
-274.08324629201013,91,1421471
-151.0622656971071,77,1421548
-80.61070253116941,114,1421662
-357.0239535287064,128,1421790
-174.0324875569598,68,1421858
-130.49667515968355,100,1421958
-502.373622502058,119,1422077
-155.26928554578893,96,1422173
-65.55848600597409,62,1422235
-74.25431349272628,85,1422320
-207.1385086449278,88,1422408
-262.54729691344335,102,1422510
-208.6653399114038,76,1422586
-92.416516719479,70,1422656
-300.01391738772656,87,1422743
-153.80008145236673,74,1422817
-14.742538605097664,156,1422973
-112.18754238439585,107,1423080
-144.92506915486365,117,1423197
-78.27716032582838,145,1423342
-126.99710196844617,69,1423411
1.3535315121651479,136,1423547
-172.08910011044424,106,1423653
-395.28342949890384,108,1423761
-160.94000981753442,99,1423860
-95.45485814454317,83,1423943
-114.9084334032909,81,1424024
-182.73190048409572,100,1424124
-249.65920619204985,73,1424197
-76.20318983244518,79,1424276
-147.038413870176,119,1424395
-99.95554497143712,58,1424453
-435.94622058748917,129,1424582
-198.05084513665872,97,1424679
-97.27209663536904,121,1424800
-101.81968883009023,93,1424893
-311.17496769591617,92,1424985
-121.95325247402953,98,1425083
-116.44956241792767,71,1425154
-413.46243629010587,93,1425247
-98.98259037164252,109,1425356
-115.56133496753453,95,1425451
-126.29779916242114,107,1425558
-181.1183775611762,90,1425648
-55.860711864786026,66,1425714
-174.65872966414565,107,1425821
-114.39685164662514,87,1425908
-229.53786675241173,74,1425982
-108.02191972488754,98,1426080
-57.01171235068776,69,1426149
-258.5550823437875,108,1426257
-102.88421348125941,68,1426325
-124.63894254755728,84,1426409
-167.56056860745517,94,1426503
-290.9149938172893,108,1426611
-365.2768558695276,94,1426705
-227.77865616920954,97,1426802
-145.9693779091088,69,1426871
-122.62837522779617,59,1426930
-237.80221294398993,92,1427022
-115.97284486651236,78,1427100
-116.45379255023151,82,1427182
-177.34289827074798,119,1427301
-354.4008371045567,111,1427412
-358.5674394702148,91,1427503
-283.0942326918787,87,1427590
-115.5087030715495,66,1427656
-359.5303509797229,110,1427766
-270.5244445485519,69,1427835
-273.29800116107396,99,1427934
-254.76800696509272,75,1428009
-115.45988419409142,64,1428073
-205.73001767968134,108,1428181
-302.4080338077125,119,1428300
-111.71491174545798,73,1428373
-340.96895194835133,99,1428472
-285.0022167567451,107,1428579
-143.15825177204346,82,1428661
-268.0875524721,98,1428759
-50.76825150364895,101,1428860
-107.01556271269978,79,1428939
-119.50999276783277,102,1429041
-246.78538324870166,130,1429171
-276.64621997523625,98,1429269
-181.06176215148105,81,1429350
-229.98762483439884,93,1429443
-358.1512658209809,100,1429543
-78.1157267873931,78,1429621
-90.40950581278207,102,1429723
-110.09445121955196,95,1429818
-7.416082438932406,81,1429899
-115.58345091623143,121,1430020
-139.84480030811687,62,1430082
-192.68913350833685,97,1430179
-103.39958016652692,82,1430261
-86.63811835239534,64,1430325
-506.5646036005077,105,1430430
-135.73863418125302,80,1430510
-281.3468274088885,70,1430580
-102.00024614443232,93,1430673
-93.62917486670989,125,1430798
-170.84902824547248,115,1430913
-137.32583487829154,75,1430988
-193.607364296115,62,1431050
-207.82448948391493,67,1431117
-216.9516805950475,94,1431211
-197.72914081859764,99,1431310
-110.71759436854768,85,1431395
-111.42566975322711,95,1431490
-123.96167379258277,84,1431574
-108.94362823460213,72,1431646
-81.45158016291565,64,1431710
-114.08236720127881,80,1431790
-295.4779156603206,105,1431895
-133.25671471796682,65,1431960
-89.2782120950601,66,1432026
-113.31365247091705,100,1432126
-334.8867680965251,105,1432231
-130.40659720875672,81,1432312
-382.0646053333453,84,1432396
-237.2764467776989,108,1432504
-128.2262109931847,101,1432605
-93.58959597553913,67,1432672
1.4117659648321137,157,1432829
-27.247721287293714,118,1432947
-126.48382616214228,91,1433038
-123.9247519006909,68,1433106
-192.36107393435015,92,1433198
-201.4315843260495,130,1433328
-279.9588555674204,113,1433441
-176.6849780346197,78,1433519
-441.95985176501705,96,1433615
-107.3976709291029,87,1433702
-196.09317352080882,78,1433780
-135.63742114281624,138,1433918
-331.25192529219765,109,1434027
-240.28418853967585,86,1434113
-493.85933860613676,96,1434209
-278.34982408538247,107,1434316
12.154441043222704,84,1434400
-376.8002713305147,105,1434505
-331.7625453902805,103,1434608
-142.5163441081969,74,1434682
-309.3013235300247,101,1434783
-305.14550848582553,126,1434909
-107.24155635736545,116,1435025
-97.35428342480132,70,1435095
-136.89369192406485,98,1435193
-382.1190164451749,100,1435293
-310.31567086369637,93,1435386
-91.6268043619823,83,1435469
-189.01141371239606,59,1435528
-115.96549221691714,77,1435605
-69.45433073164594,69,1435674
-394.33782334858347,100,1435774
-255.88224950420144,91,1435865
-62.51895922579405,73,1435938
-233.1941368556629,105,1436043
-126.0191044212938,71,1436114
-74.72285911337568,76,1436190
-288.1552965615235,94,1436284
-181.37681917770414,125,1436409
-169.1890502007036,85,1436494
-118.3064285451768,70,1436564
-40.450767017620834,71,1436635
-114.15518055621548,79,1436714
-515.5149535024568,123,1436837
-182.67470490868942,78,1436915
-306.0469457652391,96,1437011
-384.8170675514374,95,1437106
-112.16697921981806,63,1437169
-104.41047039373227,121,1437290
-215.65345117797187,129,1437419
-110.53685161167242,83,1437502
-403.57493830197456,100,1437602
-251.10423343654585,111,1437713
-110.01004305158341,94,1437807
-100.06811720695625,83,1437890
-222.5439516080571,152,1438042
-378.02914902776325,103,1438145
-180.05142324170436,120,1438265
-206.6312000267419,70,1438335
-161.31618328462386,72,1438407
-81.06559850383262,62,1438469
-120.22577745696631,105,1438574
-244.63922158026585,103,1438677
-332.78872355524084,70,1438747
-96.8684675388971,75,1438822
-210.3709087895198,92,1438914
-136.02980411916428,136,1439050
-84.77308106445182,74,1439124
-397.2136333338665,106,1439230
-412.79966189419395,105,1439335
-363.9473665845768,90,1439425
-173.25074439025423,111,1439536
-67.78190205990197,71,1439607
-183.08196570632327,91,1439698
-104.04788562237967,70,1439768
-446.72846139748407,94,1439862
-275.0892410481802,111,1439973
-305.7970757330864,86,1440059
-79.16796371159957,80,1440139
-79.0515025607826,67,1440206
-153.47918569161556,131,1440337
-123.63743529660675,72,1440409
-137.15672194476906,71,1440480
-107.88184016748099,63,1440543
-107.77324768666513,109,1440652
-138.6718320327659,118,1440770
-434.19469768958425,100,1440870
-230.39102052728705,112,1440982
-54.62240167526245,128,1441110
-246.25319165997502,89,1441199
-280.3274413743378,76,1441275
-224.29658440312863,93,1441368
-449.2849781039416,133,1441501
-124.60181526703505,96,1441597
-234.1462636898995,85,1441682
-193.29690158001145,121,1441803
-91.82203007561617,73,1441876
-464.50599364829066,144,1442020
-101.8265798734808,84,1442104
-71.54373252523132,77,1442181
-297.0621770818568,131,1442312
-332.1839400830343,78,1442390
-155.49799969629186,77,1442467
-107.42046857949497,98,1442565
-84.54890855236874,71,1442636
-360.46294487787225,80,1442716
-250.66028689371134,101,1442817
-156.88315869293837,111,1442928
-64.67962840287129,69,1442997
-277.96225918637845,120,1443117
-101.55673156080951,67,1443184
-138.30668410450193,141,1443325
-286.65793513603353,93,1443418
-83.69279484480063,84,1443502
-96.75612058241308,105,1443607
-88.5193091598166,60,1443667
-338.0224318386659,87,1443754
-145.4026518283896,110,1443864
-314.38329070037025,99,1443963
-115.3801774399708,130,1444093
-154.3267203051161,93,1444186
-145.83858646980866,84,1444270
-442.0360282417728,99,1444369
-118.63165575421088,81,1444450
-267.99682232267287,104,1444554
-188.13413842997335,79,1444633
-114.14258238995939,87,1444720
-82.26004712255668,68,1444788
-94.01337970723272,62,1444850
-111.18491843847109,82,1444932
-239.92577362142555,113,1445045
-294.1987786474592,103,1445148
-118.62648135370875,73,1445221
-121.94359328948661,103,1445324
-221.4472282053751,81,1445405
-210.8908746542223,130,1445535
-190.13166958733385,64,1445599
-193.00273610290307,109,1445708
-238.4498141489162,110,1445818
-102.26799178583016,72,1445890
-215.73751088994507,126,1446016
-208.79318813955018,75,1446091
-259.09365966155985,103,1446194
-91.8526628695794,113,1446307
-103.85085107652277,84,1446391
-2.20594981709003,122,1446513
-265.695141999969,128,1446641
-256.3361155105857,87,1446728
-281.5908821425585,94,1446822
-255.2135078461868,78,1446900
-232.78206825576225,75,1446975
-86.48195806735038,109,1447084
-257.0066481929133,91,1447175
-229.1009948835153,82,1447257
-344.90982704426074,98,1447355
-178.58463882786407,135,1447490
-342.55607901346946,82,1447572
-56.07901826031416,61,1447633
-288.5209371008542,82,1447715
-71.91119244169235,119,1447834
-140.83302438358487,84,1447918
-124.20972856811743,71,1447989
-108.99076494235335,100,1448089
-120.72399900603006,90,1448179
-133.38285926493148,92,1448271
-89.75938436482572,71,1448342
-135.63149846400646,65,1448407
-125.8750586839309,63,1448470
-305.79329558095014,108,1448578
-44.759191877639324,114,1448692
-170.57134564284212,75,1448767
-136.9501452640381,101,1448868
-67.22955287040416,56,1448924
-373.26678040168747,127,1449051
-111.69962977298542,103,1449154
-340.43944293018,142,1449296
-247.64558984848446,101,1449397
-94.49175535635445,65,1449462
-15.05090261590405,127,1449589
-247.72364042670358,94,1449683
-138.64921886471276,60,1449743
-68.92669311275932,83,1449826
-286.81103089306805,108,1449934
-99.47096895127683,82,1450016
-97.37108185301089,79,1450095
-107.2656457246614,106,1450201
-252.1677173154042,74,1450275
-339.66090328367176,99,1450374
-244.865962265399,91,1450465
-293.8594842573133,105,1450570
-115.05034138776169,68,1450638
-92.69850790371466,87,1450725
-277.5117820863544,95,1450820
-122.33987415256453,95,1450915
-106.29690314268761,76,1450991
-173.49277721751653,88,1451079
-95.4685177329966,81,1451160
-79.06836883448955,113,1451273
-69.9882262618284,65,1451338
-318.2123499420454,86,1451424
-74.0255058661395,71,1451495
-177.43030835733563,99,1451594
-120.19793306488921,76,1451670
-123.23622444264257,61,1451731
-112.24450327107367,82,1451813
-87.50223841783739,73,1451886
-57.448202729198584,65,1451951
-133.24567119613954,121,1452072
-122.40642699591527,81,1452153
-210.1278288565897,103,1452256
-111.61553064716799,76,1452332
-255.91508939084358,98,1452430
-96.2095648102945,76,1452506
-129.10313489471034,105,1452611
-213.72681658197678,86,1452697
-42.16351730567371,87,1452784
-64.23590965332706,91,1452875
-95.56182737873024,57,1452932
-148.493943820639,102,1453034
-139.57913052262137,88,1453122
-450.9507651141598,114,1453236
-161.0672010205204,81,1453317
-221.70234895033752,68,1453385
-50.6222328151917,122,1453507
-239.0805475448418,101,1453608
-158.96058374961302,70,1453678
-281.717776246567,84,1453762
-79.98163694251062,60,1453822
-96.75613614501368,87,1453909
-224.2206172213416,68,1453977
-307.88642431134895,117,1454094
-61.62795862758636,62,1454156
-100.33418677019422,90,1454246
-90.4840389330951,86,1454332
-98.3976859215826,62,1454394
-159.306508024506,116,1454510
-383.6833346803319,119,1454629
-38.93025060234753,92,1454721
-148.50942442870726,96,1454817
-83.60382301714765,79,1454896
-184.32368170876703,123,1455019
-101.03379982787362,85,1455104
-192.15027471446206,95,1455199
-83.82556687530897,72,1455271
-528.4006568034624,110,1455381
-236.09914388660218,119,1455500
-89.47307997879874,75,1455575
-412.8321041504821,92,1455667
-104.13690451102238,77,1455744
-188.63164664149716,115,1455859
-108.4538364782169,145,1456004
-313.8859601534357,102,1456106
-241.90370350653086,114,1456220
-177.33622563089716,94,1456314
-138.9861283138999,98,1456412
-162.94717497723704,120,1456532
-327.1670745171916,84,1456616
-207.46097166675048,100,1456716
-84.15265314546461,95,1456811
-106.81085379372846,140,1456951
-186.07396280510073,91,1457042
-119.29902134046098,57,1457099
-123.0985754626354,74,1457173
-286.7722278894024,106,1457279
-188.29104088328364,115,1457394
-170.83113046130978,63,1457457
-90.26862542230162,56,1457513
-154.32367550052317,107,1457620
-457.5627026709856,110,1457730
-108.06588646103546,89,1457819
-102.18358417820389,79,1457898
-152.30577354513787,137,1458035
-123.86875507214343,80,1458115
-85.18251137955879,103,1458218
-169.58337667426827,101,1458319
-89.24166105088653,65,1458384
-100.38931938727417,80,1458464
-4.091869463761867,74,1458538
-131.5656524341618,106,1458644
9.139077554982748,63,1458707
-99.61396779572392,94,1458801
-142.76971147805455,119,1458920
-88.56166966309091,61,1458981
-92.88566224672942,62,1459043
-109.54033355830022,56,1459099
-377.3273905918649,72,1459171
-276.4970043521228,109,1459280
-80.16565248287492,108,1459388
-146.28694903026633,84,1459472
-73.71220616018687,72,1459544
-198.96768016563524,119,1459663
-107.51892668010892,97,1459760
-149.5863808292082,75,1459835
-98.96674403536086,67,1459902
-104.45571269853684,81,1459983
-180.64128925141762,104,1460087
-267.83576525525405,79,1460166
-286.13702341276087,121,1460287
-129.04688760241487,110,1460397
-57.43536674433783,75,1460472
-381.1956997533939,83,1460555
-91.05642335327519,76,1460631
-115.53719405956106,85,1460716
-100.82380433357149,90,1460806
-235.14744246040422,101,1460907
-148.10773325713063,66,1460973
-157.63129974743043,116,1461089
-191.0448951046901,134,1461223
-240.82780895503717,81,1461304
-262.38975580646763,81,1461385
-168.715695537467,99,1461484
-360.9008981057207,102,1461586
-274.53438750425875,90,1461676
-118.05302427372781,92,1461768
-301.5078123403725,149,1461917
-581.4070410977536,109,1462026
-102.2223942044245,75,1462101
-34.343751242511544,107,1462208
-64.99869505291025,79,1462287
-102.79171569051474,78,1462365
-172.6278017004404,76,1462441
-259.7591098073115,91,1462532
-47.58078718865806,126,1462658
-198.4358244746993,93,1462751
-458.2245227772751,89,1462840
-185.58709950186636,67,1462907
-167.1521490477333,74,1462981
-143.66494307565927,81,1463062
-199.39264178904898,68,1463130
-443.6102249637734,96,1463226
-275.68113907010115,92,1463318
-138.45567282910275,76,1463394
-357.76930254549745,100,1463494
-222.75065326236188,100,1463594
-208.5190110567993,71,1463665
-115.85905447961656,85,1463750
-204.37265058070454,100,1463850
-125.26819530534601,62,1463912
-174.4628963733159,107,1464019
-265.8901059531304,111,1464130
-79.84656276774598,80,1464210
-217.38642446490897,125,1464335
-90.6590962381786,68,1464403
-127.28430962622579,69,1464472
-89.31786278349182,76,1464548
-148.1526155685682,128,1464676
-162.85408059744995,106,1464782
-74.76402822460852,76,1464858
-130.70923112514603,109,1464967
-141.69001257147823,75,1465042
-315.7453486621365,110,1465152
-11.748032427004745,78,1465230
-67.4631365167504,85,1465315
-123.71980223896672,62,1465377
-110.81224053816325,84,1465461
-154.700876486296,69,1465530
-177.4182162522293,109,1465639
-75.51183949498096,61,1465700
-313.0021209404309,99,1465799
-103.5313271988428,66,1465865
8.988241209188757,126,1465991
-422.3569713944753,117,1466108
-144.65470066427855,105,1466213
-137.04062391163058,106,1466319
16.605668952761746,138,1466457
-295.63269006124926,108,1466565
-90.69569557139239,85,1466650
-56.26725707220678,97,1466747
20.742441871022635,138,1466885
-474.2490229230495,104,1466989
-441.8543803440196,85,1467074
-122.01431369245547,68,1467142
-79.43505040933121,64,1467206
-46.51276873078102,66,1467272
-347.6507758537822,145,1467417
-108.74185666557418,119,1467536
-119.8722670809569,81,1467617
-64.2901416076202,73,1467690
-81.74328319207825,61,1467751
-130.00699339608923,77,1467828
-50.460470841202394,59,1467887
-179.4692002405688,82,1467969
-361.15413975195634,113,1468082
-305.9509630545662,104,1468186
-346.1749141048326,89,1468275
-114.47045629161735,66,1468341
-13.86951579989234,123,1468464
-70.86735119205761,78,1468542
-392.848035175351,88,1468630
-137.4146720385287,81,1468711
-87.43151878264274,71,1468782
-313.72254289020555,68,1468850
-147.42816810804104,129,1468979
-146.0258134373288,136,1469115
-48.589058183324155,68,1469183
-315.9931879490542,120,1469303
-361.19125774770816,97,1469400
-101.13916355113531,70,1469470
-176.26788136243567,64,1469534
-127.41054213494431,82,1469616
-123.20274382226566,80,1469696
-327.57325327152074,91,1469787
-126.04238274200351,119,1469906
-84.99172369032556,75,1469981
-107.75741142437457,103,1470084
-287.2833954808176,111,1470195
-308.00935608202167,105,1470300
-129.17083747548782,82,1470382
-44.581119528151106,76,1470458
-66.70199465038965,77,1470535
-394.7803878464634,107,1470642
-403.69248398512036,87,1470729
-218.72256837980234,86,1470815
-124.08174576108756,64,1470879
-41.79939827661304,105,1470984
-266.86546469468067,118,1471102
-110.559036827886,138,1471240
-85.81989350456205,80,1471320
-111.98357659345017,94,1471414
-120.20823588811261,78,1471492
-190.2371629769031,77,1471569
-101.35603575452552,81,1471650
-302.5994619736599,118,1471768
-447.9294184350717,115,1471883
-117.4231028308891,97,1471980
-347.6631037448513,85,1472065
-48.017607568518244,128,1472193
-126.94293362329401,102,1472295
-308.1859765909766,108,1472403
-427.7446537306438,83,1472486
-118.22331195507542,67,1472553
-412.30233732927445,100,1472653
3.584982195101631,97,1472750
-471.03103746320755,94,1472844
-218.5775960013995,95,1472939
-211.86267074978758,76,1473015
-259.51923379989955,112,1473127
-499.289901669664,99,1473226
-6.72854608641039,122,1473348
-112.03398216261938,97,1473445
-97.6788773686704,93,1473538
7.347165411120969,97,1473635
-252.7906619625655,103,1473738
-109.0649413455354,109,1473847
-100.8662895142288,80,1473927
-458.50033236382467,98,1474025
-155.0334722618743,106,1474131
-224.04927928279636,95,1474226
-219.6622288058623,86,1474312
-354.428859513966,105,1474417
-81.74473753224753,63,1474480
-99.39578739327779,78,1474558
-83.21843904936293,70,1474628
-155.7350847614369,86,1474714
-151.4991346245151,106,1474820
-162.19471943767098,81,1474901
-84.50838144269646,90,1474991
-112.74564022976617,69,1475060
-327.8718020433298,108,1475168
-116.04134858151252,87,1475255
-613.2404456580166,120,1475375
-473.2075412801646,104,1475479
-178.67819341870927,86,1475565
-286.0712018348643,107,1475672
-447.7821730812754,104,1475776
-447.6429228173314,91,1475867
-5.798889273008825,91,1475958
-373.8524731869179,106,1476064
-113.93786916303489,104,1476168
-117.63005367047026,101,1476269
-157.62853910505697,84,1476353
-151.70916548992875,73,1476426
-106.53267540220529,68,1476494
-134.21700431422335,97,1476591
-242.2887634463667,107,1476698
-385.23599292400206,90,1476788
-215.18622946718222,124,1476912
-98.5772670886262,60,1476972
-103.23830406523824,72,1477044
-201.5629101511975,69,1477113
-245.97137291881273,82,1477195
-129.63617956333024,69,1477264
-480.52976728317253,111,1477375
-169.19137263897,65,1477440
-84.40870099847164,82,1477522
-327.2329446258161,101,1477623
-185.33678632791327,124,1477747
-124.84072191075526,108,1477855
-103.87303904135146,72,1477927
-112.6491029369336,70,1477997
-486.71151771527485,110,1478107
-141.84958311941443,102,1478209
-457.4750130460304,106,1478315
-138.0898390191103,123,1478438
-297.7817500654717,94,1478532
-149.5954579465982,82,1478614
-343.41263962615517,93,1478707
-276.2616543413269,98,1478805
-345.66219278759866,69,1478874
-347.0208870709412,104,1478978
-308.79706234223056,83,1479061
-92.5748636389482,83,1479144
-299.06823360129107,122,1479266
53.579478475968926,77,1479343
-136.15688503468692,73,1479416
-391.57342766334824,86,1479502
-159.28287729942633,73,1479575
-113.06608058694066,91,1479666
-74.19664789653082,70,1479736
-149.60485644090988,65,1479801
-119.87478403261518,65,1479866
-90.64248785628698,66,1479932
-178.09789500333443,78,1480010
-248.4248003740591,119,1480129
-91.76863360027046,111,1480240
-109.93304544037146,98,1480338
-153.01820249440073,93,1480431
-292.7251868231178,93,1480524
-99.28563396203234,135,1480659
-193.62930548049388,63,1480722
-420.02463572079466,114,1480836
-367.8448846646949,79,1480915
-72.30457429321878,75,1480990
-126.09044667634578,116,1481106
-538.3492143654016,112,1481218
-346.64389756518267,88,1481306
-219.01369387812233,66,1481372
-102.73442920095017,124,1481496
-271.87979369893844,96,1481592
-390.22265101971874,93,1481685
-171.0267295291895,143,1481828
-241.3081376599294,94,1481922
-175.15917645463793,121,1482043
-107.13495910276255,70,1482113
-81.11827263555382,59,1482172
-156.76837867869364,72,1482244
-74.7785666412666,69,1482313
-127.12420713377026,100,1482413
-126.56866254152189,104,1482517
-88.22934159416099,77,1482594
-113.73937991684664,106,1482700
-362.18580269268574,126,1482826
-89.00484002312822,76,1482902
-261.4522932108563,99,1483001
-93.43966245370046,66,1483067
-68.47386946408221,68,1483135
-332.09589629533144,106,1483241
-309.20492116872316,78,1483319
-102.4421742961578,80,1483399
-150.54303722697622,94,1483493
-391.9195077113931,131,1483624
-123.68934000359093,82,1483706
-113.09259427712081,74,1483780
-124.5793571129618,89,1483869
-163.28239558418755,116,1483985
-163.0631434289184,96,1484081
-100.95426586356913,91,1484172
-75.06758006750624,87,1484259
-338.8658614009695,105,1484364
-187.40813370666,123,1484487
-366.9106506435464,143,1484630
-128.87030420892188,77,1484707
-95.54175253969565,93,1484800
20.825967126607267,91,1484891
-219.18978559915942,103,1484994
-203.3058458750399,77,1485071
-232.01891123715495,85,1485156
-218.83249711517834,67,1485223
-124.47963196004368,88,1485311
-84.99503973874046,111,1485422
-103.21815237837157,103,1485525
-112.13574756378833,86,1485611
-171.17609845039408,116,1485727
-83.83037145095197,91,1485818
-296.66360609612946,82,1485900
-91.4669743469206,73,1485973
-124.15498707432323,88,1486061
-140.38247346783055,102,1486163
-375.50612782015173,129,1486292
-273.70701406815283,81,1486373
-185.63593772960826,110,1486483
-178.62862183137185,70,1486553
-78.53690858088588,60,1486613
-97.3033048016367,134,1486747
-139.4187970049902,101,1486848
-84.38322322082301,106,1486954
-312.5402864715004,88,1487042
-158.40622852065042,88,1487130
-169.02313515093638,108,1487238
-259.029823230602,82,1487320
-114.10879903474792,59,1487379
-516.4015082343756,130,1487509
-107.86213806151827,87,1487596
-117.2896470700444,116,1487712
-99.70521225840221,86,1487798
-293.54821153555315,91,1487889
-206.49655578285586,89,1487978
-85.90626418509291,65,1488043
-356.62112098321745,85,1488128
-323.3736995932329,104,1488232
-83.1474332772017,73,1488305
-142.2359094242614,89,1488394
-87.1168630754008,90,1488484
-416.92807844139355,101,1488585
-102.31966396890044,117,1488702
-50.986635448006936,77,1488779
-84.52173570823945,88,1488867
-195.891662239383,84,1488951
-130.15797030998715,94,1489045
-160.68213789494334,65,1489110
-404.84371999876686,86,1489196
-125.86654189646539,81,1489277
-98.13515424792523,81,1489358
-75.92170901399815,57,1489415
-352.1324124327677,84,1489499
-229.35508185397555,135,1489634
-150.20640527895773,61,1489695
-96.8931707612097,87,1489782
-172.82930449549326,107,1489889
-138.1880958451074,60,1489949
-386.06521090112943,91,1490040
-135.80109221402375,123,1490163
-134.77294895163695,111,1490274
-68.84016799004863,87,1490361
-146.39512727793908,65,1490426
-4.54555240695106,94,1490520
-192.3363436505648,93,1490613
-30.066528812389507,107,1490720
-206.3443237491192,104,1490824
-160.98469812911864,107,1490931
-456.4557103257777,107,1491038
-190.90666410671247,103,1491141
-89.93839166487722,112,1491253
-65.3160388781562,63,1491316
-112.1002348745023,93,1491409
-213.79686848129273,65,1491474
-396.37969020059796,120,1491594
-106.03163459656786,124,1491718
-156.6951133783645,109,1491827
-106.3707249420751,93,1491920
-385.7366004554618,89,1492009
-23.723760897983155,142,1492151
-232.53101997072253,110,1492261
-79.59410755266697,92,1492353
-176.30016380747765,119,1492472
-301.09261418811326,91,1492563
-55.479015111549145,69,1492632
-157.96900206678725,120,1492752
-166.13540682580634,92,1492844
-114.8704882861548,89,1492933
-155.32448155216719,59,1492992
-327.6360573597957,113,1493105
-383.1605371760521,90,1493195
-96.79603122158474,55,1493250
-366.2597207807246,105,1493355
-92.09022604247643,95,1493450
-448.8355084665832,123,1493573
-83.37654060410468,62,1493635
0.7215528421108957,104,1493739
-137.70331215799033,87,1493826
-135.50230959094287,86,1493912
-228.3581029656775,82,1493994
-134.28093140267535,77,1494071
-217.46349637490607,102,1494173
-36.22792347502499,89,1494262
-135.10838368490192,94,1494356
-117.8968726831609,90,1494446
-171.99984649401586,112,1494558
-273.77094700045757,120,1494678
-58.72083459430951,63,1494741
-323.4399349868444,98,1494839
-81.31751362144682,83,1494922
-55.85327341272928,96,1495018
-140.23979333304476,56,1495074
-70.90178243634395,68,1495142
-397.3611237842449,123,1495265
-136.7225928535612,84,1495349
-198.56000340003095,62,1495411
-204.4805972433623,57,1495468
-22.210226341566838,80,1495548
-81.84255899130216,59,1495607
-122.44604013836863,109,1495716
-197.7614764712638,117,1495833
-179.42669621159638,67,1495900
-152.71124102873296,134,1496034
-273.98437183717033,76,1496110
-125.25968059246333,92,1496202
-211.24344557303388,74,1496276
-80.59049979800517,86,1496362
-176.57891436719473,78,1496440
-84.41200443279406,61,1496501
-341.95272110648517,120,1496621
-84.52242897876053,78,1496699
-115.49374875233542,63,1496762
-63.70271776700491,65,1496827
-299.14999782983557,114,1496941
-366.84064554993245,107,1497048
-130.22177260136618,70,1497118
-89.9775253514916,74,1497192
-106.56713169101894,79,1497271
-513.0265431231036,112,1497383
-137.75726320415652,82,1497465
-262.18610133795295,101,1497566
-102.39609470923575,65,1497631
-200.58943987624164,92,1497723
-339.6986118142776,71,1497794
-75.548504705743,61,1497855
-184.97477150029303,78,1497933
-104.47239073196643,73,1498006
-195.00314807146316,85,1498091
-223.62442937818565,103,1498194
-166.8599536287694,88,1498282
-345.4204177463922,157,1498439
-86.14842122890812,93,1498532
-258.6886390672188,84,1498616
-96.22929927542287,78,1498694
-96.57601453964395,73,1498767
-576.2274384417265,99,1498866
-110.75712109241053,66,1498932
-314.31270579839133,112,1499044
-246.98225967736056,119,1499163
-413.8927164021889,104,1499267
-74.20888107007153,80,1499347
-325.4849542656157,109,1499456
-101.0184538154446,67,1499523
-297.5413700948412,92,1499615
-65.59266423584594,74,1499689
-338.02467667509393,82,1499771
-308.4902130419534,120,1499891
-167.99225720978512,77,1499968
-111.3736879274355,74,1500042
-302.17029636111346,106,1500148
-107.47672138465208,82,1500230
-153.9199154612644,74,1500304
-353.05661868418144,85,1500389
-95.24889002879723,107,1500496
-112.94049186660867,68,1500564
-215.70112881383517,92,1500656
-170.48792461070488,104,1500760
-296.3482283526438,72,1500832
-302.3528498030398,98,1500930
-360.17396046380895,100,1501030
-150.1852583900748,127,1501157
-67.11077528977181,65,1501222
-341.93043706865086,105,1501327
-154.964194396893,98,1501425
-235.7395075239856,100,1501525
-89.20197777239481,76,1501601
-128.85205971457412,127,1501728
-91.16300878784249,79,1501807
-103.33207401674794,70,1501877
-309.3738965522417,88,1501965
-172.21985877042533,82,1502047
-317.8503596994052,103,1502150
-230.01305611167118,64,1502214
-110.07583154995729,75,1502289
-193.70259492212563,93,1502382
-309.3157031008441,105,1502487
-141.64602944608652,106,1502593
-31.16219188945854,123,1502716
-276.9370792268378,121,1502837
-295.0073628920219,103,1502940
-454.8671408897439,93,1503033
-245.11079585190598,64,1503097
-106.68370996646328,59,1503156
-142.78196213915,100,1503256
-63.901355634923306,61,1503317
-107.66384518102312,81,1503398
-146.28967573504306,76,1503474
-191.2453257197544,123,1503597
-147.6875285741471,81,1503678
-200.44903331205825,76,1503754
-42.32026220728421,69,1503823
-132.79324995122334,105,1503928
-110.52943926166205,58,1503986
-356.55785964133946,105,1504091
-149.96961006052265,62,1504153
-139.2344120817822,114,1504267
-129.4661514880258,102,1504369
-260.43921004099235,81,1504450
-136.41208267175247,89,1504539
-121.54123138460815,101,1504640
-99.12713668320096,63,1504703
-232.16851636607282,102,1504805
-107.18494109032133,107,1504912
-310.5383435420753,109,1505021
50.46072664124165,82,1505103
-356.1484728068175,108,1505211
-308.3334032081718,96,1505307
-261.72076313558676,92,1505399
-139.34234434226912,74,1505473
-92.69866875585481,82,1505555
-113.37308141492443,74,1505629
-151.58267726817104,91,1505720
-112.02996953012398,106,1505826
-81.93055571838777,68,1505894
-124.28550846057003,103,1505997
-373.0539339009331,108,1506105
-344.2776685275493,118,1506223
-113.90294475274577,98,1506321
-196.59669537506468,78,1506399
-95.72104342457853,79,1506478
-251.1830784878554,110,1506588
-174.55447897438762,63,1506651
-140.78822521456505,101,1506752
-104.40338597572651,86,1506838
-82.78124838097384,79,1506917
-214.65617865098818,102,1507019
-159.69644789317886,77,1507096
-144.12346854871404,84,1507180
-345.6844832924445,107,1507287
-88.33248962105945,123,1507410
-154.418876830283,93,1507503
-172.07484329511257,112,1507615
-68.3619523580885,71,1507686
-134.5999107899412,92,1507778
-371.21892241988655,92,1507870
-52.651583185146556,71,1507941
-152.72560460358255,124,1508065
-182.2335075901505,108,1508173
-228.6032616537166,105,1508278
-118.725852600406,75,1508353
-122.25631966318551,69,1508422
-128.33364873099475,80,1508502
-422.18705676298464,123,1508625
-289.78578080901633,106,1508731
-167.91090787405386,128,1508859
-124.45615737712328,73,1508932
-293.29051300460617,78,1509010
-86.67531757261312,84,1509094
-315.3287820631905,96,1509190
-111.72622714702995,141,1509331
-117.91653524202886,103,1509434
-332.67942416347023,87,1509521
4.583326787201187,138,1509659
-150.3487106536645,70,1509729
-308.87198507093274,85,1509814
-388.97936930680993,83,1509897
-294.827831935256,95,1509992
-392.2774661295394,120,1510112
-263.09917711016067,108,1510220
-157.13928364394675,81,1510301
-99.9474424556063,131,1510432
-211.10450636781184,105,1510537
-75.30285875156324,64,1510601
-102.32456933088112,78,1510679
-214.01866142512705,135,1510814
-118.67666370481112,85,1510899
-109.35050758595548,90,1510989
-103.80208341437348,98,1511087
-113.97485503340621,110,1511197
-276.2319220838908,105,1511302
-94.99993838894511,129,1511431
-227.7986747200287,108,1511539
-217.4803557346723,85,1511624
-225.47925827784036,84,1511708
-22.328284015978866,93,1511801
-73.83777690555151,83,1511884
-282.81758173837954,95,1511979
-127.68492516439186,112,1512091
-316.39255033522886,97,1512188
-149.6872981190549,79,1512267
-88.09782424373566,90,1512357
-81.36563547124666,93,1512450
-114.10826239892721,98,1512548
-134.7498288120229,114,1512662
-296.92704611324444,129,1512791
-213.86350006823864,88,1512879
-148.62222796915685,85,1512964
-224.7268134307697,93,1513057
-196.50873631563184,69,1513126
-112.80038449709681,130,1513256
-79.94257693275978,65,1513321
-254.27135255980608,95,1513416
-329.7359687669855,119,1513535
-281.6443209650928,103,1513638
-148.2635140810995,84,1513722
-401.05502268276587,111,1513833
-130.21286213461065,117,1513950
-440.03804315746527,119,1514069
-149.05981091722668,94,1514163
-92.26666445485398,78,1514241
-105.14069313823505,70,1514311
-265.6095845360463,99,1514410
-111.32136909289149,71,1514481
-422.40364552681723,97,1514578
-157.40408276439922,65,1514643
-124.8091598979505,115,1514758
-133.31854561153037,71,1514829
-123.36430950846156,87,1514916
-41.09965992377748,92,1515008
-139.12527130332631,95,1515103
-111.67055056694183,73,1515176
63.4578383782208,1000,1516176
-131.9326479521344,62,1516238
-333.9965826864829,105,1516343
-248.66240006443923,81,1516424
-535.0791279014114,131,1516555
-386.47989025162536,101,1516656
-164.25978042994456,70,1516726
-108.50801699630676,62,1516788
-402.455140766357,124,1516912
-142.1819345536797,77,1516989
-78.37144061258864,60,1517049
-110.8057565262088,110,1517159
-378.97417727904383,135,1517294
-187.2931359617439,127,1517421
-126.7264728854495,109,1517530
-335.25737956072305,112,1517642
-455.2226603035062,99,1517741
-260.2130756651296,95,1517836
-125.04540819801592,106,1517942
-344.3204255817252,103,1518045
-61.645274852295,62,1518107
-85.58981382419032,105,1518212
-72.23450845845588,78,1518290
-88.15482278759254,75,1518365
-99.87096724089406,80,1518445
-119.97119871981042,71,1518516
-257.0921117141397,79,1518595
-108.66698895542625,121,1518716
-106.00033383726961,66,1518782
-167.87036887697042,151,1518933
-431.527033895878,112,1519045
-84.7419247930046,59,1519104
-20.287552056561253,79,1519183
-26.466899091651428,107,1519290
-67.55206884146065,66,1519356
-127.52043012931595,112,1519468
-93.95011071199487,105,1519573
-101.10968040211598,68,1519641
-305.85590417048047,108,1519749
-371.11578792902503,110,1519859
-350.2368262241886,95,1519954
-207.5826376241592,93,1520047
-373.81313925344705,135,1520182
-225.6915243968083,101,1520283
-126.3063673140121,96,1520379
-91.12576699319318,66,1520445
-304.3359747392585,92,1520537
-493.0939609525411,98,1520635
-206.52103817363417,68,1520703
-212.88358995508972,135,1520838
-244.28774922868834,102,1520940
-72.7674970004249,120,1521060
-202.025975128219,66,1521126
-329.95033009333514,143,1521269
-212.92019714561889,111,1521380
-251.4558956899198,80,1521460
-367.7160394450483,95,1521555
-173.45845109793743,113,1521668
-382.5526376860671,121,1521789
-536.6097308440158,96,1521885
-74.94263103640534,136,1522021
-185.50476665562417,101,1522122
-115.38323376414723,68,1522190
-170.79780790977196,72,1522262
-69.87003813834428,71,1522333
-138.075654449025,67,1522400
-213.96007615228666,99,1522499
-87.21205898836834,74,1522573
-388.9202015693197,134,1522707
-305.7284104600807,88,1522795
-164.45665691194114,126,1522921
-263.024778436701,100,1523021
-264.6878480818352,91,1523112
-63.01316652486336,77,1523189
-86.21383039860886,69,1523258
-329.1463888785904,73,1523331
-317.70029861921955,83,1523414
-261.72629186618025,88,1523502
-249.68267598057193,110,1523612
-241.70597535905267,68,1523680
-128.446847811908,109,1523789
-246.70539964538298,81,1523870
-161.63921285952873,64,1523934
-73.36245147725879,71,1524005
-230.78377812250812,82,1524087
-117.02345643219022,105,1524192
-219.48255103462344,103,1524295
-383.9914416829655,85,1524380
-322.38611048163204,98,1524478
-191.55223454093624,83,1524561
-476.2913933767105,127,1524688
-88.6256648568913,109,1524797
-162.06056417679972,73,1524870
-108.83004046496353,77,1524947
-113.06843100255678,98,1525045
-241.90919910420868,132,1525177
-105.6583116473691,67,1525244
-346.24453064721183,104,1525348
-71.03700464403582,110,1525458
-185.54902303061243,81,1525539
-409.6155942863485,113,1525652
-111.27376929328835,102,1525754
-83.3791900044358,79,1525833
-283.5785775739047,117,1525950
-164.14137767504312,71,1526021
-75.8452412423524,108,1526129
-122.79724868419379,136,1526265
-116.78386857961372,94,1526359
-305.505069819408,114,1526473
-239.3709236687674,103,1526576
-229.18828369745685,100,1526676
-235.34514050489724,115,1526791
-196.22409942708546,73,1526864
-141.91461338172553,69,1526933
-317.04916317666016,76,1527009
-352.2127769061695,119,1527128
-376.25241169568164,88,1527216
-418.6507217903721,87,1527303
-3.221089152773402,106,1527409
-149.36091159106252,104,1527513
-136.12805158735594,82,1527595
-78.3032339022801,71,1527666
-90.09262882077176,96,1527762
-291.97215350909767,95,1527857
-128.4551900215969,120,1527977
-269.48193406034267,116,1528093
-224.6909377711023,113,1528206
-157.68636110331198,62,1528268
-99.55747143155678,72,1528340
-46.46750545328793,89,1528429
-284.99948799658625,87,1528516
-34.83086216461297,97,1528613
-60.86186347578159,57,1528670
9.05636638406088,112,1528782
-146.2354612944266,83,1528865
-114.62900900492117,100,1528965
-82.39810127168917,112,1529077
-144.49896157001155,67,1529144
-186.81087819245485,107,1529251
-195.10227808783367,95,1529346
-335.3478072695673,80,1529426
-215.5879017862567,103,1529529
-321.49783663540654,131,1529660
-92.28946077061867,87,1529747
-191.43963006446364,136,1529883
-159.58556245342675,87,1529970
-203.24822650213997,109,1530079
-293.44284385004823,138,1530217
-96.37164484712656,82,1530299
-246.1796850945489,63,1530362
-152.7813865417786,78,1530440
-300.4482280187296,111,1530551
-65.75671698576822,64,1530615
-298.3025439281355,95,1530710
-171.22126129467935,82,1530792
-104.16777580924816,82,1530874
-79.66066464695555,87,1530961
-194.3899706716827,64,1531025
-75.2279196468435,70,1531095
-125.45412945003605,103,1531198
-140.02108255082055,93,1531291
-238.62279692853608,101,1531392
-35.824379204968736,100,1531492
-219.58287651213294,117,1531609
-137.13437258277338,105,1531714
-124.12285719572772,86,1531800
-88.41892710044871,58,1531858
-95.49825869856454,68,1531926
-306.5187604890165,102,1532028
-132.03676970797326,129,1532157
-147.58988517523068,110,1532267
-396.0774203064584,109,1532376
-133.29847239717498,70,1532446
-138.3374539518449,102,1532548
-401.28065420360105,91,1532639
-332.85027618341314,110,1532749
-241.51629114091,104,1532853
-318.55821783740623,109,1532962
-135.8460659351889,64,1533026
-97.43410480055039,100,1533126
-133.05099580356932,81,1533207
-244.63590042215787,150,1533357
-262.0923183138974,94,1533451
-91.0099097445035,79,1533530
-131.50886629006507,117,1533647
-216.40501637130228,78,1533725
-102.33006166036427,69,1533794
-20.54099391541864,120,1533914
-102.63354423291992,87,1534001
-474.4660265716124,94,1534095
-359.76536285561093,114,1534209
-191.0306170178286,111,1534320
-112.5942024864194,62,1534382
-30.03528694965692,98,1534480
-544.077928698563,109,1534589
-127.92274257216988,85,1534674
-57.30143566114711,61,1534735
-123.99356297780702,89,1534824
-101.92645800472305,86,1534910
-46.861160662887386,71,1534981
-41.90079236203213,100,1535081
-112.48872054172669,72,1535153
-124.00243098493596,93,1535246
-188.6301341628205,123,1535369
-80.3857144198674,85,1535454
-154.63306346566588,90,1535544
-117.50067440320245,88,1535632
-123.80239966608961,86,1535718
-171.8313596457603,96,1535814
-215.21816621379278,148,1535962
-124.92832107911539,75,1536037
-153.57237244148473,105,1536142
-125.62073625781409,87,1536229
-116.15728392986223,75,1536304
-159.9078556605847,79,1536383
-119.65941751076099,86,1536469
-128.0893257287248,72,1536541
-103.09437159918417,61,1536602
-143.82325813078182,95,1536697
-150.35105611703582,76,1536773
-44.09745218630131,99,1536872
-235.31276047574923,91,1536963
-101.77019231743682,65,1537028
-163.2473515910644,77,1537105
-116.3825265411248,91,1537196
-110.68456299639232,74,1537270
-132.81365965437138,98,1537368
-80.77401844755876,83,1537451
-236.08245256952884,75,1537526
-125.80098020859708,67,1537593
-192.78412768471983,65,1537658
-67.13832356415412,107,1537765
-109.04190310325019,92,1537857
-201.2793828891859,103,1537960
-389.91036347618746,85,1538045
-34.29131747369253,63,1538108
-287.82789707345546,87,1538195
-126.57601977182414,98,1538293
-93.29651706927568,84,1538377
-97.86442508110211,138,1538515
-366.58753369802196,108,1538623
-122.6186739432197,70,1538693
-339.06894100321085,118,1538811
-188.94074205798324,74,1538885
-171.5930152559431,116,1539001
-75.4357202847195,61,1539062
-32.0455870001166,65,1539127
-108.1941265096511,74,1539201
-68.57642059860629,67,1539268
-138.28320604816395,105,1539373
-97.2793659735521,75,1539448
-151.8500425757315,73,1539521
0.8477707111705541,95,1539616
-211.9780968159461,118,1539734
-421.03698840343867,123,1539857
-59.938661608060215,101,1539958
-251.5108503107817,115,1540073
-63.467616198172614,61,1540134
-82.58083691895894,133,1540267
-172.45251533343202,101,1540368
-316.8649172640547,88,1540456
-47.75644710690277,73,1540529
-115.36187228270012,71,1540600
-127.24819932842152,73,1540673
-101.7232805416867,73,1540746
-88.51447910279919,55,1540801
-343.91859169301114,108,1540909
-126.62266581612927,71,1540980
-323.58686690187994,100,1541080
-118.79033424722114,82,1541162
-152.27901587041623,88,1541250
-327.3157111535004,99,1541349
-54.53003674882642,126,1541475
-229.02098071227738,67,1541542
-99.02745031617661,122,1541664
-67.9391175286928,62,1541726
-453.794279007332,106,1541832
-55.4596388257835,71,1541903
-110.42737831103778,57,1541960
-441.2300353052813,134,1542094
-70.75583609330963,96,1542190
-243.19980871343523,80,1542270
-308.45458867833463,101,1542371
-97.90173279331793,110,1542481
-204.34652484954066,104,1542585
-128.35585796958358,112,1542697
-64.77314366345587,65,1542762
-170.15759035716968,86,1542848
-148.57292585687645,71,1542919
-263.3169726997794,116,1543035
-127.08384310290538,69,1543104
-144.4923345671642,83,1543187
-68.66616250505942,86,1543273
-97.12078239884454,81,1543354
-383.7687805118744,113,1543467
-139.55718549109034,99,1543566
19.650773772652826,71,1543637
-115.79822188800948,73,1543710
-4.480033687842337,83,1543793
-450.919652119628,126,1543919
2.8415510849455075,106,1544025
-365.0206254602479,119,1544144
-229.7315723852716,98,1544242
-161.32377333769603,85,1544327
-146.04253135096337,81,1544408
-59.01237270924471,103,1544511
-316.5821358327023,97,1544608
-141.66091013710533,80,1544688
-112.90422084029301,81,1544769
-297.10227029287535,101,1544870
-140.991410895775,102,1544972
-116.01841340689552,117,1545089
-83.95262640516044,69,1545158
-424.1347953295732,85,1545243
-357.3422222475609,96,1545339
-470.16961593425026,87,1545426
-384.5406616497092,104,1545530
-112.36405029487001,122,1545652
-235.77158762082465,98,1545750
-132.59604067926477,141,1545891
-188.57307581498964,102,1545993
-474.37471635610837,117,1546110
-187.865458801792,106,1546216
-107.27265191312732,139,1546355
-90.79467118208404,79,1546434
-58.455068056507,62,1546496
-363.1520633012982,82,1546578
-115.2105089964076,73,1546651
-88.69490102729432,70,1546721
-127.95577587895292,114,1546835
-307.3956708860612,97,1546932
-268.97380327521125,109,1547041
-107.75686782714314,158,1547199
-198.09227962151294,99,1547298
-48.405206586537844,66,1547364
-373.83073522235225,92,1547456
-105.52684323172366,92,1547548
-154.71511973602068,126,1547674
-100.38121902188895,76,1547750
-195.03693907887725,74,1547824
-198.99573342678764,116,1547940
-123.66490379299502,65,1548005
-94.44083982388005,64,1548069
-159.21576584606882,54,1548123
-59.51418169330988,78,1548201
-107.73504136197826,68,1548269
-87.79892309557687,70,1548339
-122.4167390833283,85,1548424
3.314966173488159,97,1548521
-194.92229072876356,123,1548644
-287.16492097693424,93,1548737
-184.51755222465397,70,1548807
-345.49590755558836,80,1548887
-69.8883918460817,106,1548993
-60.93830576423729,130,1549123
-69.40505292044466,90,1549213
-205.2722317610719,97,1549310
-194.42861335502954,126,1549436
-295.0568995741108,95,1549531
-99.53269779820154,68,1549599
-79.91475940684178,158,1549757
-224.4932674596148,96,1549853
-91.96784116107277,100,1549953
-144.83228453746017,97,1550050
-404.7648012687276,85,1550135
-464.2082766248817,98,1550233
-159.15110123116307,60,1550293
-422.11558546291565,112,1550405
-367.81823606169246,119,1550524
-216.25322781569474,113,1550637
-202.80369287599143,99,1550736
-120.52788237140821,92,1550828
-238.0094829711981,103,1550931
-301.6721065049511,106,1551037
-141.8277431645201,58,1551095
-114.74314477721474,78,1551173
-133.2764267696919,80,1551253
-288.4762929031416,124,1551377
-103.48519689356965,100,1551477
-368.04406303405335,81,1551558
-76.79847026685175,71,1551629
-129.99406297187727,65,1551694
-172.67230244387258,101,1551795
-124.41303031771895,94,1551889
-283.7088634971307,77,1551966
-294.7020419879191,93,1552059
-86.56715189792001,69,1552128
-241.55743648078717,100,1552228
-73.99444396000999,67,1552295
-94.58124371736511,78,1552373
-285.9722949813942,68,1552441
-178.82786592015017,69,1552510
-164.5795926225141,115,1552625
-260.4787620003727,89,1552714
-89.60196446352249,74,1552788
-176.57681747553892,81,1552869
-109.02450046277714,84,1552953
-181.86186024130947,101,1553054
-172.10791613721796,103,1553157
-187.07715693775847,71,1553228
-74.07623219097157,103,1553331
-212.33019106509497,82,1553413
-45.49897445884095,72,1553485
-229.4548248018253,120,1553605
-278.48515230104874,97,1553702
-523.0403459700028,96,1553798
-58.992438436853995,69,1553867
-71.03495142088089,61,1553928
-140.44655962714307,91,1554019
-118.80714710200581,111,1554130
-110.99836360476218,92,1554222
-161.51657119617772,85,1554307
-104.60365367724013,103,1554410
-111.34766452744672,78,1554488
-146.7101728588243,144,1554632
-115.99182492200279,68,1554700
-152.43773204586927,95,1554795
-64.27912210375116,76,1554871
-242.5791726838629,96,1554967
-396.550645255607,89,1555056
-122.98719644052653,131,1555187
-409.9816191427985,96,1555283
-114.8890128037816,137,1555420
-300.11540980912196,115,1555535
-192.57631543496404,95,1555630
-89.23346764239797,58,1555688
-328.70478746641174,109,1555797
-389.91216505522937,94,1555891
-116.90091046317251,120,1556011
-269.866153774023,123,1556134
-142.36358102620952,77,1556211
-243.48408309058692,89,1556300
-292.8983696802536,99,1556399
-228.51352018472184,126,1556525
-149.04842209153924,74,1556599
-289.5590699718249,99,1556698
-136.83868843906617,93,1556791
-40.319157186307564,70,1556861
-208.67597288700267,87,1556948
-370.12899883551205,98,1557046
-187.3259093391344,104,1557150
-210.14364166060417,93,1557243
-156.72316652852336,86,1557329
-114.2917032990772,118,1557447
-103.88448425955161,85,1557532
-89.01994913571203,72,1557604
-97.90462723199413,62,1557666
-99.22570732261208,87,1557753
-121.69751124581194,62,1557815
-94.32126205722105,68,1557883
-312.8981206988958,94,1557977
-104.68999038731116,72,1558049
-149.53256661735932,109,1558158
-124.19494094215771,102,1558260
-116.08693553441583,94,1558354
-103.6317473885206,58,1558412
-213.70734578668106,96,1558508
-171.66427702974858,115,1558623
-174.07377683454604,96,1558719
-111.87292060882044,73,1558792
-123.71091988651017,70,1558862
-108.47190521742455,97,1558959
-302.97740028027533,89,1559048
-162.5936623483293,126,1559174
-236.55071901455932,90,1559264
-269.7262370673494,147,1559411
-105.99616281928454,115,1559526
-148.10616417001594,97,1559623
-154.56223202068674,81,1559704
-120.27690348844882,70,1559774
-233.4470629946743,117,1559891
-225.22976919642042,60,1559951
-175.8763084225654,129,1560080
-313.8141131947941,103,1560183
-180.88458449617383,97,1560280
-177.47559613732852,102,1560382
-217.6652617792265,87,1560469
-524.9929450806508,82,1560551
-375.0622756608793,96,1560647
-133.20262378862043,80,1560727
-379.8863735065279,128,1560855
-144.42015315942132,116,1560971
-171.71531265266097,90,1561061
-126.29100392961574,95,1561156
-91.11384996231706,79,1561235
-215.07045208023055,81,1561316
-298.9051483574809,99,1561415
-83.05440968453597,69,1561484
-214.4309167759816,84,1561568
-143.26801789845476,111,1561679
-304.16436243917553,102,1561781
-298.5133102123232,80,1561861
-231.72079220990943,73,1561934
-395.01462877610606,132,1562066
-327.84075395985053,152,1562218
-63.30208897282223,67,1562285
-101.99827030744898,81,1562366
-91.49470140418919,73,1562439
-297.77506137783536,75,1562514
-97.69634952609418,93,1562607
-201.24423942249828,107,1562714
-215.41543222056325,73,1562787
-196.61457269550334,128,1562915
-199.46653963872004,89,1563004
-75.98865518698003,60,1563064
-164.30531741234287,87,1563151
-91.05116112246091,62,1563213
-214.01751999316917,81,1563294
-87.01033017789278,82,1563376
-298.04163524677836,72,1563448
-66.65434923004335,115,1563563
-138.38363046285772,56,1563619
-146.6343078066082,95,1563714
-103.13624951816037,64,1563778
-316.4671120076664,95,1563873
-133.79871461927766,61,1563934
-83.15206633582332,78,1564012
-112.43585982829178,86,1564098
-217.83003287042192,66,1564164
-412.3095342745839,122,1564286
-99.67516166171227,82,1564368
-544.6515702839057,118,1564486
-120.22692305207373,89,1564575
-87.02076713341134,64,1564639
-259.64128837302496,87,1564726
-465.36380685005605,98,1564824
-118.85922333495529,123,1564947
-130.39294541547724,92,1565039
-176.60963531033022,89,1565128
-376.01935920227095,92,1565220
-304.977950173122,110,1565330
-100.89978244167607,73,1565403
-313.8905618652405,115,1565518
-125.64421623196219,70,1565588
-83.49243587490248,67,1565655
-127.93090301197617,91,1565746
-440.224682178458,84,1565830
-130.52035559519638,64,1565894
-155.6452327154945,86,1565980
-107.45690597243463,122,1566102
-175.13491923910675,114,1566216
5.455761007277175,81,1566297
-547.9791109140203,103,1566400
-379.7938871250169,120,1566520
-83.37247127274794,61,1566581
-398.6581038523878,95,1566676
-210.1131333102649,116,1566792
-225.67484034601935,98,1566890
-81.70010540813773,64,1566954
-138.33698557355996,107,1567061
-224.8998329842052,65,1567126
-121.93916580827867,83,1567209
-311.49482071627244,113,1567322
-308.2429650377459,102,1567424
-43.57907666410833,91,1567515
-96.25129367437978,113,1567628
-248.7568034375133,115,1567743
-334.8883102009273,79,1567822
-126.31999333742851,82,1567904
-94.19671249294191,65,1567969
-306.47471629425877,64,1568033
-206.54605646766592,100,1568133
-300.86763406654154,87,1568220
-276.34789490896804,134,1568354
-83.84347952364142,82,1568436
-145.2091482491255,100,1568536
-119.71251206483313,81,1568617
-151.87848807318545,69,1568686
-111.02635816166284,77,1568763
-133.38799466755836,119,1568882
-98.97952840314127,75,1568957
-255.97234185454013,75,1569032
-192.3695123520344,115,1569147
-161.88522128217295,88,1569235
-91.20660793375575,96,1569331
-144.15555973027244,72,1569403
-188.0249494341802,92,1569495
-141.30336090683784,91,1569586
-104.17513794025774,113,1569699
-144.29596071738737,65,1569764
-276.03174479611266,99,1569863
-275.56093774868106,107,1569970
-104.19528438514233,106,1570076
-113.01674077228967,62,1570138
-289.1893341014353,90,1570228
-225.38640375270833,71,1570299
-233.1084229322456,97,1570396
-127.36634600148388,77,1570473
-75.3225572254796,74,1570547
-370.5821242018252,102,1570649
-127.89486206252988,103,1570752
-126.91251001057854,74,1570826
-99.57865149288351,71,1570897
-89.82852919631787,60,1570957
-102.87725767851921,70,1571027
-215.61011159071546,88,1571115
-110.37472223492766,93,1571208
-300.22938809639436,102,1571310
-288.98275753894086,87,1571397
-56.14216210299303,114,1571511
-240.53163107841084,105,1571616
-398.53707582364314,93,1571709
-253.59903971495146,102,1571811
-336.8692865605054,93,1571904
-383.6616067949408,93,1571997
-175.87991487891242,115,1572112
-334.27518174570855,80,1572192
-232.6861798069339,121,1572313
-141.98106377810944,75,1572388
-172.53039413970242,92,1572480
-112.63686975889985,106,1572586
-143.42483258533147,93,1572679
-73.15057185575361,78,1572757
-104.99531653664174,117,1572874
-64.24860728645822,78,1572952
-123.55267444195738,74,1573026
-112.9195011982636,81,1573107
-159.67128223658113,75,1573182
-135.05247303039738,90,1573272
-379.1945467862071,109,1573381
-102.8007972081768,99,1573480
-221.6938353505949,117,1573597
-95.32810492013239,62,1573659
-121.3937390619824,124,1573783
-69.40754057865348,88,1573871
-33.24103107394305,68,1573939
-205.78640926489334,116,1574055
-110.93104648150701,96,1574151
-133.9740197534379,61,1574212
-222.15901435522363,93,1574305
-185.99620815871597,121,1574426
-128.8362221249065,72,1574498
-102.5642244994621,84,1574582
-52.16813818587287,63,1574645
-296.75613126904653,75,1574720
-122.77084569551246,62,1574782
-128.54515207900064,76,1574858
-373.1427721467693,73,1574931
-116.16973258567319,114,1575045
-282.44534212016225,92,1575137
-45.865785889589475,122,1575259
-380.8438229490313,104,1575363
5.679699625683014,95,1575458
-123.91044209750223,61,1575519
-445.046956263327,107,1575626
-95.89842035989612,87,1575713
-226.19749990920212,91,1575804
-160.50870059992775,85,1575889
2.9015851548763294,97,1575986
-99.10472311515944,66,1576052
-21.441135010498783,85,1576137
-87.05564793908232,75,1576212
-190.57849624653943,91,1576303
-13.887060116078388,97,1576400
-156.77059749135373,83,1576483
-322.13535021366044,77,1576560
-267.434175503193,100,1576660
-393.03208283496036,90,1576750
-128.1175033725375,94,1576844
-107.3561909623861,79,1576923
-116.54797752791376,71,1576994
-127.517728026803,90,1577084
-116.47477963168205,72,1577156
-115.96386728920218,84,1577240
-379.15568788434257,93,1577333
-132.74041738760545,69,1577402
-86.71351541471465,70,1577472
-239.12365636047542,87,1577559
-152.2524347681214,114,1577673
-131.91415399984064,79,1577752
-280.7618093607705,103,1577855
5.676263874698918,145,1578000
-94.40635982243464,59,1578059
-424.89640086411765,87,1578146
-97.212191039189,62,1578208
-142.1069043828373,73,1578281
-111.77924732556919,96,1578377
-116.64994482525898,65,1578442
-120.87123242203842,88,1578530
-422.7671486290608,100,1578630
-62.14252278093602,67,1578697
-324.30725662275324,94,1578791
-298.46248682442547,95,1578886
-137.10338782659994,89,1578975
-155.4603715328995,121,1579096
-245.13288384412027,119,1579215
-291.1232173648289,99,1579314
-90.18918310427307,97,1579411
-299.12306285118837,107,1579518
-80.2122112355671,77,1579595
-101.37917803129815,88,1579683
-116.62730230381797,80,1579763
-178.2767843256205,97,1579860
-296.464122543255,116,1579976
-338.5663340740008,100,1580076
-221.63384198258925,67,1580143
-116.03315751911511,94,1580237
-185.99747847476516,124,1580361
-317.19598959431687,94,1580455
-104.62060205675736,95,1580550
-78.03096699817083,65,1580615
-43.145284164537884,66,1580681
-129.592274287468,95,1580776
-241.6207450704124,105,1580881
-176.4381468416971,104,1580985
-111.03796774057595,63,1581048
-231.87791124423268,82,1581130
-425.69436312063715,100,1581230
-138.82504106479448,84,1581314
-127.4459816465047,106,1581420
-94.7984416979975,63,1581483
-134.35253048548805,95,1581578
-115.11583382150391,109,1581687
-200.2436402353185,71,1581758
-307.63818428978436,97,1581855
-93.27918819536335,67,1581922
-124.72331673917981,55,1581977
-77.68214366154601,76,1582053
-455.7195008152991,120,1582173
-138.6730920799272,90,1582263
-94.80692919525896,61,1582324
-55.70139350212186,54,1582378
-89.8151425818689,75,1582453
-88.6810176447679,77,1582530
-169.3401311655338,130,1582660
-253.4431638298454,88,1582748
-329.1749705152511,100,1582848
-363.0453597099642,97,1582945
-110.65930974110165,95,1583040
-355.09138267325596,64,1583104
-141.1203888072877,70,1583174
-156.80304879189106,115,1583289
-124.69686508797656,81,1583370
-90.96647643019882,73,1583443
-145.55186138691016,89,1583532
-431.62270329078865,127,1583659
-513.2403682794959,124,1583783
-415.0520423602354,94,1583877
-107.32519921755446,87,1583964
-144.26780234496326,66,1584030
-103.44859804093385,76,1584106
-175.0199071652944,76,1584182
-222.11843229534134,60,1584242
-228.59781970396008,82,1584324
-140.78792820902066,101,1584425
-219.35282229120722,100,1584525
-234.59583445639402,121,1584646
-97.00834859828123,78,1584724
-114.7762285829802,68,1584792
-339.47663794384505,95,1584887
-92.02886358278442,111,1584998
-456.1057453429629,98,1585096
-96.30056472688852,64,1585160
-123.69582568885892,111,1585271
-233.04710812141337,146,1585417
-103.99778624201207,127,1585544
-73.95991413311494,77,1585621
-100.6074298681865,78,1585699
-380.7779295313984,81,1585780
-136.01397219933256,85,1585865
-366.5383633191748,81,1585946
-207.3437266147037,112,1586058
-372.6811442040962,116,1586174
-195.61186924879706,82,1586256
-519.4971562629917,108,1586364
-408.97891645582223,107,1586471
-76.85488334712208,119,1586590
-400.0320680586218,105,1586695
-215.47378853593455,86,1586781
-96.58225610581229,77,1586858
-173.2067911842188,62,1586920
-105.16824069155402,73,1586993
-187.82811002316186,103,1587096
-81.55830057725578,106,1587202
-508.67137574574707,104,1587306
-107.05863999533962,97,1587403
-141.1905795792627,103,1587506
-318.25863506635176,101,1587607
-153.80845810028256,84,1587691
-123.78408674024992,80,1587771
-108.75697937916829,80,1587851
-76.11788180148173,61,1587912
-123.14975136471608,95,1588007
-336.1041089799684,88,1588095
-87.24703395796021,59,1588154
-119.23606340252137,58,1588212
-121.4367238779966,97,1588309
-125.06825413431858,79,1588388
-78.31459297817266,72,1588460
-267.64174828726993,77,1588537
-155.0288635081114,64,1588601
-53.74799854346474,59,1588660
-133.6695418843453,67,1588727
-206.70835804889575,65,1588792
-130.35657820618655,100,1588892
-109.02359388060367,56,1588948
-206.78549084044636,86,1589034
-69.66210307353109,67,1589101
-313.61091399023246,104,1589205
-123.37970848968546,77,1589282
-218.50887243250997,105,1589387
-349.5886670497147,91,1589478
-104.54663499012702,65,1589543
-335.74067006497665,92,1589635
-296.32118791794767,73,1589708
-98.94159865751249,92,1589800
-381.8251923254207,110,1589910
-120.76924399973946,125,1590035
-133.25382356214453,120,1590155
-240.75497075604693,88,1590243
-220.70345726091654,126,1590369
-150.19615530596906,89,1590458
-116.90906640897997,86,1590544
-132.15685402651846,77,1590621
-112.1957214040419,80,1590701
-112.22914810491376,121,1590822
-116.58607134170765,64,1590886
-95.45567344048166,122,1591008
-324.0888004001773,130,1591138
-250.1453085131113,123,1591261
-97.12878548597406,90,1591351
-107.3172392315813,88,1591439
-102.11221985597217,65,1591504
-307.27130817712305,93,1591597
-395.40693032792416,133,1591730
-269.7494971928494,89,1591819
-44.56435119086039,62,1591881
-107.92236477521332,123,1592004
-122.88436527051513,121,1592125
-72.96990614269828,107,1592232
-315.18973627103514,108,1592340
-342.38562957782165,90,1592430
-39.37545963730096,74,1592504
-264.53672163160076,83,1592587
-103.34971451124036,58,1592645
-197.33261717065545,70,1592715
-383.9345243959382,98,1592813
-202.31676873928677,78,1592891
-127.46248750165634,98,1592989
-121.08388778740093,91,1593080
-131.25421706124027,100,1593180
-233.84652029609444,85,1593265
-235.03940131546497,74,1593339
-92.66748286945447,70,1593409
-225.94886891808676,86,1593495
-113.35542878728232,109,1593604
-91.09729396041246,66,1593670
-93.12775688308454,97,1593767
-317.8648194083944,95,1593862
-51.881735100383224,64,1593926
-177.52090451617175,82,1594008
-112.13361753366239,73,1594081
-65.85888314243086,66,1594147
-196.62128028100526,119,1594266
-89.7961164863639,70,1594336
-74.65144596096914,75,1594411
-58.95886131600099,78,1594489
-77.06073368692213,72,1594561
-253.24419208004718,103,1594664
-127.51704999895077,73,1594737
-91.05460305979479,62,1594799
-102.72395342024632,56,1594855
-55.278015498612675,71,1594926
-333.55976036661286,94,1595020
-101.1099974738458,69,1595089
-118.62639655419741,86,1595175
-151.15223430256745,102,1595277
-161.30340048366597,111,1595388
-82.17499500235807,72,1595460
-278.2288007749349,79,1595539
-106.20284743623264,83,1595622
-203.86491233087511,73,1595695
-101.13565551161432,72,1595767
-108.77379104131697,67,1595834
-149.8796984365626,87,1595921
-324.8293946580568,98,1596019
-99.81829412953716,81,1596100
-100.58559623020257,112,1596212
-148.81699229852228,63,1596275
-245.24568414884257,112,1596387
-299.14436593279595,135,1596522
-110.7661425382691,94,1596616
-44.68469367764929,95,1596711
-288.26143239588487,83,1596794
-139.12142408749168,91,1596885
-53.94525605532398,95,1596980
-247.57215294044695,107,1597087
-340.2066639722757,96,1597183
-185.87507854835053,132,1597315
-278.6490221831678,76,1597391
-186.61236944028906,120,1597511
-321.27546476139827,112,1597623
-317.49272210486185,91,1597714
-74.83436807411113,76,1597790
-87.8833774562935,67,1597857
-40.0179720785808,67,1597924
-223.19840480703994,101,1598025
-470.2193031626492,115,1598140
-139.48569618267516,67,1598207
-195.04270297106132,95,1598302
-116.71025569352554,96,1598398
-112.8526079744515,96,1598494
-329.36273824039796,83,1598577
1.1850039340956755,67,1598644
-207.07964126186891,63,1598707
-519.9822422893881,92,1598799
-156.0956731482308,68,1598867
-106.47342694097114,76,1598943
-203.3993487678485,153,1599096
-240.67521770026724,101,1599197
-99.80860555863224,89,1599286
-253.49888443663556,114,1599400
-209.5199078023399,97,1599497
-160.66561683743473,92,1599589
-71.74701264779839,59,1599648
-148.52648226417801,90,1599738
-184.18373548421772,109,1599847
-127.56192654109405,108,1599955
-252.130739293809,138,1600093
-74.15179896621927,64,1600157
-111.77360670478083,98,1600255
-19.99032300273825,132,1600387
-445.0343810446529,93,1600480
-149.7614379806148,126,1600606
-169.8130467684254,96,1600702
-170.90326144924006,113,1600815
-169.16172340674026,87,1600902
-292.66283677103354,122,1601024
-82.65037679945054,79,1601103
-113.8126056070693,96,1601199
-81.34771279995934,74,1601273
-130.78838484599052,79,1601352
-449.036223399222,94,1601446
-216.47897071767753,115,1601561
-320.9583291692783,101,1601662
-125.00686423894008,92,1601754
-127.91631098480903,70,1601824
-111.40912877397828,68,1601892
-78.5726224465965,86,1601978
-189.61605516996147,130,1602108
-98.3399116468126,109,1602217
-99.95617415864164,138,1602355
-290.4731398965207,85,1602440
-114.28399140355388,106,1602546
-82.51406809226397,110,1602656
-80.13776356076006,72,1602728
-118.37299270462725,100,1602828
-91.02672834416937,123,1602951
-486.76937490156286,120,1603071
-127.17788277876086,105,1603176
-121.8258596548442,63,1603239
-294.4794143388763,100,1603339
-80.56306745131057,68,1603407
-306.1677498692315,109,1603516
-327.5641089104495,86,1603602
-184.98092204579984,137,1603739
-106.87485611080172,74,1603813
-259.05910584136905,102,1603915
-235.79084711704022,104,1604019
-136.303895515659,67,1604086
-355.17645059175504,84,1604170
-441.64591449210604,130,1604300
-224.89275680632346,66,1604366
-160.98407556887685,75,1604441
-66.36644165845932,79,1604520
-132.04018465938094,91,1604611
-80.78269603643867,67,1604678
-136.330676145348,125,1604803
-122.42925519669635,72,1604875
-202.97289004400704,110,1604985
-208.4939488217042,67,1605052
-195.37281106840302,60,1605112
-296.3613764122367,132,1605244
-169.88691061577805,93,1605337
-123.96071692871696,98,1605435
-88.83693255437935,76,1605511
-120.45372604746466,108,1605619
-103.84011516857326,61,1605680
-59.30775265943525,100,1605780
-132.97953794299048,66,1605846
-101.61138111817348,95,1605941
-241.25928293165174,95,1606036
-402.041672061839,76,1606112
-170.16958369489794,65,1606177
-365.1871489859331,81,1606258
-105.44202698406107,81,1606339
-147.48717371859306,88,1606427
-287.11321629841314,94,1606521
-98.7489139463999,67,1606588
-376.2027550745416,126,1606714
-244.50013346676985,79,1606793
-112.68963693654075,114,1606907
-188.69080857144502,73,1606980
-260.4201053117929,82,1607062
-88.75515080928302,69,1607131
-96.05206784533611,58,1607189
-160.982961846509,80,1607269
-324.94356639329175,87,1607356
-170.55198404028374,125,1607481
-219.55935322468792,99,1607580
-116.54070100089636,113,1607693
-142.25457325277387,82,1607775
-100.13275270141288,75,1607850
-357.03058624996913,106,1607956
-184.33982178583722,86,1608042
-77.3538551380571,62,1608104
-81.46125161569411,99,1608203
-180.52924896958078,125,1608328
-106.50068641101387,83,1608411
-79.43228858468524,90,1608501
-324.638274001785,84,1608585
-140.54418150635044,72,1608657
-387.58246078222237,88,1608745
-319.3221554304314,124,1608869
-138.77641948780354,89,1608958
-384.13624352131484,106,1609064
-129.35309455932403,91,1609155
23.012342234170845,81,1609236
-89.27590538488795,83,1609319
-114.48013601975764,91,1609410
-127.61566920661792,83,1609493
-100.20656280113924,60,1609553
-120.56929971502908,142,1609695
-123.35327921524743,63,1609758
-93.43228009299439,92,1609850
-62.75628457851355,66,1609916
-57.03248960841842,68,1609984
-83.75356547200471,58,1610042
-4.929435056190826,80,1610122
-77.44815249800494,129,1610251
-326.6332205812569,109,1610360
-231.67826987610184,102,1610462
-74.39373893707463,84,1610546
-69.71313818223464,74,1610620
-329.33708171747367,76,1610696
-110.48617951483153,71,1610767
-80.88518401764642,67,1610834
-159.29103104288026,75,1610909
-333.84292801292673,88,1610997
-29.49072604031683,74,1611071
-334.32063599510275,103,1611174
-79.6975932291599,89,1611263
-255.70659092171,77,1611340
-401.11935337019065,102,1611442
-107.3783813774442,98,1611540
-131.09544473668285,83,1611623
-194.08732711798444,95,1611718
-97.41221498201931,78,1611796
-117.93218407724184,69,1611865
-243.1025121563583,109,1611974
-343.47724730225684,89,1612063
-94.09138204633352,97,1612160
-106.31465247490938,91,1612251
-86.50041503037397,75,1612326
-144.92364789193581,110,1612436
-117.3603620784846,71,1612507
-112.03282421517314,116,1612623
-104.07116079844178,94,1612717
-131.0942791537478,103,1612820
-83.59003947557446,70,1612890
-122.33752968514885,68,1612958
-82.46845832039648,87,1613045
-65.00733451249874,60,1613105
-325.7156662906507,134,1613239
-153.52456771942454,103,1613342
-125.19433332190974,103,1613445
-11.343097099380856,102,1613547
-378.28162979003616,76,1613623
-94.7751440217346,62,1613685
-103.63958724543058,107,1613792
3.6501473424230397,88,1613880
-113.59621079237324,65,1613945
-94.02930646860135,65,1614010
-69.14099982978212,56,1614066
-90.7278445064619,73,1614139
-230.47806986928464,118,1614257
-266.48248510133067,125,1614382
-310.9041676685781,85,1614467
-116.87922488716117,65,1614532
-402.0179354644701,111,1614643
-218.55745926857054,111,1614754
-254.76067065498856,97,1614851
-156.3853336681987,109,1614960
-67.6236849991678,78,1615038
-228.2260639999399,163,1615201
-82.8477867804656,70,1615271
-331.83949453970195,122,1615393
-121.35187600703199,104,1615497
-411.86298620683567,103,1615600
-68.1918483630709,74,1615674
-117.20600210229814,78,1615752
-88.18319883074193,68,1615820
-141.105989463531,61,1615881
-213.06122612629957,108,1615989
-183.94426399948782,111,1616100
-94.83866690758848,128,1616228
-94.5720575730477,63,1616291
-113.37902321529936,70,1616361
-99.5524256314259,66,1616427
-122.23621676375294,118,1616545
-252.4979623334439,74,1616619
-25.750727614591867,99,1616718
-98.69810417769672,82,1616800
-188.52321940459564,107,1616907
-442.4976377224835,79,1616986
-110.29074789205026,100,1617086
-283.12517058998924,103,1617189
-105.10161476082916,79,1617268
-249.78937457615513,99,1617367
-280.1639202793881,98,1617465
-84.19684172861824,68,1617533
-147.44912069650144,111,1617644
-56.43138078307264,82,1617726
-224.37473042995146,133,1617859
-125.60577935559563,104,1617963
-60.69029135459109,64,1618027
-188.38329798459375,65,1618092
-104.28920823975122,75,1618167
-34.205117424887234,111,1618278
-308.610912376951,100,1618378
-67.55723226163884,96,1618474
-105.30146454926093,82,1618556
-404.58875152967676,90,1618646
-127.62161867844546,81,1618727
-350.13623411309055,105,1618832
-108.36407702871016,87,1618919
-422.51976668479426,91,1619010
-264.33000834484596,97,1619107
-182.41592158097384,113,1619220
-368.5426104027752,100,1619320
-58.44186617403537,59,1619379
-257.4530222756205,125,1619504
-414.58827037672756,94,1619598
-125.44858941172899,68,1619666
-284.9439706359183,102,1619768
-331.16994586739327,114,1619882
-100.03349107480828,127,1620009
-306.5557958873227,106,1620115
-204.84062159611477,93,1620208
-96.07405199007653,83,1620291
-130.16495199137023,88,1620379
-234.37869917191495,122,1620501
-71.39218031992297,70,1620571
-193.26933564396944,121,1620692
-252.4790853539046,74,1620766
-314.0075296778431,89,1620855
-370.53012014231444,121,1620976
-129.6109570954428,66,1621042
-106.75441924585265,78,1621120
-101.09756203984789,65,1621185
-123.25998110392281,77,1621262
-86.56768593825089,87,1621349
-121.25148798922329,98,1621447
-404.3087844287069,112,1621559
-150.11662155175105,93,1621652
-285.6718584586319,76,1621728
-117.14237684236485,89,1621817
-116.52105439063627,115,1621932
-143.46368768530886,79,1622011
-97.36926604882443,85,1622096
-165.98225977423775,122,1622218
-378.75613155401527,89,1622307
-286.08311727224645,95,1622402
-89.21161294876836,99,1622501
-155.9682084962826,125,1622626
-201.48578288975372,91,1622717
-211.22016734138475,72,1622789
-277.6597185749961,96,1622885
-138.2850829385673,88,1622973
-94.16488667451185,62,1623035
-168.55784296779717,69,1623104
-44.98851568222325,84,1623188
-220.05809828698,83,1623271
-83.06568055860909,64,1623335
-13.906895521810256,128,1623463
-243.67219502964628,103,1623566
-584.4440292876076,107,1623673
-257.68240973626996,94,1623767
-143.44118048395737,107,1623874
-101.6266990334022,75,1623949
-123.00748287777628,85,1624034
-141.4191986167319,84,1624118
-159.56098345047945,112,1624230
-175.76959154368325,138,1624368
-300.2371561484538,99,1624467
-311.7086570726703,124,1624591
-105.63030079558533,73,1624664
-393.01382706120603,125,1624789
-170.00155475692372,78,1624867
-120.05520823439562,82,1624949
-157.90456971811375,76,1625025
-406.8868648381129,108,1625133
-102.58788070971816,98,1625231
-3.641850725271553,161,1625392
-178.28316546873538,118,1625510
-353.7642114717253,93,1625603
-139.38467182541106,67,1625670
-117.70716358502591,89,1625759
-238.57171805294652,92,1625851
-132.26033375882665,87,1625938
-114.81041282375924,95,1626033
-124.20509805492335,60,1626093
-157.1722915108104,114,1626207
-277.5675459491124,96,1626303
-319.7289201459837,102,1626405
-106.4661140390529,68,1626473
16.409438452516994,94,1626567
-114.0504540867931,137,1626704
-198.1189796673858,82,1626786
-509.3471034367676,112,1626898
-159.71976050346603,107,1627005
-67.04634710016369,66,1627071
-264.00389850759734,102,1627173
-101.53225557427847,70,1627243
-122.61402158127659,63,1627306
-57.69548344199701,61,1627367
-236.5142990994215,67,1627434
-363.1686725002266,101,1627535
-72.17013984244133,57,1627592
-150.0320813101246,106,1627698
-288.2881070094197,128,1627826
-189.60113164741597,103,1627929
-248.73644818740192,107,1628036
-377.8078192803551,86,1628122
-413.2913718337119,85,1628207
-140.87756822457845,91,1628298
-128.52105213292396,99,1628397
-111.36281806111333,107,1628504
-124.96079992086526,71,1628575
-293.6208737011371,93,1628668
-135.43208329539004,93,1628761
-131.39077656906863,85,1628846
14.234367844909372,108,1628954
-273.837208215723,93,1629047
-99.88120182161614,88,1629135
-12.91507062464288,98,1629233
-111.73639280897126,102,1629335
-31.848500914276173,132,1629467
-336.26550535678064,95,1629562
-375.24460202926974,93,1629655
-448.80465614922366,99,1629754
-172.85181101816897,84,1629838
-263.863935460128,114,1629952
-190.3063138496899,115,1630067
-319.4962689875233,106,1630173
-320.2145609801363,87,1630260
-343.6903158181843,109,1630369
-80.01223050550578,91,1630460
-113.03220628850397,91,1630551
-275.6947182156091,76,1630627
-29.756390531604012,133,1630760
-344.0801370206255,144,1630904
-10.06986692295591,107,1631011
-305.1251305905535,102,1631113
-99.37816479927434,86,1631199
-145.92073035197183,120,1631319
-109.07040766691344,69,1631388
-133.33603965423853,76,1631464
-93.205048071935,65,1631529
-131.87719864596653,68,1631597
-111.0923645514122,103,1631700
-162.8127064364845,62,1631762
-189.85944452989014,72,1631834
-147.71530841964665,67,1631901
-124.94322514211844,125,1632026
-203.7638941218782,66,1632092
-100.35416455676935,87,1632179
-126.32597656898193,73,1632252
-97.54785169245105,115,1632367
-97.20559125986495,83,1632450
-80.2428603164162,66,1632516
-393.9909412849284,95,1632611
-94.77241582505187,60,1632671
-157.19023316840313,123,1632794
-250.35577637211045,88,1632882
-141.96949809326435,77,1632959
-488.7457381555214,123,1633082
-112.21360477718902,82,1633164
-188.050513634069,124,1633288
-105.8634765727461,100,1633388
-226.63442883578452,90,1633478
-348.729148744437,123,1633601
-333.79089108426473,76,1633677
-303.82701430078123,84,1633761
-333.55378776397055,129,1633890
-280.987809658891,103,1633993
-109.65287843656142,96,1634089
-280.1229771755113,108,1634197
-321.5272253613148,108,1634305
-86.4185029484381,103,1634408
-94.27359047460672,62,1634470
-89.67399452641843,85,1634555
-32.679886156796755,105,1634660
-161.11506770000793,110,1634770
-94.15798860094019,65,1634835
-65.16680986784331,114,1634949
-194.74142782602905,54,1635003
-130.4868471053904,99,1635102
-150.65767609895187,73,1635175
-139.89443473364014,104,1635279
-55.848686788091,63,1635342
-361.75335556780453,94,1635436
-227.38040719728355,76,1635512
-297.95154672002053,91,1635603
-182.27607302888796,55,1635658
-300.75890343441586,124,1635782
-144.04932793486887,119,1635901
-324.769226221136,90,1635991
-105.05188507991632,66,1636057
-328.48451628598286,105,1636162
-223.98226851810932,105,1636267
2.7291461656303397,74,1636341
-82.27466476589149,61,1636402
-193.60572322728646,111,1636513
-89.72960274537704,74,1636587
-116.05935928334296,94,1636681
-308.49746673304145,100,1636781
-290.7983345912654,84,1636865
-202.97465811001342,101,1636966
-194.30958372793182,86,1637052
-81.37170267170505,58,1637110
-127.10607431563442,71,1637181
-244.747629955521,96,1637277
-370.0628240301689,89,1637366
-92.62247606124818,76,1637442
-473.59004010707196,107,1637549
-163.9679042508389,90,1637639
-154.70138293029117,82,1637721
-107.07585378523174,101,1637822
-129.21002258750627,78,1637900
-41.434027724150184,106,1638006
-61.722175310444925,69,1638075
-452.96758720753417,107,1638182
-131.4820868720184,83,1638265
-169.32623980498755,91,1638356
-369.0825718579584,111,1638467
-127.35676839881666,81,1638548
-130.0819319110973,127,1638675
-167.69224784605655,92,1638767
-98.15000649959292,68,1638835
-237.6920674688093,101,1638936
-201.35225004865612,89,1639025
-189.34814227319947,65,1639090
-113.37709948768875,101,1639191
-149.63913288791122,100,1639291
-170.9090377915929,59,1639350
-61.2248423323322,81,1639431
-60.1055175297029,64,1639495
-121.20120385011805,69,1639564
-390.8719504324125,87,1639651
-192.35729824432917,71,1639722
-404.6505592350843,86,1639808
-118.1191580245916,70,1639878
-133.96286977634188,81,1639959
-255.11494624320494,112,1640071
-121.32404382852006,106,1640177
-500.68750234433577,96,1640273
-95.23842525175405,71,1640344
-403.0475598274049,87,1640431
-303.2551099442438,124,1640555
-179.0838769764958,116,1640671
-388.70216138023363,70,1640741
-108.64454606253507,74,1640815
-122.38401837885642,85,1640900
-98.59092585196996,60,1640960
-95.55587353216303,85,1641045
-243.98065263471725,90,1641135
-180.86502943287093,87,1641222
-302.7707165104399,109,1641331
-275.02649964946346,97,1641428
-104.26630739368636,83,1641511
-325.7772365976617,125,1641636
-125.91749246000501,134,1641770
-338.7732117182462,118,1641888
-189.8725991037582,99,1641987
-390.719354486953,96,1642083
-215.97246614067603,60,1642143
-320.6419103276632,111,1642254
-82.99058113222567,92,1642346
-223.67055801627293,122,1642468
-283.9992347829256,73,1642541
-102.74808018268274,125,1642666
-116.18320552996167,109,1642775
-96.23517069877016,82,1642857
-159.15622225691232,95,1642952
-289.7840180773679,94,1643046
-119.86713064632518,97,1643143
-342.47813612357766,85,1643228
-68.35189178700168,69,1643297
-129.28357792405393,80,1643377
-130.35534891729213,93,1643470
-306.0144869659378,111,1643581
5.416160326944748,131,1643712
-51.53782065618973,68,1643780
-138.2747345833941,61,1643841
-167.64583113306185,55,1643896
-228.39084051656016,126,1644022
-136.72743304975506,94,1644116
-336.1150857868978,105,1644221
-95.5213940770008,125,1644346
-97.22965026022229,63,1644409
-276.26602590173167,100,1644509
-217.48600833578524,75,1644584
-264.05697228388544,117,1644701
-184.9169730507735,66,1644767
-152.3165074501685,105,1644872
-350.82927113546236,104,1644976
-472.7125946265046,81,1645057
-295.1357932731448,74,1645131
-288.5449102431635,100,1645231
-231.23871632546542,103,1645334
-116.97581413671831,87,1645421
-150.24563770134088,65,1645486
-87.49517300601315,72,1645558
20.00405080307185,108,1645666
-146.01745702351897,76,1645742
-31.841900953700446,72,1645814
-422.98641859541164,86,1645900
-304.0037103472549,133,1646033
-181.11335826177051,61,1646094
-124.2619427551274,120,1646214
-186.07689152145647,104,1646318
-49.65542247639539,103,1646421
-340.49383258800174,89,1646510
-79.97517559957694,56,1646566
-108.58451163969204,114,1646680
-85.82471834379811,68,1646748
-118.06025577180431,91,1646839
-224.57006582317777,98,1646937
-85.58808351363307,88,1647025
-261.1017495355216,148,1647173
-163.88749213389494,113,1647286
-142.4398283375215,60,1647346
-71.4293495500281,58,1647404
-68.2964337491841,102,1647506
-370.94847941117814,113,1647619
-248.29140063116444,89,1647708
-120.15698489495688,97,1647805
-123.88092272659938,86,1647891
-210.77102400810645,93,1647984
-154.2753910903724,69,1648053
-156.83831780826972,100,1648153
-106.14592050403087,124,1648277
-126.15536007914682,115,1648392
-108.7794240368859,96,1648488
-327.6306499281726,106,1648594
-266.72441383775885,97,1648691
-140.71393268330428,128,1648819
-136.35879342745378,105,1648924
-375.87020742501437,84,1649008
-296.4608869160793,103,1649111
-342.4616740273792,87,1649198
-87.43722820435656,121,1649319
-450.6677003431685,95,1649414
-350.4072155654425,122,1649536
-131.84560224042963,63,1649599
-128.99011202928594,110,1649709
-277.4256786560685,88,1649797
-166.29110602124166,74,1649871
-138.74589966744765,81,1649952
-113.37500666108258,91,1650043
-312.4875785157945,110,1650153
-292.61223454455103,83,1650236
-95.74568174619824,114,1650350
-112.50603917100696,98,1650448
-108.43267441836294,87,1650535
-331.28647898540373,70,1650605
-152.8986398573988,66,1650671
-202.32476259424428,98,1650769
-228.88098616271898,121,1650890
-529.2052401282675,91,1650981
-112.15963260154064,68,1651049
-103.9983219716326,81,1651130
-298.2765612062059,108,1651238
-113.82669862510583,96,1651334
-343.7346275683269,122,1651456
-136.16106396208227,84,1651540
-145.7639368999871,105,1651645
-104.57851207003996,106,1651751
-48.37703976002672,73,1651824
-110.52235087891528,136,1651960
-214.54020025885984,85,1652045
-356.73958491765734,119,1652164
-117.50729983320437,103,1652267
-109.06326868400906,85,1652352
-184.6315771264753,69,1652421
-143.72797815541907,120,1652541
-322.88841544630543,75,1652616
-254.33168026962733,77,1652693
-99.0894011483004,62,1652755
-74.69117703241191,75,1652830
-196.04745257666673,96,1652926
-363.4475732283502,87,1653013
-67.41301893532909,70,1653083
-110.5764568422796,71,1653154
-336.14561294748574,133,1653287
-94.30332933518419,79,1653366
-116.09885012854602,66,1653432
-246.65233369856094,92,1653524
-265.78554695684716,116,1653640
-297.6552277770438,101,1653741
-94.3661311810933,55,1653796
-276.5154928134158,111,1653907
-129.0149747682035,95,1654002
-313.2524974775528,110,1654112
-502.61775662340244,102,1654214
-149.1830723328171,82,1654296
-354.69232608720745,102,1654398
-133.310695989185,98,1654496
-126.5904500573333,107,1654603
-134.28846293246755,87,1654690
-79.33361274700476,77,1654767
-291.4652937875735,75,1654842
-103.22244500776625,73,1654915
-150.1887002689755,77,1654992
-222.3900891381748,99,1655091
-456.8747980181347,82,1655173
-76.89382470663878,70,1655243
-202.51641854173417,95,1655338
-125.52088674981988,83,1655421
-308.24632760895645,96,1655517
-462.2751925509682,85,1655602
-106.35297983987238,87,1655689
-146.33065009651364,91,1655780
-231.3126452077091,105,1655885
-336.3376325588457,119,1656004
-94.71033920751202,71,1656075
-124.8675570422108,110,1656185
-154.47065674130468,114,1656299
-101.1513198493138,77,1656376
-201.47897204299449,91,1656467
-104.23229084212585,73,1656540
-89.64486792061695,72,1656612
-198.85122737002163,83,1656695
-132.95087114503826,104,1656799
-182.397415655629,63,1656862
-163.902304764561,118,1656980
-76.36917561410272,81,1657061
-5.553928678889989,143,1657204
-153.53099253529837,70,1657274
-89.44535147989617,127,1657401
-307.27188206687276,102,1657503
-330.8995381595121,103,1657606
-92.39555460386723,88,1657694
-232.82304505837476,86,1657780
-202.4254129102345,91,1657871
-92.50551868962039,103,1657974
-272.5342565865201,118,1658092
-89.1052367783645,76,1658168
-362.74640743093283,114,1658282
-169.32590974412832,90,1658372
-313.3648527949988,122,1658494
-164.33553362597536,73,1658567
-191.7908973152467,103,1658670
-66.73828168266866,65,1658735
-253.29462334401777,117,1658852
-299.5777996869467,118,1658970
-213.3900350928904,99,1659069
-130.13101886525448,61,1659130
-106.74139558531428,70,1659200
-142.89788423496668,63,1659263
-103.06876662579728,68,1659331
-339.6357956523468,109,1659440
-52.97993991636212,130,1659570
-76.84215611775373,74,1659644
-113.3618027330015,83,1659727
-355.51168309811703,96,1659823
-70.92598955036782,81,1659904
-173.7518422400037,112,1660016
-296.95846602394056,99,1660115
-104.44893472078893,117,1660232
-337.7662336241201,84,1660316
-56.4813099198018,129,1660445
-234.39081451393392,150,1660595
-237.51993752882686,109,1660704
-409.03516391122486,100,1660804
-200.77310688298894,104,1660908
-65.6681170976099,64,1660972
-73.25983835541172,116,1661088
-234.85801741649135,118,1661206
-167.69301985072042,87,1661293
-358.2974552545591,98,1661391
-93.62049185595367,78,1661469
-166.372136943652,72,1661541
-110.07552694326064,73,1661614
-120.45295064966729,71,1661685
-263.5009262989503,86,1661771
-205.11711808354198,116,1661887
-276.75956117781703,94,1661981
-125.19221774344871,77,1662058
-179.60995296658604,122,1662180
-264.41304413632713,94,1662274
-106.78993269912016,71,1662345
-71.85004153611338,81,1662426
-130.00646693800832,78,1662504
-81.15163321783817,69,1662573
-317.83307412940815,98,1662671
-338.6065492251876,96,1662767
-380.41785927453714,107,1662874
-111.25787683926083,84,1662958
-231.7772288716852,118,1663076
-76.59148491189765,68,1663144
-435.3404629645552,108,1663252
-118.26564255931997,94,1663346
-341.0044020754138,105,1663451
-311.76881562504684,97,1663548
-114.95925170785765,82,1663630
-130.1740033916212,102,1663732
-172.04306202880738,103,1663835
53.80752617211405,91,1663926
-259.61079622805227,78,1664004
-83.50045356672283,60,1664064
-94.36601156788754,92,1664156
-187.21925481449642,88,1664244
-213.45341976080852,97,1664341
-191.58406481597729,129,1664470
-386.6447886673336,87,1664557
-280.82932679351836,102,1664659
-255.7284096541208,74,1664733
-551.6065888180776,80,1664813
-379.57168998274585,95,1664908
-103.23236346742812,72,1664980
-123.15157689061144,78,1665058
-125.33534591169004,95,1665153
-156.33918982995658,82,1665235
-356.98616919382647,102,1665337
-322.91409804057866,100,1665437
-290.63869811868244,85,1665522
-143.18827257754523,101,1665623
-100.27932322927855,66,1665689
-16.438113845978165,70,1665759
-97.48336888358094,83,1665842
-122.3924830489442,64,1665906
-150.35615298383925,109,1666015
-84.59007034645767,61,1666076
-372.760691782603,99,1666175
-295.0888421242496,102,1666277
-289.65109422419926,77,1666354
-199.47401293087833,71,1666425
-6.228667863506317,61,1666486
-160.9112206034884,139,1666625
-132.95643700475475,85,1666710
-8.142605271246865,107,1666817
-52.66928675759185,101,1666918
-526.2719673607999,130,1667048
-138.60240681701794,66,1667114
-133.88488296313375,88,1667202
-101.75145392774212,73,1667275
-127.19093955174996,107,1667382
-280.93215119082936,99,1667481
-92.55210350079986,64,1667545
-132.94594569658585,106,1667651
-147.23598884250126,99,1667750
-266.78106741868623,83,1667833
-88.66462651486778,58,1667891
-67.3438515502683,79,1667970
-91.41778245346202,89,1668059
-270.6111388323163,66,1668125
-220.60904225489568,96,1668221
-96.32465349992454,64,1668285
-142.4693633775239,61,1668346
2.47394268273608,164,1668510
-376.70673287756085,112,1668622
-157.72406895143752,112,1668734
-422.99773676591946,118,1668852
-375.7264945990217,103,1668955
-127.31368089308954,121,1669076
-121.83048441010017,146,1669222
7.498807371207775,105,1669327
-242.98885990137714,79,1669406
-93.77168358507004,65,1669471
-126.27095083145794,66,1669537
-96.94794678352596,73,1669610
-292.86364501110916,105,1669715
-67.43924052654106,60,1669775
-260.98907742423296,129,1669904
-104.71740925984938,85,1669989
-372.1984489812887,94,1670083
-268.9732551105452,89,1670172
-102.98478073214179,100,1670272
-310.410594080357,138,1670410
-458.93815832468584,130,1670540
-121.04156997670684,85,1670625
-100.65071059501169,84,1670709
-206.89519786736076,74,1670783
-394.59329013779995,112,1670895
-247.36438901876008,115,1671010
-107.85831011098158,110,1671120
-377.3920725990701,109,1671229
-184.87714867636163,98,1671327
-115.57497051727158,56,1671383
-35.99044495293634,90,1671473
-445.2753595431112,97,1671570
-254.65765650444376,107,1671677
-174.27636897081732,74,1671751
-238.1059809269639,104,1671855
-149.83620926867064,90,1671945
-244.17718123740335,94,1672039
-391.9697243184846,100,1672139
-261.6972739025207,81,1672220
-317.81241551311666,136,1672356
-211.19004472361118,65,1672421
-104.27385818640123,82,1672503
-109.6419551589997,96,1672599
-96.95955533659648,82,1672681
-102.47655058559555,106,1672787
-392.78929633976054,136,1672923
-292.4531269330269,126,1673049
-293.38452926695857,112,1673161
-206.99121548484663,115,1673276
-170.869498986859,115,1673391
-107.43592923104535,61,1673452
-105.54116742983192,82,1673534
-368.94131544343594,104,1673638
-345.115967176278,157,1673795
-150.48821917276936,81,1673876
-83.0593659531675,90,1673966
-269.03728795119605,123,1674089
-198.63710261854223,86,1674175
-138.41216508154253,67,1674242
-118.14708220315809,63,1674305
-9.008383036903709,70,1674375
-148.5599295355269,115,1674490
-522.0323108634996,133,1674623
-236.4550133514019,90,1674713
-184.3543640380221,59,1674772
-113.29986176331266,72,1674844
-105.07539416899323,75,1674919
-83.10727850038003,94,1675013
-246.6528319511172,92,1675105
-106.95276546853279,88,1675193
26.985027391009567,72,1675265
-244.48286671134767,97,1675362
-302.4492968677537,73,1675435
-110.12623828021626,76,1675511
-217.74779233586253,87,1675598
-277.4602413567398,85,1675683
-117.53937016011838,86,1675769
-98.69432154759208,59,1675828
-235.4010599153333,94,1675922
-120.9675260343494,87,1676009
-470.00485304440974,104,1676113
-65.93707412367459,63,1676176
-141.4642997387495,86,1676262
-65.00107878979702,63,1676325
-117.7716659273944,74,1676399
-121.21512049197591,95,1676494
-77.85737591299656,80,1676574
-211.90374424847573,76,1676650
-35.20509917272855,73,1676723
-108.13914913323117,78,1676801
-175.84437197793017,105,1676906
-288.2889725206435,101,1677007
-123.09634471105664,87,1677094
-270.4605238767848,73,1677167
-77.75766488314869,124,1677291
-121.08142083075991,83,1677374
-250.40457728525482,77,1677451
-346.0606706841792,100,1677551
-28.62262441229464,65,1677616
-273.34270773106135,69,1677685
-165.880439207962,82,1677767
-137.35844064752064,107,1677874
-126.33602960842727,103,1677977
-123.27196209633267,77,1678054
-66.28903385619063,130,1678184
-143.10723605587572,149,1678333
-102.27598860923862,60,1678393
-73.67558305222394,59,1678452
-49.52890598437486,70,1678522
-113.86221523039772,83,1678605
-114.61819457898982,82,1678687
-197.03707066243138,96,1678783
-169.26807839179406,99,1678882
-142.7672156626818,57,1678939
-70.25563124998243,68,1679007
-242.17735012663042,62,1679069
-112.69925213926466,92,1679161
-282.7062428766444,102,1679263
-113.53514781720452,65,1679328
-198.75314140310982,115,1679443
-184.3052244646446,68,1679511
-264.0019470310033,69,1679580
-53.1923188356396,62,1679642
-484.6375156740321,103,1679745
-89.50413403674055,135,1679880
-169.2353672616739,86,1679966
-306.13873988529383,87,1680053
-107.55548925509521,117,1680170
-108.97628136256301,133,1680303
-312.67989150090114,88,1680391
-235.31225305871232,76,1680467
-42.642048568782464,146,1680613
-43.56547947204474,70,1680683
-83.28561909542577,93,1680776
-122.30100716390473,82,1680858
-244.79317449758366,91,1680949
-132.25820669937022,98,1681047
-334.63517570355737,82,1681129
-177.1009559006023,94,1681223
-176.16860927344908,77,1681300
-103.11300141825416,123,1681423
-82.66004213672522,67,1681490
-81.72280100066163,65,1681555
-104.58142746783464,96,1681651
-139.16085231807946,91,1681742
-338.14755679634277,117,1681859
-201.85113761014924,69,1681928
-454.33805119164225,103,1682031
-249.27265764011634,102,1682133
-250.26602024523805,105,1682238
-45.767747024253225,123,1682361
-163.84158862329042,66,1682427
-335.58414510572766,97,1682524
-40.84173353440531,70,1682594
-83.0955213087476,57,1682651
-147.21902552408312,112,1682763
-187.03410825634938,71,1682834
-287.29013291951196,114,1682948
-54.93937357675302,64,1683012
-157.01405355705526,99,1683111
-401.24104737340735,96,1683207
-347.6964973673066,97,1683304
-100.97703440369423,77,1683381
-75.45210906905966,61,1683442
-118.95827339533514,75,1683517
-263.9289385853342,97,1683614
-445.8185104259366,125,1683739
-194.55384122861147,101,1683840
-390.3342192121769,166,1684006
-152.9379955009847,73,1684079
-207.98343963480562,121,1684200
-68.66264479014984,69,1684269
-331.3315411065282,131,1684400
-481.43029877632335,103,1684503
-75.85949156960899,81,1684584
-118.68858725394685,98,1684682
-90.52806346211476,113,1684795
-380.8800546783753,86,1684881
-126.13267500771015,110,1684991
-43.598757675657254,75,1685066
-247.73246509035545,65,1685131
-298.147721790845,104,1685235
-102.91558789858404,67,1685302
-212.96835760785095,137,1685439
-40.234293145078865,62,1685501
-122.39209567542021,82,1685583
-99.52517924384983,71,1685654
-331.5667847665362,98,1685752
-87.72550519900028,71,1685823
-369.4252965110284,101,1685924
-294.885679612519,86,1686010
-165.11439970848932,67,1686077
-130.02395984922475,71,1686148
-16.8692225396139,73,1686221
-243.23348749154067,103,1686324
-116.53694956693062,76,1686400
-154.65839586374818,71,1686471
-21.88708978447255,115,1686586
-92.86590155774505,71,1686657
-77.35066047484081,70,1686727
-269.2433072702642,114,1686841
-111.12071147271723,120,1686961
-100.87792480496444,95,1687056
-95.55953351416059,101,1687157
-184.20840147318836,89,1687246
-174.74819021914556,104,1687350
-106.80356141008652,60,1687410
-215.7397043775132,109,1687519
-471.85416634670383,116,1687635
-99.49259728874601,95,1687730
-162.8552936128481,68,1687798
-371.298495361468,88,1687886
-101.28652594670339,82,1687968
-121.70662625482674,79,1688047
-174.38657227661344,69,1688116
-138.6351012399753,89,1688205
-107.46741126664034,92,1688297
-409.0407780876424,82,1688379
-261.0650403327985,130,1688509
-88.06838559162345,80,1688589
-435.60987508020173,90,1688679
-317.38998558972406,100,1688779
-105.28750076703331,75,1688854
-88.63986857341085,59,1688913
-94.909419818114,80,1688993
-130.26860570536658,60,1689053
-192.01364241128755,107,1689160
-449.7035419095317,110,1689270
-78.33902350821137,105,1689375
-295.9260755497902,94,1689469
-95.58082328730696,59,1689528
-117.07381503651938,62,1689590
-238.80121644326536,80,1689670
-250.82789448579055,90,1689760
-466.257758247466,89,1689849
-370.6287220342551,133,1689982
-21.270971998293476,59,1690041
-52.66895712389372,118,1690159
-210.6556037528291,102,1690261
-147.35753541641841,91,1690352
-68.23000418112036,61,1690413
-368.07678149141896,74,1690487
-310.4262859470589,123,1690610
3.57411729013549,106,1690716
-157.0792439042085,102,1690818
-573.0534206172663,92,1690910
-221.6029836923771,81,1690991
-430.8222221942659,102,1691093
37.21921645397367,1000,1692093
-95.31713118444493,65,1692158
-101.03372483249771,121,1692279
-121.86386107058627,69,1692348
-98.54527212135922,57,1692405
-157.11396193378238,78,1692483
-107.41194822675628,87,1692570
-322.6693161642936,88,1692658
-191.1714438247008,80,1692738
-132.31420583339832,61,1692799
-359.3406050123931,105,1692904
-106.60462165280553,81,1692985
-48.23548406928704,105,1693090
-283.98125139284457,110,1693200
-246.81797794429954,119,1693319
-54.91278896360155,68,1693387
-530.1486195202042,82,1693469
-175.7404228819459,104,1693573
-83.71080633849206,63,1693636
-120.4897361083572,126,1693762
-71.19634438929228,79,1693841
-273.0391666884298,89,1693930
-340.43533146695404,97,1694027
-128.2396362524159,61,1694088
-93.30405588898243,132,1694220
-415.01937941018844,99,1694319
-274.1319345779983,109,1694428
-384.71157511656895,109,1694537
-88.19272900541016,69,1694606
-91.68903433384702,65,1694671
-205.89857768176233,124,1694795
-187.3979280635986,73,1694868
-97.65707578881216,61,1694929
-167.3302278886428,62,1694991
-99.40291430187062,72,1695063
-460.34161506772114,103,1695166
-392.3383152748551,93,1695259
-258.3088877276808,114,1695373
-111.14944328156321,111,1695484
-193.40340200380086,96,1695580
-106.43661942165471,72,1695652
-374.00132190337257,95,1695747
-134.63052469254012,62,1695809
-149.62010207459045,121,1695930
-28.26574861311734,113,1696043
-289.8844958628398,107,1696150
-94.51260181700088,78,1696228
-318.26456597957633,121,1696349
-102.91171192960111,82,1696431
-205.09403668525425,116,1696547
-361.52246931503026,87,1696634
-86.24856952527549,125,1696759
-200.05632060360023,86,1696845
-100.82233808099016,74,1696919
-54.958708919911075,75,1696994
-283.3697123564537,104,1697098
-77.85450807689696,76,1697174
-75.21618332310643,63,1697237
-95.10530242493573,72,1697309
-120.12445093959998,72,1697381
-121.73976809296083,76,1697457
-396.0724162712329,101,1697558
-140.32578255377294,93,1697651
-353.2844561684013,86,1697737
-70.90834909333944,131,1697868
-105.98899795580388,94,1697962
-56.33739573274664,115,1698077
-74.11832427347468,61,1698138
-129.5999829191019,65,1698203
-176.72466885985978,100,1698303
-131.4902278677777,72,1698375
-97.41750790695464,117,1698492
-343.6221675325729,87,1698579
-209.99071050431374,108,1698687
-385.499329663685,97,1698784
-111.30640078914911,88,1698872
-139.08420509377152,109,1698981
-155.7462925253352,134,1699115
-126.65477324467597,86,1699201
-92.56048746085666,71,1699272
-120.69844108693951,68,1699340
-117.69502755568807,62,1699402
-328.25913332982293,100,1699502
-217.52397527194455,91,1699593
-105.80723126238874,121,1699714
-89.00112186708982,131,1699845
-490.5138898635562,100,1699945
-264.943158754891,130,1700075
-354.75165339851617,111,1700186
-1.0651557402427443,93,1700279
-194.73505060501228,113,1700392
-117.22636300951346,84,1700476
-286.4036038518006,85,1700561
-226.38469843282866,108,1700669
-137.38203686829456,75,1700744
-321.6299774862207,88,1700832
-137.26353827980046,61,1700893
-296.2171753372852,121,1701014
-159.36118286890456,118,1701132
-356.09261208129715,101,1701233
-93.08422682575302,95,1701328
-68.02727309902068,67,1701395
-90.58245723948156,58,1701453
-504.56636103585043,99,1701552
-363.74898921316765,133,1701685
-122.08104499411263,61,1701746
-384.54519408273245,101,1701847
-112.43117293014676,120,1701967
-558.6529688813192,119,1702086
-109.94012680292502,129,1702215
-168.29460605493804,91,1702306
-244.6845475291799,64,1702370
-233.6305468331193,98,1702468
-181.09589169244714,110,1702578
-180.49805954606558,98,1702676
-254.4566616743863,115,1702791
-113.8632962726944,75,1702866
-108.61031780535751,89,1702955
-165.17363076665137,107,1703062
-96.46090132064185,101,1703163
-434.7150621291922,105,1703268
-257.12355099196316,102,1703370
-160.69460449967505,94,1703464
-16.84275491081617,74,1703538
-181.91512557174164,100,1703638
-285.89082309685324,120,1703758
-393.5688243702432,76,1703834
-77.81289861706364,61,1703895
-196.64472957113387,82,1703977
-97.13457994557649,101,1704078
-87.4330789199256,111,1704189
-278.50454915647094,92,1704281
-279.1638799412253,115,1704396
-459.74851557856266,97,1704493
-325.623718448613,93,1704586
-215.89809057251443,72,1704658
-102.84449769654809,73,1704731
-176.08077665598688,72,1704803
-258.3456981230046,63,1704866
-328.4000192445358,88,1704954
-142.63181681428802,112,1705066
-137.17110172174267,77,1705143
-357.73278380210445,88,1705231
-179.43171865808762,132,1705363
-204.87137909212151,87,1705450
40.99127241229559,143,1705593
-95.37796452692486,111,1705704
-123.59617315662668,79,1705783
-76.2123695889035,64,1705847
-208.1235659856008,74,1705921
-205.52779998780153,93,1706014
-107.03244877082271,112,1706126
-126.30761659357948,73,1706199
-143.7348117293511,90,1706289
-252.13198183188769,101,1706390
-135.2003245369427,75,1706465
-111.70800806863791,75,1706540
-93.46912342510367,75,1706615
-188.30549373983138,77,1706692
-283.7978843874772,65,1706757
-116.5350314582126,80,1706837
7.8850076238887965,86,1706923
-105.78141444122616,104,1707027
-110.94953752575397,111,1707138
-86.44411203451583,119,1707257
-259.4959032498784,96,1707353
-151.3533276512879,67,1707420
-75.82195903229818,66,1707486
-156.49115196696326,79,1707565
-292.20450128877684,84,1707649
-100.72853856055703,74,1707723
-95.04409354645821,108,1707831
-291.35784986888217,94,1707925
-187.82975720940505,119,1708044
-106.26727378358648,71,1708115
-111.41764957117756,114,1708229
-207.24859997102718,64,1708293
-93.12896499309811,85,1708378
-100.65857540234776,86,1708464
-313.3822524135385,81,1708545
-105.53048597500614,63,1708608
-349.8868492812551,96,1708704
36.08609828167738,70,1708774
-108.11958996621395,68,1708842
-104.92955818482446,104,1708946
-85.34875496447451,73,1709019
-123.70821586294429,93,1709112
-253.01188683435706,98,1709210
-227.90653598383702,95,1709305
-58.97806283466598,73,1709378
-216.70025802325773,126,1709504
-127.15215361391587,105,1709609
66.65798248107231,109,1709718
-297.86717382251504,84,1709802
-117.65353158788902,133,1709935
-82.35128039120855,64,1709999
-342.4551403799166,89,1710088
-68.6489119219714,129,1710217
-67.27457130593943,64,1710281
-108.09984603560774,81,1710362
-109.8668360232225,103,1710465
-64.3133925723239,75,1710540
-118.93537076468618,122,1710662
-352.9817938752119,82,1710744
-33.786924026769384,104,1710848
-55.568407486822835,129,1710977
-108.69354481054783,99,1711076
-204.05168532484726,98,1711174
-189.85024618306903,86,1711260
-21.72428748856524,88,1711348
-110.16280888886145,122,1711470
-88.35672078838365,80,1711550
-110.26754688374537,69,1711619
-483.14525867907713,139,1711758
-121.5240725011337,94,1711852
-86.24147244492549,142,1711994
-218.6163478654363,64,1712058
-274.7136113387453,139,1712197
-117.04709627398141,111,1712308
-155.53022453968723,72,1712380
-326.37765198818647,80,1712460
-249.08975176888535,105,1712565
-353.70466160753836,97,1712662
-66.99094263336545,119,1712781
-189.4207885640626,117,1712898
-69.39634500627268,61,1712959
-303.73471476790485,79,1713038
-52.37536608171869,71,1713109
-273.2118804818056,122,1713231
-176.8377018951028,120,1713351
-89.87136417249047,87,1713438
-234.3146087016384,89,1713527
-94.12547786191905,107,1713634
-97.55878922770518,98,1713732
-80.25136934020136,67,1713799
-205.29974594624426,107,1713906
-87.13843170920083,71,1713977
-216.95432500968877,72,1714049
-96.11100613188816,63,1714112
-288.86053230638515,100,1714212
-71.9399369728953,63,1714275
-14.773199746562625,99,1714374
-94.26808804385595,64,1714438
-150.1889569783414,63,1714501
-463.1295788578883,106,1714607
-164.82608349225288,88,1714695
-133.7084737921145,122,1714817
-237.88890393142012,81,1714898
-274.88837329723964,93,1714991
-129.23115160221147,68,1715059
-431.8706615464179,101,1715160
-83.10569241638818,81,1715241
-153.4798807519105,75,1715316
-325.9491807531464,107,1715423
-394.6330928056691,98,1715521
-255.389429571792,81,1715602
-159.60896132218298,111,1715713
-233.51044525083555,70,1715783
-217.0780812566083,83,1715866
-167.71473928717222,99,1715965
-151.86530964601917,77,1716042
-398.94481724096073,107,1716149
-455.0168035679024,109,1716258
-94.44763933146699,69,1716327
-116.53395612525821,74,1716401
-162.27236553078623,88,1716489
-101.41143049021537,148,1716637
-282.77237822696725,131,1716768
-245.84310587312177,102,1716870
-135.82652910969313,59,1716929
-193.90462200895558,87,1717016
-152.80006975439545,112,1717128
-215.1601761275363,73,1717201
-341.01806508715595,144,1717345
-329.7502765754132,105,1717450
-117.40789266881895,85,1717535
-107.03066903237759,86,1717621
-353.5349286370686,84,1717705
-247.44930646168146,118,1717823
-135.1541071802373,92,1717915
-151.61164432218686,106,1718021
-71.23416806098159,104,1718125
-98.37272644231622,62,1718187
-326.9358667694735,85,1718272
-79.07866372716653,112,1718384
-453.7501157090682,99,1718483
-254.81671373230805,88,1718571
-367.37341352843896,96,1718667
-191.1672668776971,83,1718750
-268.005504695195,142,1718892
-316.62167217437684,90,1718982
-422.58105855152553,107,1719089
-94.25137207690217,68,1719157
-422.4542041826759,122,1719279
-250.74546918931077,106,1719385
-85.34761986629192,71,1719456
-89.07220937188684,72,1719528
-341.0520912435394,108,1719636
-358.0345820920398,105,1719741
-261.4056563714697,78,1719819
-263.52251119243397,85,1719904
-161.31935016443552,82,1719986
-183.65849664178538,103,1720089
-352.89022761735885,92,1720181
-103.45209473649511,94,1720275
-87.25261393374699,58,1720333
-146.53771161183369,76,1720409
-153.2660771647191,61,1720470
-283.9252260376535,76,1720546
-98.12670622671416,103,1720649
-48.89048638663948,92,1720741
-386.02289845330415,101,1720842
61.26290036065183,1000,1721842
-87.87280503638891,115,1721957
-75.53925350725396,73,1722030
-66.43570820562228,66,1722096
-261.23330411475274,94,1722190
-185.9677966813319,137,1722327
-100.31204564399962,128,1722455
-115.97338870124524,63,1722518
-150.92379130496806,85,1722603
-6.200193123557597,102,1722705
-427.36152931314706,112,1722817
-248.21175716711508,119,1722936
-127.87424461918688,72,1723008
-94.62229510621884,83,1723091
-178.4888794795071,90,1723181
-378.38426406049666,105,1723286
-96.24018458988269,63,1723349
17.94638064120801,107,1723456
-101.28549360494094,83,1723539
-87.53197969996756,69,1723608
-134.53206605091947,119,1723727
-452.986218924631,118,1723845
-70.18622183488087,67,1723912
-122.45629057913142,80,1723992
-49.660657240622044,100,1724092
-289.41728227551295,97,1724189
-233.99296419310988,95,1724284
-163.15535140376417,116,1724400
-90.15705287088629,87,1724487
-175.07194987742452,100,1724587
-252.642410809608,76,1724663
-111.90359081097833,121,1724784
-181.1375762505619,94,1724878
-128.07445058558835,83,1724961
-192.99839759506574,99,1725060
-328.05524097182246,111,1725171
12.700108221732904,83,1725254
-101.5666480458816,96,1725350
-95.95166389758555,67,1725417
-82.13483175509796,100,1725517
-194.51843543536987,66,1725583
-56.38740493042215,117,1725700
-84.34358942483287,140,1725840
-262.6781188093845,117,1725957
-149.76815969778806,116,1726073
-222.91259948082637,91,1726164
-142.94197926170108,72,1726236
-281.6350943056532,112,1726348
-277.8333974220551,85,1726433
-228.6833538681333,105,1726538
-187.50347254341884,80,1726618
-173.80567984355852,94,1726712
-75.41170354199089,98,1726810
-229.63863334183844,87,1726897
-58.24105397015106,62,1726959
-6.054310877733499,74,1727033
-229.14860899080674,71,1727104
-375.278010359196,103,1727207
-148.2005341924757,82,1727289
-160.99904885253795,83,1727372
-141.60523271890725,108,1727480
-122.50266483071131,95,1727575
-85.27587554928257,92,1727667
-57.63288007301496,69,1727736
-144.82720337590516,97,1727833
-219.5974353468348,104,1727937
-153.3164359294533,99,1728036
-84.68458683467024,126,1728162
-65.71930906438273,125,1728287
-173.33664342143453,76,1728363
-119.70641192421907,108,1728471
-343.03837685029816,90,1728561
-219.75492630522913,86,1728647
-54.0566441247602,66,1728713
-407.1863626111735,104,1728817
-104.50386660078898,131,1728948
-96.29336761798746,65,1729013
-162.65975532848955,79,1729092
-380.5652140029023,105,1729197
-246.87067036939112,68,1729265
-255.87838756543127,98,1729363
-392.21813384990986,75,1729438
-87.49617176436405,120,1729558
-116.0416879069462,63,1729621
-349.71853071805265,103,1729724
-101.95137278987083,83,1729807
-234.54686143657707,119,1729926
39.84511531275325,112,1730038
-186.6151781895453,78,1730116
-147.7357114396283,70,1730186
-53.02291816838525,70,1730256
-118.72257886554468,85,1730341
-233.77276931284854,102,1730443
-93.31146610720876,76,1730519
-259.7532182194989,114,1730633
-290.1683497771054,79,1730712
-123.25424243557242,93,1730805
-506.55195664162403,86,1730891
-185.887280558308,81,1730972
-415.3716909872009,85,1731057
-67.06611832137801,64,1731121
-185.28174921401313,73,1731194
-180.36451889781978,89,1731283
-73.0782829428007,87,1731370
-262.0000690677134,103,1731473
-318.847574734383,93,1731566
-109.86966998004989,80,1731646
-75.38388589585954,66,1731712
-310.3210103506442,96,1731808
-199.57686506904403,74,1731882
-225.2872232130869,105,1731987
-413.52450735140735,83,1732070
-132.61838400630904,98,1732168
-168.87085400428208,106,1732274
-138.64397156217385,95,1732369
-370.30259846093236,78,1732447
-229.33839792804363,108,1732555
-221.08086680089204,95,1732650
-192.651493695878,69,1732719
-191.08702574801532,133,1732852
-54.569279283610335,132,1732984
-200.91771241922035,113,1733097
-166.78534129162756,80,1733177
-244.90650672237373,63,1733240
-153.33295463016609,83,1733323
-75.71210638950612,61,1733384
-29.221855835989615,94,1733478
-261.6988463149546,109,1733587
-126.28352090770042,77,1733664
-103.4865051585331,60,1733724
-124.27401331577342,112,1733836
-113.54955916686137,109,1733945
58.13595049505541,1000,1734945
-102.44183288466495,88,1735033
-0.1492084629628323,99,1735132
-146.98632869552273,78,1735210
-209.09561830975863,108,1735318
-421.09455236507387,140,1735458
-435.4744204328931,95,1735553
-160.02944028529748,111,1735664
-184.0117472802704,104,1735768
-180.78976705550042,120,1735888
-212.230492896388,108,1735996
-143.22629874905454,71,1736067
-242.7480329375796,115,1736182
-348.6408085175785,111,1736293
-230.78210986142392,122,1736415
-165.48785224066125,68,1736483
-168.83845356701903,129,1736612
-320.4760739160202,100,1736712
-219.8588847329007,76,1736788
-272.47226304917217,103,1736891
-343.5460005392406,81,1736972
-295.00301925969904,102,1737074
-128.19483557832237,107,1737181
-105.77394749280947,69,1737250
-96.34367682525829,66,1737316
-106.18887158761902,79,1737395
-52.47669584398521,78,1737473
-218.78464148220058,92,1737565
-165.56342659097302,75,1737640
-40.892720009204204,86,1737726
-145.6453168727673,118,1737844
-299.029082929574,116,1737960
-283.3571172840209,98,1738058
-225.59944071034838,84,1738142
-128.83471402318395,76,1738218
-193.8955589094462,66,1738284
-288.63279518410354,89,1738373
-71.10347081247963,68,1738441
-108.70785605293261,79,1738520
-435.75764409410186,95,1738615
-96.7420208828741,118,1738733
-164.0816832104,97,1738830
-151.1682034401698,67,1738897
-86.1110687453464,71,1738968
-147.68373615380202,119,1739087
-169.10637652655757,108,1739195
-166.03648611695567,102,1739297
-136.01545789579293,91,1739388
-25.391273879240998,135,1739523
-27.088055373630198,107,1739630
2.6280996766591187,119,1739749
-82.00429861855466,63,1739812
-425.5559408522172,86,1739898
-95.46889068317648,88,1739986
-255.96776899383377,80,1740066
-100.44967080546463,85,1740151
-84.69830624063204,76,1740227
-123.7934685351267,100,1740327
-406.2024812822754,108,1740435
-210.46302899056556,62,1740497
-95.87073730601983,81,1740578
-89.36056528445124,61,1740639
-203.01291628551147,123,1740762
-347.96788424256715,100,1740862
-116.61381270754043,74,1740936
-111.88493350648757,68,1741004
-356.50215070457494,98,1741102
-461.0193042695043,120,1741222
-113.9452368467476,100,1741322
-314.05772410403563,122,1741444
-90.75149260993533,54,1741498
-189.49262664057494,115,1741613
-143.30819262386586,106,1741719
-155.72825214359676,71,1741790
-114.7232122346778,78,1741868
-223.329928411485,59,1741927
-288.39528411248114,99,1742026
-355.51532924620864,95,1742121
-341.01231871228737,116,1742237
-66.90872255229026,67,1742304
-103.63445706550515,140,1742444
-171.43328327830525,106,1742550
-293.26894114308186,99,1742649
-96.91638304168309,121,1742770
-369.6248065221504,117,1742887
-127.1276982316165,89,1742976
-193.06492623378404,86,1743062
-90.48124998056778,69,1743131
-178.49637583844776,71,1743202
-47.378133074268845,105,1743307
-166.53267543762513,97,1743404
-43.55518165481186,109,1743513
-149.60674001697865,97,1743610
10.578066410540842,110,1743720
-338.39816627090994,96,1743816
-109.60047728469993,123,1743939
-34.770004394756114,137,1744076
-75.08944026460006,72,1744148
-398.25189095700836,101,1744249
-163.36912504320213,83,1744332
-387.7095561225117,116,1744448
-8.244986149570565,87,1744535
-105.9297568055261,79,1744614
-167.34629995418805,83,1744697
-166.05189317315754,75,1744772
-118.39711874764703,91,1744863
-291.25097058933727,98,1744961
-112.57959671452514,88,1745049
-75.969864127456,68,1745117
-156.15969814847358,110,1745227
-529.0197133456209,121,1745348
-117.81003261782618,61,1745409
-455.567715876202,113,1745522
-102.34131052918501,115,1745637
-324.95432065598936,101,1745738
-390.0710699003356,95,1745833
-119.43116137143055,82,1745915
-360.3357627315957,115,1746030
-129.53490788763986,81,1746111
-230.76445780072962,78,1746189
-64.94278623748428,63,1746252
-161.27774654860042,106,1746358
16.93477577546028,113,1746471
-75.92813099209843,82,1746553
-239.29834060048154,85,1746638
-41.44293979810604,75,1746713
-150.4160062145532,124,1746837
-113.74764145998105,85,1746922
-79.20704518035961,63,1746985
-207.29684117871022,102,1747087
-89.47676201126183,73,1747160
-149.81095149065538,105,1747265
-265.24918954929933,70,1747335
-355.3066990613969,127,1747462
-134.92401683129967,115,1747577
-182.8081038442358,108,1747685
-75.76807309313996,122,1747807
-216.19350660534403,71,1747878
-380.2831930909884,89,1747967
-342.63902193172316,121,1748088
-93.19616229544009,93,1748181
-125.77377712402034,125,1748306
-155.1257684980768,70,1748376
-170.53244237260242,83,1748459
37.97604100768666,76,1748535
-101.73692143191968,113,1748648
-136.01895014035819,124,1748772
-144.17169318115873,109,1748881
-98.31022762517986,68,1748949
-78.41129043560326,64,1749013
-355.0228098670824,85,1749098
-312.0576781836723,109,1749207
-338.1800912287467,99,1749306
-113.98125218408424,52,1749358
-133.5179943472814,65,1749423
-122.7307462868566,63,1749486
-306.3559404573731,106,1749592
-262.714822674641,95,1749687
-196.0067415549572,81,1749768
-294.15462391286223,97,1749865
-115.02381561204666,126,1749991
-191.03574389553972,74,1750065
-79.25593165235247,76,1750141
-114.0639986895685,76,1750217
-137.14305214279915,74,1750291
-158.29632107308677,76,1750367
-364.9821539721609,104,1750471
-141.2052901050756,63,1750534
-311.3640386744513,96,1750630
-11.694675971885673,118,1750748
-115.29042930388302,81,1750829
-116.73815974631034,102,1750931
-255.90635848851676,104,1751035
-88.57627866690476,67,1751102
-9.494212015791476,124,1751226
-350.71968713785486,88,1751314
-270.4916811537699,98,1751412
-10.655859349903722,99,1751511
-118.56372785351114,69,1751580
-368.9511150973819,98,1751678
-128.8625632736044,86,1751764
-265.2224807602468,101,1751865
-82.93715555595116,91,1751956
-119.05236784936241,91,1752047
-351.69151454944495,99,1752146
-168.16274936022035,79,1752225
-118.74366446792284,83,1752308
-294.4032142529028,116,1752424
-155.9181099256587,65,1752489
-131.70421457453904,75,1752564
-137.86730763720072,89,1752653
-400.83307200398997,98,1752751
-350.25987894944166,95,1752846
-41.90894677772995,69,1752915
-342.5679225703899,100,1753015
-68.9768087850797,61,1753076
-189.31639244693196,87,1753163
-175.72837151988455,94,1753257
-328.7003203773886,138,1753395
-351.9805311914793,103,1753498
-100.55263258122856,113,1753611
-214.35031163898458,91,1753702
-152.81499943960495,59,1753761
-167.43169818484887,98,1753859
-399.2456919876892,89,1753948
-117.0322833316318,131,1754079
-128.3859490243338,79,1754158
-80.40030798887886,64,1754222
-88.68264590061105,61,1754283
-143.27107136455783,115,1754398
-135.93371197730164,104,1754502
-311.11829700907606,124,1754626
-495.41832601870624,96,1754722
-187.3385123527411,78,1754800
-435.8860306029484,100,1754900
-147.74398266302046,107,1755007
-116.919800127717,97,1755104
-81.29537784058857,75,1755179
-228.64533008232198,121,1755300
-181.12938220813348,125,1755425
-145.07693901082436,78,1755503
-209.49722565000818,114,1755617
-108.98389018177967,75,1755692
-253.10791488446566,120,1755812
-318.74701837823943,111,1755923
-158.85545166866893,65,1755988
-138.27596849392916,109,1756097
-170.96030481999415,100,1756197
-253.44682439727762,105,1756302
-119.8802913943494,75,1756377
-87.5286350026366,112,1756489
-101.45346427195614,97,1756586
-435.10787737019234,82,1756668
-74.36626686627383,67,1756735
-411.7734766277343,91,1756826
-124.27606616411711,85,1756911
-368.92276201414603,90,1757001
-227.29505529388032,143,1757144
-226.5965351653304,78,1757222
-259.8847460165992,84,1757306
-101.00549555497699,129,1757435
-95.0448943364839,69,1757504
-193.4677580587578,80,1757584
-329.75734963619925,84,1757668
-160.7494340330233,119,1757787
-105.4526436791661,82,1757869
-293.7759412383257,105,1757974
-83.43041392675414,74,1758048
-57.38004947688931,78,1758126
-126.27910989590907,95,1758221
-166.59057062100197,62,1758283
-185.87812189942883,99,1758382
-53.59745099959848,69,1758451
-382.4464599944202,96,1758547
-218.03576052422355,80,1758627
-96.18911268199379,58,1758685
-284.6443669598542,87,1758772
-156.15193055723844,122,1758894
-115.60797088911386,97,1758991
-123.8914967872353,96,1759087
-254.74018744192264,75,1759162
-205.54844110932333,133,1759295
-273.93444253824805,101,1759396
-364.4564965523102,83,1759479
-137.16110026307786,90,1759569
-144.8216436703698,98,1759667
-118.95683758221381,87,1759754
-140.993774001642,70,1759824
-281.5937331028774,123,1759947
-65.76552217745842,65,1760012
-109.83876815382476,95,1760107
-329.70597522398094,98,1760205
-194.18491523592624,97,1760302
-121.99138516592205,97,1760399
-229.70068806312943,78,1760477
-116.2465736225565,111,1760588
-157.35110703221505,124,1760712
-150.08627225710399,91,1760803
-113.92352633672107,103,1760906
-139.65578177573246,68,1760974
-152.7083926977902,98,1761072
-94.06781602230122,95,1761167
-107.73763477310831,89,1761256
-185.0516477898734,117,1761373
-171.18463931590685,68,1761441
-101.84086305355865,78,1761519
-200.47372826697497,86,1761605
-97.68683155835316,93,1761698
-119.15045281945417,131,1761829
-152.3749725583673,97,1761926
-105.08831663920154,74,1762000
-76.61022323018295,94,1762094
-77.84893088887189,109,1762203
-93.19810808319542,61,1762264
-208.03297387227718,117,1762381
-414.24426722860113,114,1762495
-91.08022215752047,75,1762570
-140.0302639671158,78,1762648
-273.8714771503419,97,1762745
-116.39095241858351,98,1762843
-95.48816175298614,116,1762959
-317.18533195473293,73,1763032
-120.49969018966765,80,1763112
-93.54410165223331,75,1763187
-273.5346917011864,91,1763278
-151.5758943033302,65,1763343
-258.84731287056155,113,1763456
-256.5951948356161,98,1763554
-99.98085880223223,116,1763670
-397.54580360918186,115,1763785
-144.07155623187083,60,1763845
-227.55212041358584,105,1763950
-132.72774487317062,87,1764037
-197.88381993445682,107,1764144
-143.36842592537846,100,1764244
-91.13989639412091,71,1764315
-130.3935143791404,75,1764390
-341.70759385435895,113,1764503
-90.66884195382526,64,1764567
-297.34943916530085,105,1764672
-126.85859367675923,94,1764766
-254.99079806719763,88,1764854
-81.63720175370017,77,1764931
-106.11493606746548,104,1765035
-119.06377542677507,74,1765109
-277.08488129047123,89,1765198
-103.16661356582057,74,1765272
-4.15679827379229,84,1765356
-38.94059818666841,123,1765479
-120.6055714340694,133,1765612
-408.7356220431608,113,1765725
-266.12434223190826,113,1765838
-340.3747518831324,112,1765950
-83.44267290256533,69,1766019
-90.16340433560467,110,1766129
-249.43207696824015,110,1766239
-127.92993431337534,119,1766358
-107.68155482772427,102,1766460
-377.8190577557207,123,1766583
-209.77948068018716,81,1766664
-169.63668783836206,64,1766728
-325.48844264849464,84,1766812
-203.00745836308585,85,1766897
-127.22390315719966,70,1766967
-319.7171323678999,87,1767054
-111.63621722463037,89,1767143
-170.6129717714647,98,1767241
-214.66148176475173,104,1767345
-214.66480149569674,107,1767452
-293.15651567340507,103,1767555
-168.21267036322266,84,1767639
-145.94245794885808,108,1767747
-153.12404477857285,68,1767815
-219.31426510727397,89,1767904
-123.18356331700164,67,1767971
-109.41369803206294,70,1768041
-117.22544894945726,72,1768113
-175.3975985694328,85,1768198
-186.33066203241845,68,1768266
-404.4998806252879,114,1768380
-133.31604621955194,105,1768485
-143.35452962796526,75,1768560
-109.60780336962664,91,1768651
-210.8151155689494,90,1768741
-95.36067118258737,78,1768819
-146.7940863901429,80,1768899
-247.33389661417834,65,1768964
-476.4851452968106,114,1769078
-86.19643479196304,75,1769153
-201.36796993731593,134,1769287
-295.8360267861358,106,1769393
-152.82804389333415,100,1769493
-69.13364124163682,100,1769593
-226.43953810343822,92,1769685
-260.9393914750861,121,1769806
-73.92399059479752,75,1769881
-234.72567381740402,64,1769945
-250.50939762562427,90,1770035
-186.4727426807063,99,1770134
-397.02638456289696,116,1770250
-68.90935224125425,63,1770313
-132.78584956263165,121,1770434
-254.80288922195112,126,1770560
-137.31799170102977,96,1770656
-247.37169297605607,75,1770731
-274.54761207435,82,1770813
-138.1398464169203,59,1770872
-38.808356645376165,64,1770936
-272.88867196083675,80,1771016
-155.9355494511963,73,1771089
-143.51090499224753,91,1771180
-273.84029229000294,75,1771255
-146.0581869357399,105,1771360
-105.77508977856488,67,1771427
-68.53196584790246,91,1771518
-134.0757882709641,92,1771610
-171.72442817927794,92,1771702
-352.1950537499732,120,1771822
-352.38306901377507,94,1771916
-297.6083380900958,107,1772023
-208.22810077155978,84,1772107
-26.568961418230344,65,1772172
-75.34487580079697,62,1772234
-263.41138479414053,87,1772321
-148.90475922143278,97,1772418
-95.80637571409505,87,1772505
-186.6092877521445,59,1772564
-256.5210961189018,138,1772702
-195.76997332237676,92,1772794
-99.73276721528552,82,1772876
-144.2666823106224,85,1772961
-344.55107839508963,91,1773052
-426.8193875856548,105,1773157
-167.95472509321462,127,1773284
-177.6598007339766,116,1773400
-412.86674781542865,92,1773492
-82.54389376659472,81,1773573
-94.69585110841125,69,1773642
-117.8225892546386,98,1773740
-101.85402822623978,91,1773831
-89.51177364199086,77,1773908
-128.02859116358542,78,1773986
-61.76920472237161,81,1774067
-74.69332241052989,98,1774165
-116.87584879228939,98,1774263
-82.56024507193052,80,1774343
-165.70067452968095,89,1774432
-107.9736280933419,84,1774516
-247.77801805754135,124,1774640
20.97431464638757,93,1774733
-198.03045324718897,91,1774824
-178.29874783433908,84,1774908
-124.6276241059896,87,1774995
-348.76279341762097,81,1775076
-95.40156626685913,63,1775139
-74.02727768203512,66,1775205
-194.661652975825,65,1775270
-223.4488158919645,109,1775379
-277.2526956434575,108,1775487
-285.9845387648976,92,1775579
-138.2371292974783,133,1775712
-110.09438660202315,84,1775796
-299.2091132646941,95,1775891
-114.50221697423895,82,1775973
-248.4675064329517,74,1776047
-157.80562707759591,83,1776130
-72.89033129090615,69,1776199
-213.74272860213702,117,1776316
-98.03036338694638,123,1776439
-114.71895146294638,81,1776520
-139.78215784143435,99,1776619
-114.16106534010532,78,1776697
-143.2882904973105,84,1776781
-114.69616919424307,96,1776877
-124.34876290072889,77,1776954
-144.33685578259445,60,1777014
-93.07171272818195,97,1777111
-399.4753821927028,99,1777210
-168.54656114113413,72,1777282
-246.39724149720433,81,1777363
-304.0164516140888,90,1777453
-102.94574009227586,64,1777517
-116.81753446779473,126,1777643
-102.82173140256063,61,1777704
-94.70077756893843,74,1777778
-129.47979076971242,59,1777837
-86.2952464126883,83,1777920
-369.9421364114092,105,1778025
-125.81912854184945,71,1778096
-101.97231345222315,62,1778158
-243.69742763022617,82,1778240
-264.185092324994,93,1778333
-304.94550379520774,102,1778435
-361.6938710947206,88,1778523
-450.8692127017938,106,1778629
-138.88860208590123,82,1778711
-93.71244025079127,64,1778775
-514.1496776987019,103,1778878
-294.484954535613,95,1778973
-166.93902836990486,126,1779099
-197.91290608498662,80,1779179
-207.40785243749065,78,1779257
-297.6145859431597,70,1779327
-205.7245652548853,82,1779409
-150.251631064237,84,1779493
-230.83266135514876,96,1779589
-110.46199248698768,116,1779705
-210.85656809369695,104,1779809
-96.6173084626515,102,1779911
-127.51613863838176,102,1780013
-345.1380248436984,87,1780100
-161.22830823041727,78,1780178
-139.39234541424628,90,1780268
-106.15928790393241,76,1780344
-31.618684438936555,68,1780412
-62.81964399092481,93,1780505
-94.65512234279416,71,1780576
-559.9177321363954,117,1780693
-349.04151522516224,115,1780808
-97.14725522727926,61,1780869
-97.96233292687798,71,1780940
-149.76305273392984,87,1781027
-86.23665586876129,71,1781098
-300.8162141032377,139,1781237
-82.79465187032504,59,1781296
-94.49266100064848,67,1781363
-260.3566322173774,101,1781464
-70.47638992683092,131,1781595
-225.94603433297834,99,1781694
-317.61463803761507,91,1781785
-72.36413992928382,65,1781850
-93.7609703204839,96,1781946
-429.80294604143444,112,1782058
-453.36955353480505,117,1782175
-200.59707481837603,81,1782256
-100.94247496663344,92,1782348
-419.4131647828399,92,1782440
4.154437764169032,141,1782581
-204.2909514866206,83,1782664
-110.81129272409513,63,1782727
-116.1388066714271,60,1782787
-80.44499679599929,69,1782856
-448.0214603993277,114,1782970
-124.92226822426697,70,1783040
25.0248682364782,62,1783102
-120.41841663486723,65,1783167
-171.6079038939397,116,1783283
-139.87275652768594,65,1783348
-74.42645053514534,80,1783428
-222.50745807364984,75,1783503
-57.93090643955867,59,1783562
-85.01922436176699,73,1783635
-91.46116773649985,70,1783705
-149.44941234280793,84,1783789
-94.29911182845184,65,1783854
-176.98674399945008,109,1783963
-195.86785019453524,107,1784070
-272.9059864181546,109,1784179
-76.72227420004202,78,1784257
-203.09148960583434,86,1784343
-323.7598522051013,94,1784437
-134.04625844396855,100,1784537
-278.11632847769346,104,1784641
-190.65191316769653,114,1784755
-74.68599380310575,69,1784824
-70.27487621519239,81,1784905
-173.1510470286375,102,1785007
36.007087671380106,91,1785098
-463.29817826284665,88,1785186
-80.29414369853777,69,1785255
-45.27755979401719,67,1785322
-444.26481483558433,83,1785405
-130.58455834385944,108,1785513
-321.301993972128,91,1785604
-130.37763350451345,78,1785682
-33.325302329129045,85,1785767
-302.1514181824782,113,1785880
-113.43490001487427,117,1785997
-126.87779142101859,132,1786129
-303.9632980291161,96,1786225
-91.26735075841528,66,1786291
-294.47821944367126,112,1786403
-260.6573324565128,105,1786508
-110.79689587869228,86,1786594
-106.52294949359109,120,1786714
-384.92223028011904,95,1786809
-216.00445472804265,66,1786875
-397.5368001802042,102,1786977
-350.7849850633112,105,1787082
-460.66531657430636,107,1787189
-147.32033459345735,74,1787263
-122.22397850265568,72,1787335
-90.61498690575309,64,1787399
-65.83539867442315,94,1787493
-264.1750840998362,95,1787588
-203.90624208223264,76,1787664
-145.8717490892808,72,1787736
-307.6009917499824,87,1787823
-116.92621072088215,93,1787916
-58.32605743137671,76,1787992
-438.69748315140276,89,1788081
-113.53373198597612,94,1788175
-364.8811125803218,89,1788264
-128.97108845085702,61,1788325
-144.85151669632725,92,1788417
-101.86239919181597,109,1788526
-124.63344039697539,89,1788615
-153.03355166370545,81,1788696
-277.4758821014477,112,1788808
-93.12779008406932,100,1788908
-368.58759598124783,88,1788996
-121.37758108706461,87,1789083
-434.4934559024698,93,1789176
-148.1067221119818,63,1789239
-151.81151480413317,73,1789312
-218.21357524774507,99,1789411
-116.94290692267022,70,1789481
-95.95839285517707,117,1789598
-359.77672828213935,87,1789685
-89.40185888220098,68,1789753
-211.56609581659953,70,1789823
-277.8767205031561,94,1789917
-364.50411232256806,84,1790001
-275.7021031288241,113,1790114
-136.9322207804264,88,1790202
-270.2073688331984,93,1790295
-377.6633594727696,108,1790403
-386.29660851793693,77,1790480
-117.62678406932613,95,1790575
-209.73893508211,121,1790696
-467.93990267518586,129,1790825
-303.28749549607693,102,1790927
-395.93094630080503,118,1791045
-430.9191115392642,94,1791139
-332.3069076942237,106,1791245
-253.2349982223852,93,1791338
-270.4720865916387,87,1791425
-255.0569572703568,99,1791524
-508.6606584120804,107,1791631
-109.19076147037661,135,1791766
-97.96656714592055,62,1791828
-103.46174254270608,66,1791894
-508.14218940699914,136,1792030
-258.5869535258274,95,1792125
-515.7873295522518,119,1792244
-83.15317202555458,93,1792337
-73.78712644006742,97,1792434
-135.13099207367148,64,1792498
1.173096524966212,108,1792606
-117.83771165776841,86,1792692
-120.59181407119583,81,1792773
-265.9753167138314,109,1792882
-110.04918332167662,118,1793000
-152.37349448749694,89,1793089
-242.60636408311188,124,1793213
-163.68624363177895,85,1793298
-359.81277876687625,123,1793421
-136.95511735719006,119,1793540
-299.52472033199797,99,1793639
-311.90265486882936,109,1793748
-88.46276824534809,71,1793819
-141.1460959433773,67,1793886
-91.99579080154086,86,1793972
-271.08640451330734,91,1794063
-146.37532230220566,62,1794125
-365.37710376565366,133,1794258
-68.48419556227216,87,1794345
-63.03622642317085,141,1794486
-148.06288888253874,63,1794549
-193.12977752322843,87,1794636
-72.81584099471907,63,1794699
-116.9898837534084,95,1794794
-406.5686579414125,106,1794900
-153.29400619393897,110,1795010
-99.21925687942584,72,1795082
-86.65077557384821,61,1795143
-77.3800898110782,75,1795218
-106.47372621936981,94,1795312
-299.7237044932185,110,1795422
-165.7660408607548,129,1795551
-189.8913539898943,87,1795638
-499.54787993160215,102,1795740
-94.82172856142311,63,1795803
-130.55589661780007,66,1795869
-132.0950902740699,113,1795982
-286.6964989472091,89,1796071
-239.0379546828951,113,1796184
-319.00733358215064,133,1796317
-360.2321463002421,113,1796430
-509.16103414947213,79,1796509
-221.47474371297216,122,1796631
-116.99549753925064,71,1796702
-71.72531572921852,65,1796767
-449.21785255788706,97,1796864
-284.2881343369063,116,1796980
-392.75420249285617,83,1797063
-200.30841586737762,146,1797209
-132.29329738912867,75,1797284
-309.9620488964603,82,1797366
-212.67543463159834,82,1797448
-158.0233471153037,88,1797536
-146.36833194047534,68,1797604
-105.11940929459675,67,1797671
-108.63246690483076,73,1797744
-77.77089509163433,83,1797827
-135.81324857067807,71,1797898
-110.22845846561927,78,1797976
-102.0790585816018,72,1798048
-79.05012632488348,92,1798140
-275.4225441415316,105,1798245
-319.89193329411967,119,1798364
-346.29855332978156,100,1798464
-126.88689157044566,76,1798540
-76.96477430112779,77,1798617
-243.37595484742667,102,1798719
-207.4921319267974,121,1798840
-192.88937353249167,71,1798911
-148.96172656262434,88,1798999
-156.50118842697287,125,1799124
-195.7426186010025,63,1799187
-212.8603956108732,77,1799264
-98.7112288533277,96,1799360
-244.78049380824896,98,1799458
-143.97160699653853,61,1799519
-134.7249225039145,95,1799614
-302.3835498112564,100,1799714
-104.60894637538897,96,1799810
-265.4961543763944,75,1799885
-301.2300086256517,116,1800001
-195.36756664539172,123,1800124
-73.548530292874,66,1800190
-207.1016587916169,80,1800270
-86.75990532503228,108,1800378
-481.7417849925723,146,1800524
-117.8938056088233,118,1800642
-302.8110476046792,96,1800738
-124.42559800256221,91,1800829
-53.59643164445659,101,1800930
-186.01508710359656,78,1801008
-127.38363457572552,69,1801077
-272.6644549964534,100,1801177
-257.8925000751766,81,1801258
-280.7306682707379,113,1801371
-196.59090749976647,72,1801443
-139.07270834548507,98,1801541
-109.73988585228082,96,1801637
-76.21968096031478,79,1801716
-101.37740735933039,69,1801785
-180.18393250097006,79,1801864
-256.0268152808728,121,1801985
-33.32312306183543,91,1802076
-192.31550691212192,113,1802189
-254.21333147563243,92,1802281
-151.95072297093196,87,1802368
-137.64213968669662,70,1802438
-121.8214959756975,86,1802524
-138.07284731102638,77,1802601
-72.04556376948463,73,1802674
-291.257424174528,107,1802781
-322.6697918255721,132,1802913
-352.01129338117084,88,1803001
-124.40330514864274,86,1803087
-268.35078734692985,126,1803213
-128.03987197246465,97,1803310
-94.98254814710592,63,1803373
-69.55902296006397,81,1803454
-34.265128224790814,134,1803588
-333.6737390728107,95,1803683
-211.67517679837124,112,1803795
-275.7670538100516,109,1803904
-124.64192552616389,92,1803996
-239.27194404113797,145,1804141
-259.59966290795467,79,1804220
-137.21698599802778,76,1804296
-163.90938356251945,113,1804409
-104.71714304937424,82,1804491
-118.457483963703,68,1804559
-224.1550101593068,85,1804644
-148.6204894945459,86,1804730
-147.7004409026811,101,1804831
-116.1549315896251,70,1804901
-143.7331287013456,113,1805014
-97.24820837618039,141,1805155
-228.47999181638568,149,1805304
-88.6779392179458,84,1805388
-293.94099804466487,102,1805490
-200.81009257529257,117,1805607
-303.35481173966565,103,1805710
-334.0948968077737,95,1805805
-36.34945928155527,76,1805881
-106.85335634004451,67,1805948
-106.16991954289611,79,1806027
-302.9283229057555,123,1806150
-84.25482176495733,118,1806268
-142.02669883431207,93,1806361
-123.13569175032227,74,1806435
-231.6372670251912,74,1806509
-118.90361286720365,103,1806612
-267.0734686686376,114,1806726
-77.64750265158239,64,1806790
-99.91444093864857,88,1806878
-94.97530240005216,62,1806940
-304.47021962992915,126,1807066
-66.79768236890723,60,1807126
-166.94666255044132,85,1807211
-315.7229752214374,113,1807324
-97.174832849625,61,1807385
-270.7500686499908,60,1807445
-347.6878080540179,88,1807533
-100.14018129968697,101,1807634
-300.0969558746883,123,1807757
-95.53479444651411,62,1807819
-116.10583149097667,148,1807967
-202.48659159692323,71,1808038
-223.5302707395674,103,1808141
-160.65542998688528,91,1808232
-275.38755956645525,115,1808347
-50.15110907872832,59,1808406
-13.937860050625972,85,1808491
-199.8632622434604,85,1808576
-89.63498180815076,85,1808661
-177.61039294617626,61,1808722
-285.4763862043616,87,1808809
-321.99942882701805,97,1808906
-134.96182037248803,90,1808996
-54.49100823150916,63,1809059
-189.62190928806842,127,1809186
-196.78331204402792,81,1809267
-346.9283061123364,113,1809380
-122.68443464251163,70,1809450
-328.0168904166343,84,1809534
-336.53404667575643,106,1809640
-121.8687647861907,115,1809755
-118.66862914938642,62,1809817
-153.38229677852306,127,1809944
-38.66982996063233,68,1810012
-154.298457863086,84,1810096
-153.7738209273271,108,1810204
-220.792198574392,98,1810302
-118.22269112861723,83,1810385
-155.12470867644095,101,1810486
-73.45473945383486,59,1810545
-310.24984525378636,115,1810660
-258.3104755867048,98,1810758
-147.32923286986698,68,1810826
-389.0122596193055,106,1810932
-198.5354294237884,126,1811058
-123.3534605277713,78,1811136
-243.22824107666708,136,1811272
-78.78557089444499,108,1811380
-117.49910832112819,83,1811463
-125.4690058467624,65,1811528
-204.37394525606322,80,1811608
-105.83125024457561,93,1811701
-115.2201096604921,82,1811783
-122.75420286573821,88,1811871
-118.43737267306118,74,1811945
-265.69696066539757,102,1812047
-149.21126668199162,89,1812136
-251.3749339776422,95,1812231
-92.65383999655657,87,1812318
-100.15576089772104,68,1812386
-82.32853597585292,64,1812450
-80.5125524508797,70,1812520
-170.4257086091729,104,1812624
-154.12823041150625,103,1812727
-269.01876095751726,72,1812799
-133.86399007931738,67,1812866
-328.5723760917722,125,1812991
-181.1409681770382,95,1813086
-89.58470778999563,85,1813171
-187.03837674898608,65,1813236
-235.93076633617085,72,1813308
-231.14525585334553,74,1813382
-151.65074883427414,70,1813452
-124.55682644236055,96,1813548
-156.24006207613013,98,1813646
-165.14792495504912,70,1813716
-503.4721877361162,122,1813838
-279.864264214832,101,1813939
-145.55234041367245,110,1814049
-91.53911737087378,67,1814116
-214.53810118213158,115,1814231
-204.90634569387723,95,1814326
-28.52337361893673,113,1814439
-141.00987389690863,89,1814528
23.149175447241774,111,1814639
-365.5995710422952,114,1814753
-124.64594328197732,120,1814873
-425.43514511321115,97,1814970
-193.89788450663718,87,1815057
-48.98790846728214,127,1815184
-261.6620616246722,107,1815291
-127.91940910864636,89,1815380
-167.0040900574909,88,1815468
-267.07856471390835,114,1815582
-196.70579686750588,79,1815661
-131.78784219030035,83,1815744
-117.06357776827537,67,1815811
-119.87819665890184,90,1815901
-389.1528753067552,102,1816003
-119.64834880342931,89,1816092
-110.07140707813878,88,1816180
-174.81315056547766,69,1816249
-132.6825160809609,79,1816328
-229.71723758263846,99,1816427
-352.7842126946625,107,1816534
-451.50959221199093,120,1816654
-185.21539182933535,63,1816717
-542.5024758340641,99,1816816
-76.98365683563327,122,1816938
-180.81571600417192,85,1817023
-134.4936684324174,83,1817106
-35.075166653577824,94,1817200
-150.019169759621,107,1817307
-85.06118379177292,79,1817386
-263.0100340681321,101,1817487
-108.48712999608794,91,1817578
-340.33983957557354,101,1817679
-259.5396660635121,85,1817764
-85.540222669536,65,1817829
-223.09901316799142,92,1817921
-480.7541706923636,106,1818027
-155.60760635093425,71,1818098
-406.58361212138385,108,1818206
-405.9525089719525,97,1818303
-218.71693443676475,120,1818423
-412.5745626792955,89,1818512
-87.85351850646461,68,1818580
-164.7789458013273,74,1818654
-86.71655675369757,82,1818736
-89.08780538250004,63,1818799
-467.3914315160328,91,1818890
-296.9799370894781,104,1818994
-399.8997842524462,117,1819111
-145.11201334681516,102,1819213
-116.71522153381247,104,1819317
-392.6414768660319,127,1819444
-136.79848798838447,68,1819512
-309.5311798687826,90,1819602
-130.87430256948687,67,1819669
-176.26110346392096,81,1819750
-92.4682457571962,116,1819866
10.245032198656205,85,1819951
-154.2393432419539,102,1820053
-200.28892432180515,78,1820131
-251.4127537980825,100,1820231
-76.29747591372447,58,1820289
-134.9388062638489,101,1820390
-240.34963534969572,123,1820513
-68.7505029144031,115,1820628
-108.61161935080166,93,1820721
-350.4603783694789,112,1820833
-57.05377874535935,68,1820901
-187.99533619608584,81,1820982
-278.27330283226615,77,1821059
-62.38246400778923,54,1821113
-150.07535599905756,87,1821200
-121.63784287068353,95,1821295
-356.93007533116383,97,1821392
-61.08723290599623,90,1821482
-187.97196585980132,120,1821602
-128.65653017328955,122,1821724
-92.42822099620277,85,1821809
-73.8509535905969,67,1821876
-279.37577369314954,118,1821994
-171.07738406964694,67,1822061
-103.59362942442313,63,1822124
-81.22855253500668,114,1822238
-147.5527409830138,75,1822313
-114.39725419941865,94,1822407
-254.22397358535656,105,1822512
-116.7862931864506,74,1822586
-530.2701419461947,94,1822680
-159.02086048285167,98,1822778
-115.02005681930783,132,1822910
-107.10168971254161,92,1823002
-427.9030999286981,94,1823096
-186.31852442822156,86,1823182
-68.9380329896158,72,1823254
-367.42220438602425,108,1823362
-140.51328510756053,68,1823430
-106.37527227117997,84,1823514
-94.55972489115966,85,1823599
-152.23748872396425,138,1823737
-266.4397692171361,75,1823812
-52.543986364062086,62,1823874
-210.29830522653552,108,1823982
-30.77651113322193,120,1824102
-95.46777743469674,71,1824173
-135.60759172501588,65,1824238
-448.0963396867005,104,1824342
-137.10316507854589,122,1824464
-121.36238169608463,101,1824565
-81.43346066280652,67,1824632
-392.4351557601359,118,1824750
-117.94653215010152,68,1824818
-148.5569930514548,56,1824874
-129.9364223334339,71,1824945
-228.08873206455914,104,1825049
-226.020489727836,86,1825135
-154.04931016372527,64,1825199
-330.16713823739906,72,1825271
-273.7395062990878,101,1825372
-292.5925617550748,89,1825461
-84.25589489849281,78,1825539
31.595940422954868,120,1825659
-85.75530457722365,66,1825725
-65.26169738928445,69,1825794
-103.47793670997248,63,1825857
-121.49311302062779,112,1825969
-57.587413529813226,59,1826028
-124.75055817765475,82,1826110
-200.7682995780943,92,1826202
-133.1792443148322,62,1826264
-103.03272979800649,87,1826351
-65.2746578351849,66,1826417
-104.88985323090843,63,1826480
-355.7264717258454,105,1826585
-115.28821701324267,74,1826659
-207.59614933162965,128,1826787
-246.28293658726236,90,1826877
-89.40710849003861,101,1826978
-108.42170618930487,93,1827071
-298.3866093771468,112,1827183
-138.59690950045206,76,1827259
-77.41292544715603,83,1827342
-98.25943316528542,147,1827489
-382.3051147154159,97,1827586
-203.54616079006954,124,1827710
-383.5316409661418,103,1827813
-119.86853583594647,71,1827884
-213.2117703939686,68,1827952
-106.0259913531178,80,1828032
-330.7387083066769,108,1828140
-99.05646126966552,70,1828210
-289.33599021327774,113,1828323
-114.29705433014234,89,1828412
-150.84909965771428,93,1828505
-89.91595612075096,69,1828574
-238.66700486397792,103,1828677
-359.6788356185375,86,1828763
-73.02415748342926,68,1828831
-213.84389488766243,103,1828934
-243.4981049124801,145,1829079
-25.51407432561132,80,1829159
-99.42516497903111,86,1829245
-13.508275306102703,77,1829322
-116.27648572157896,78,1829400
-315.8119841575399,112,1829512
-135.11520643996369,79,1829591
-309.6889798416866,99,1829690
-357.3917336195068,92,1829782
-120.80887744974781,92,1829874
-92.94338621848752,91,1829965
-250.53829239300674,74,1830039
-175.0763023631443,92,1830131
-175.68348144221426,83,1830214
-111.26493757671194,65,1830279
-359.97895424778153,126,1830405
-91.05842841513338,94,1830499
-270.42900524569427,119,1830618
-101.91770799854758,96,1830714
-248.94358529889521,102,1830816
-286.7906132578154,78,1830894
-105.46908229461646,72,1830966
-324.01225810444214,81,1831047
-201.8485736257217,104,1831151
-130.05526395759006,129,1831280
-121.77470656838307,69,1831349
-80.3363350213686,84,1831433
-273.88567572319585,79,1831512
-137.2297716699957,88,1831600
-129.67302121910603,75,1831675
-128.73012460469639,120,1831795
-122.6566736402138,91,1831886
-84.75476764042867,73,1831959
-149.61720851181389,114,1832073
-136.7994720925387,98,1832171
-99.80752011085985,69,1832240
-188.7763970008865,107,1832347
-84.61645854168063,63,1832410
-92.35283329954594,130,1832540
-215.35598461649516,92,1832632
-192.04154895448175,103,1832735
-83.08655252373867,101,1832836
-199.49642616081857,100,1832936
-137.61952710776467,89,1833025
-125.45421474269274,109,1833134
-103.22152890082614,124,1833258
-109.63878958868325,59,1833317
-301.36557429012475,103,1833420
-358.2565662240875,87,1833507
-280.6087252836739,96,1833603
-394.5327377240903,112,1833715
-520.1870334125517,110,1833825
26.757894121752713,86,1833911
-91.65491135104442,69,1833980
-171.38304729899147,114,1834094
-157.5635343244854,76,1834170
-215.72053053762312,99,1834269
-143.77538928004452,91,1834360
-42.903642853371224,111,1834471
-153.0621241375592,109,1834580
-261.87854885569516,84,1834664
-171.317160345011,90,1834754
-96.39565366311325,73,1834827
-105.10397360079472,69,1834896
-45.6141504488167,87,1834983
-416.77242938312367,100,1835083
-131.78835664548652,90,1835173
-117.60498946185636,112,1835285
-150.61916270792125,119,1835404
-98.45954268965511,76,1835480
-100.2812044030011,67,1835547
-268.63125076763424,124,1835671
-415.48191805989615,130,1835801
-290.116981285684,89,1835890
-178.3299808222808,91,1835981
-24.594620051245755,72,1836053
-101.23275689117361,81,1836134
-197.6281538412827,108,1836242
-115.39950458295338,80,1836322
-187.20613573943757,75,1836397
-117.59663074159909,142,1836539
-118.7733555996063,77,1836616
-127.01203232932028,89,1836705
-157.7852734156424,108,1836813
-11.141001854031998,102,1836915
-120.91143920472443,69,1836984
-160.10365254229114,109,1837093
-310.5152562045948,120,1837213
-151.37316892850896,99,1837312
-171.81668863432702,80,1837392
-257.6205848190797,69,1837461
-176.62922725305492,132,1837593
-90.68119988855779,75,1837668
-157.85456252405862,138,1837806
-49.89565659464417,71,1837877
-177.6085848250027,98,1837975
-320.82826540262283,109,1838084
-332.0658097235146,117,1838201
-330.5898753860122,93,1838294
-349.20534498139347,90,1838384
-8.844688918560422,143,1838527
-135.31720720441075,83,1838610
-117.14794240094517,73,1838683
-109.98234436223188,73,1838756
-134.62438595525458,64,1838820
-90.04071761698845,62,1838882
-215.42434645305593,111,1838993
-169.66555842673665,94,1839087
-108.75705799139313,74,1839161
-79.41853346201682,68,1839229
-239.3840716741652,96,1839325
-186.24036220715698,84,1839409
-172.88868205579885,91,1839500
-215.58463408943143,84,1839584
-340.64190773040843,104,1839688
-145.5514350424648,145,1839833
-320.0360252594284,94,1839927
-195.80161385678093,65,1839992
-46.894333094860635,113,1840105
-265.96008752989815,105,1840210
-114.39256264979413,71,1840281
-247.43358826206568,107,1840388
-380.44524052600894,136,1840524
-314.9800240817432,68,1840592
-116.8641994816463,142,1840734
-462.0088823795524,95,1840829
-173.59486015110798,114,1840943
-263.3178299638406,75,1841018
-95.2957462240385,72,1841090
-139.48503724668632,113,1841203
-366.3396754752513,108,1841311
-110.32556093188049,100,1841411
-94.25566244286792,99,1841510
-58.77700417349499,124,1841634
-111.96189189608509,61,1841695
-112.89832630803973,125,1841820
-183.74329835530727,126,1841946
-101.05083765778197,105,1842051
21.676958097736005,94,1842145
-316.2494398957248,130,1842275
-196.28767202940824,112,1842387
-108.98218722536386,69,1842456
-103.17236411227536,106,1842562
-96.48461858696211,122,1842684
-469.7510712598093,87,1842771
-394.34112000595593,100,1842871
-487.49493065064405,87,1842958
-381.59070151721306,82,1843040
-116.40729861302239,124,1843164
-334.5214901383037,100,1843264
-125.2204505388188,77,1843341
-77.45278104572256,76,1843417
-113.97159937506035,69,1843486
-125.22645450839573,88,1843574
-280.0409539307973,99,1843673
-255.22055360311975,82,1843755
-269.7532103922107,105,1843860
-340.8799288829034,101,1843961
-171.4828838272707,109,1844070
-127.30635615908427,73,1844143
-323.24292915957983,133,1844276
-272.1874594068636,110,1844386
-122.40616182706013,66,1844452
-231.66147380159597,121,1844573
-235.66473775775734,94,1844667
-79.74949034308318,64,1844731
-379.1571924802889,95,1844826
-118.17513574945812,60,1844886
-177.1690506198138,75,1844961
-88.15126594280846,73,1845034
-129.83183187985355,73,1845107
-234.1623243726357,115,1845222
-179.00791188798104,73,1845295
-175.88152040689755,62,1845357
-165.117500886814,112,1845469
-51.73480644008737,132,1845601
-127.63972654755968,76,1845677
-101.53881536292548,105,1845782
-69.12756538597807,67,1845849
-63.594066930154334,132,1845981
-281.14593198573664,79,1846060
-156.89658763696588,131,1846191
-121.04619554202301,72,1846263
-43.69733020188052,93,1846356
-110.07824981816651,84,1846440
-90.73337373603741,59,1846499
-37.272139427781454,89,1846588
-180.4025889668692,57,1846645
-115.79191736241575,76,1846721
-212.00104389760662,57,1846778
-287.0605947696674,109,1846887
-169.80751306313488,63,1846950
-250.71783995552875,97,1847047
-99.7366794958593,105,1847152
73.4668189840969,81,1847233
-79.56071457650533,62,1847295
-234.11693463825688,106,1847401
-146.94528921740846,91,1847492
-73.71823669646395,84,1847576
-412.5613776518746,100,1847676
-92.24480571042093,66,1847742
-140.0712224647828,77,1847819
-287.578360816047,90,1847909
8.492236987763746,87,1847996
-115.03717587759596,102,1848098
-250.4889832771681,71,1848169
-196.83805743146445,103,1848272
-90.14400418317625,113,1848385
-254.27251171788788,92,1848477
-378.9500556384804,102,1848579
-46.81609432146155,103,1848682
-189.22009879522784,117,1848799
-102.17186219547278,83,1848882
-44.562608552147324,64,1848946
-101.96944039981854,110,1849056
-244.42766023904568,63,1849119
-220.14497197823258,121,1849240
-424.5004899110098,96,1849336
-209.28975239358488,99,1849435
-282.65078719999525,94,1849529
-193.80067641150234,113,1849642
-423.11865053104344,109,1849751
-129.5968767226984,82,1849833
-340.2788790491685,91,1849924
-151.48715396230426,88,1850012
-281.30843874480627,79,1850091
-232.3039272756979,83,1850174
-83.13870647713581,79,1850253
-111.99754103054964,83,1850336
-357.5766569874115,91,1850427
-325.15472140652025,100,1850527
-136.96357061328365,72,1850599
-131.31210852534207,110,1850709
-88.71568586055932,72,1850781
-112.01264800859971,102,1850883
-72.31074294025724,65,1850948
-77.1707792999578,91,1851039
-144.62229384988214,105,1851144
-102.66715821111984,98,1851242
-117.08858028276626,70,1851312
3.0932312537201483,64,1851376
-108.3288302859919,82,1851458
-243.64046071285566,95,1851553
-427.6690712295609,127,1851680
-56.29709942413395,65,1851745
-179.6568022067009,118,1851863
-97.52377763464281,69,1851932
-120.14665019808689,74,1852006
-102.3035680934488,74,1852080
-133.2167245679643,80,1852160
-327.18269699812305,99,1852259
-307.02130135771847,88,1852347
-324.8087647950301,94,1852441
-271.75579603505014,96,1852537
-160.49243724274186,83,1852620
-99.52213097300799,117,1852737
-208.25005486374533,74,1852811
-96.37165572682459,72,1852883
-86.35428050384246,68,1852951
-158.2321966808206,124,1853075
-123.92794527726316,109,1853184
-233.46747034568781,97,1853281
-208.29762554489395,112,1853393
-108.3466215127219,89,1853482
-268.7988715123016,71,1853553
-390.5184548707097,84,1853637
-67.21904417531988,59,1853696
-138.42950754637064,76,1853772
-123.27500040582613,138,1853910
-135.5424866694065,81,1853991
-189.45542033052396,90,1854081
-85.40389559622865,74,1854155
-97.88850274922882,85,1854240
-148.4609292768526,89,1854329
-75.43827022679814,69,1854398
-150.75675777263734,88,1854486
-155.77700804432212,110,1854596
-130.20786705113684,79,1854675
-101.84168054120548,84,1854759
-167.19436624552435,128,1854887
-161.97314721878251,95,1854982
-108.24431055451726,71,1855053
-382.88902163143734,87,1855140
-280.87214639354727,105,1855245
-271.5964501176144,84,1855329
-42.773512130557826,64,1855393
-144.95869530674696,118,1855511
-420.60434803482667,117,1855628
-70.98246401402749,69,1855697
-66.43978541640581,69,1855766
-148.70909407258893,69,1855835
-306.99623043222516,84,1855919
-185.49480479540262,91,1856010
-279.90411374987355,92,1856102
-116.20173418923069,59,1856161
-178.4508126576191,69,1856230
-325.45784804247523,109,1856339
-313.8250774271802,98,1856437
-116.68417050215143,68,1856505
-422.6817800321016,107,1856612
-43.4334424023501,127,1856739
-117.85990850137914,71,1856810
-212.4584722468049,119,1856929
-98.4299659229757,68,1856997
-81.376044083639,110,1857107
-137.07644371628186,81,1857188
-128.12330129579266,96,1857284
-116.07097045507697,58,1857342
-298.4685737754297,78,1857420
-492.81148715941816,100,1857520
-119.46499057744025,83,1857603
-130.92393568987129,93,1857696
-150.62217565149342,74,1857770
-159.36293870821981,85,1857855
-369.99529384004916,99,1857954
-399.670594494671,87,1858041
-144.77214999752624,70,1858111
-117.32658343956889,77,1858188
13.727826487239625,84,1858272
-255.72816551532443,101,1858373
-124.87298044224332,82,1858455
-245.53813612422806,104,1858559
-60.61664068489688,59,1858618
-225.06808049726874,105,1858723
27.908501192718518,167,1858890
-121.91099675000508,67,1858957
-403.44053575943997,71,1859028
-114.38865525006577,70,1859098
-257.90280672888764,108,1859206
-95.47146680435439,62,1859268
-72.92931766790579,61,1859329
-363.53153135681157,97,1859426
-2.637431919830931,169,1859595
-113.64846310409992,65,1859660
-136.10295797254292,58,1859718
-76.23799175746464,83,1859801
-129.4407254954683,120,1859921
-167.9311093827567,74,1859995
-71.88762049266778,66,1860061
-233.79048386569136,76,1860137
-52.61051537537173,73,1860210
-201.31691384592798,88,1860298
-170.64067994424568,76,1860374
-179.52148836082588,134,1860508
-199.6325823813421,80,1860588
-113.90656482665169,85,1860673
-113.30384750946405,86,1860759
-461.5025146022624,93,1860852
-134.82795230329737,63,1860915
-322.61381223578803,97,1861012
-99.2880814565505,86,1861098
-356.29398610578596,99,1861197
-135.98297653484167,69,1861266
-79.52296149473042,72,1861338
-114.94878405245358,102,1861440
-77.4623541203611,94,1861534
-68.36138224165705,64,1861598
-179.99419185878975,72,1861670
-416.063614293847,112,1861782
-153.0371251718858,81,1861863
-378.0227857568807,95,1861958
-97.91065705243346,64,1862022
66.04791109808292,1000,1863022
-91.71313620116086,78,1863100
-134.09468548897541,89,1863189
-1.3647371418862946,143,1863332
-75.62327821659119,61,1863393
-371.7845849329906,124,1863517
-244.34269471428138,110,1863627
10.861062010009036,109,1863736
-117.75343854050682,85,1863821
-480.10620626871304,97,1863918
-243.27992999335353,85,1864003
-367.6005491747223,104,1864107
-177.2353726514043,69,1864176
-53.11228054783032,76,1864252
-146.5550313708666,60,1864312
-360.38231618731294,98,1864410
-262.7280999217213,85,1864495
-116.6455101954871,91,1864586
-207.07837316355923,65,1864651
-85.97800940805882,76,1864727
67.40660692560799,1000,1865727
-95.772184100985,81,1865808
-208.74063090847557,123,1865931
-363.36637579883376,85,1866016
-109.50175786139631,79,1866095
-305.31163459770937,84,1866179
-470.6464962950683,111,1866290
-88.15004627632673,73,1866363
-69.37560235507846,76,1866439
-260.490559354023,90,1866529
-148.06064550069962,97,1866626
-457.55336720180395,86,1866712
-60.05187420718997,114,1866826
-147.86549992702814,76,1866902
-285.44263977625235,91,1866993
-175.64553889969446,123,1867116
-194.3883976899335,99,1867215
-140.93703339925833,70,1867285
-344.0665768189116,70,1867355
-125.47298707854148,73,1867428
-87.71849257087607,81,1867509
-155.91436757151652,105,1867614
-282.5378628819309,94,1867708
-216.777349141503,81,1867789
-142.785886904065,55,1867844
-464.1113456812988,127,1867971
-485.0066791003507,109,1868080
-248.93961509251815,111,1868191
-133.0457004608414,114,1868305
-145.03485077534057,81,1868386
-304.9484864168925,94,1868480
-114.77851929868541,93,1868573
-180.60756291975275,66,1868639
-248.64149286731376,70,1868709
-193.19519117456576,80,1868789
-0.5065292055953279,64,1868853
-209.5628327613266,80,1868933
-182.305353395908,87,1869020
-219.16458852503996,95,1869115
-252.96557518579488,110,1869225
-82.40687065018223,63,1869288
-65.32027359111721,83,1869371
-141.4728875081879,73,1869444
-55.02346591017043,59,1869503
-84.65006285134203,106,1869609
-99.27104846173752,101,1869710
-212.50715239255118,71,1869781
-113.12748753787037,70,1869851
-335.24227273814677,145,1869996
-134.40697564040244,74,1870070
-308.7644409278936,88,1870158
-237.1721359192244,93,1870251
-202.05251799878783,111,1870362
-316.2600082692647,96,1870458
-265.1611329261393,112,1870570
-76.38573527479058,65,1870635
-129.32993721071387,99,1870734
-90.72293706661598,99,1870833
-103.28975128783424,82,1870915
-89.73544248070439,88,1871003
-259.08964462847985,124,1871127
-80.52466214680878,128,1871255
-279.84648174860644,101,1871356
-184.58362375685715,64,1871420
-323.66669530507943,128,1871548
-130.31217372095017,99,1871647
-83.89848522018657,97,1871744
-98.86101021886024,95,1871839
-392.18054258288095,101,1871940
-332.680086288016,72,1872012
-185.8703344942749,81,1872093
-214.01903799457386,77,1872170
21.766136708201913,109,1872279
-127.77795342645166,94,1872373
-116.38284456626172,72,1872445
-124.31716376232453,128,1872573
-253.2268247509323,79,1872652
-278.6509886557384,109,1872761
-99.85675272503119,77,1872838
-167.46441580587248,67,1872905
-293.764597886548,109,1873014
-75.81486979170325,128,1873142
-163.15686442674894,126,1873268
-87.57649280267005,80,1873348
-109.87561579289331,69,1873417
-107.23476742746776,76,1873493
-98.9852415902333,64,1873557
-414.45887734488406,115,1873672
-96.21930424805343,136,1873808
-289.8141527094534,99,1873907
-180.12745831489917,92,1873999
-254.77521675445155,87,1874086
-308.72428448734604,99,1874185
-373.2738372196337,107,1874292
-95.18162285035709,73,1874365
-274.7031717275346,102,1874467
-388.9590568900148,95,1874562
-69.38603897599778,76,1874638
-237.8278348589179,119,1874757
-494.8737332699616,132,1874889
-371.97446021821486,101,1874990
-177.7794522085593,77,1875067
-101.04941751904816,81,1875148
-232.428044271703,87,1875235
-504.64830266964145,104,1875339
-258.04319371808015,103,1875442
-78.85436236894367,86,1875528
-138.5866729027477,94,1875622
-129.13172950107247,113,1875735
-196.9443805369104,94,1875829
-186.77571739284028,84,1875913
-17.06069788024628,96,1876009
-126.61164412502626,59,1876068
-126.70653616359725,78,1876146
23.042726030712913,94,1876240
-138.81712609095553,112,1876352
-164.16218893920393,105,1876457
-350.48552511527646,90,1876547
-171.73321818546907,115,1876662
-193.7912562254827,124,1876786
-97.93692387148624,93,1876879
-69.41540969217468,103,1876982
-102.12509122718478,132,1877114
-225.15070811659484,69,1877183
-222.57843132535564,93,1877276
-108.07526218746537,70,1877346
-201.35595293548437,71,1877417
-78.86261187571027,83,1877500
-382.1580599873432,74,1877574
-97.23268950673699,63,1877637
-334.6153032275955,91,1877728
-130.2731139401991,80,1877808
-412.229418450674,101,1877909
-17.25510123702489,111,1878020
-135.44440339869584,73,1878093
-286.9378510415179,99,1878192
37.84747707588704,80,1878272
-119.1952951376305,90,1878362
-214.1594817055502,127,1878489
-143.3939705050919,130,1878619
-338.3126273644517,110,1878729
-127.52192377720023,94,1878823
-117.61548530066928,71,1878894
-270.70879162169484,88,1878982
-41.702937967520995,88,1879070
-88.08046133351459,86,1879156
-117.3887399703665,73,1879229
-75.11062914133737,60,1879289
-260.71852251321866,59,1879348
-282.15965490797475,88,1879436
-76.08069704533402,58,1879494
-92.85720550340729,123,1879617
-198.53095958638403,86,1879703
-158.39116570927683,69,1879772
-239.00263168903783,110,1879882
-204.85233534816433,74,1879956
-73.518263511182,76,1880032
-382.16261323422754,84,1880116
-299.81490936482055,72,1880188
-74.04392120295569,75,1880263
-209.7740913351799,102,1880365
-163.36582320563463,122,1880487
-197.01504334213828,87,1880574
-83.34517316055141,121,1880695
-161.28799768341688,96,1880791
-288.73974394857106,94,1880885
-117.19252714493432,127,1881012
-163.33347294759847,65,1881077
-97.6443093728148,126,1881203
-132.19128607852275,100,1881303
-433.06658803956515,128,1881431
-90.30444187744237,135,1881566
-67.75746605541917,87,1881653
-173.06602863465372,113,1881766
-180.93476799184714,99,1881865
-15.696505174273241,107,1881972
-474.5428962160486,98,1882070
-155.65147958785883,94,1882164
-190.36427253793912,114,1882278
-167.42470207845207,136,1882414
-191.46448128080132,88,1882502
-199.45810660325077,118,1882620
-82.03909108645264,65,1882685
-115.37607941837547,85,1882770
-227.04477524990654,77,1882847
-299.97529296049026,120,1882967
-281.6727608540374,110,1883077
-105.66292237899233,73,1883150
48.928007033060965,95,1883245
-106.38654667884519,70,1883315
-66.1714547093808,78,1883393
-75.59202202542424,65,1883458
-356.7830751207895,138,1883596
-175.29468111629092,81,1883677
32.279782209711925,121,1883798
-50.65099328274947,70,1883868
-93.1029018208971,59,1883927
-326.5435329272216,93,1884020
-133.66449357129414,70,1884090
-79.21243044013818,73,1884163
-235.1577685118284,89,1884252
-115.80026617359206,94,1884346
-252.43514219850908,108,1884454
-222.17666886589979,118,1884572
-191.2665406346782,64,1884636
-333.0148509324554,116,1884752
-31.185563064345985,92,1884844
-219.32531095834514,73,1884917
-113.57296388202278,77,1884994
-70.45424774837839,98,1885092
-111.23325605755227,68,1885160
-72.18395431086455,74,1885234
-474.20778029349685,153,1885387
-198.37853332965963,122,1885509
-349.1166120427006,93,1885602
-211.6770438322567,55,1885657
-157.9692655360771,113,1885770
-307.21368542779317,92,1885862
-285.612709657706,153,1886015
-356.07425428465257,98,1886113
-109.56190081362554,62,1886175
-392.5067775595342,106,1886281
-328.38569750055035,108,1886389
-205.81596604733744,85,1886474
-284.32453699314055,109,1886583
-75.85895686123315,98,1886681
-141.23700986564674,113,1886794
-209.22831790437368,81,1886875
-135.63796151994882,71,1886946
-340.2456631213778,144,1887090
-99.7544488662623,81,1887171
-287.6143098041597,95,1887266
-342.2078402151467,96,1887362
-79.84246142516405,75,1887437
-251.75225982475692,100,1887537
-180.53534634730715,99,1887636
-102.79881324338216,65,1887701
-161.8914806808934,106,1887807
27.00738047056791,123,1887930
-153.7298605060102,105,1888035
-173.47168646068215,61,1888096
-84.12113132166716,62,1888158
-151.73698292948387,131,1888289
-84.49121935602575,67,1888356
-336.84720443841826,73,1888429
-94.2892352555732,70,1888499
-247.74560643131662,91,1888590
-248.88531815947283,65,1888655
-185.0032346610058,123,1888778
-129.57746579471973,84,1888862
-122.06368698553439,62,1888924
-103.65347123607644,146,1889070
-68.8911239589391,59,1889129
-148.92773204909366,90,1889219
-155.86376190676657,127,1889346
-133.21558044427138,81,1889427
-271.950571685716,73,1889500
-134.6444242570239,106,1889606
-89.83365888235747,77,1889683
-289.0180283177163,90,1889773
-337.51382547734386,78,1889851
-335.5957363349836,83,1889934
-171.2526774129119,78,1890012
-142.05297940079828,107,1890119
-241.68836316802464,94,1890213
5.3299735091053435,98,1890311
-99.0285251767564,76,1890387
-90.3031645491684,121,1890508
-117.620285070883,81,1890589
-450.2862736004976,102,1890691
-111.93290540907802,112,1890803
-98.55996781759603,87,1890890
-251.89996512002537,108,1890998
-106.40671583979214,126,1891124
-347.03961410815293,117,1891241
-130.61772416812798,111,1891352
-102.80065529597306,87,1891439
-399.4062665979942,116,1891555
-22.36050472784642,166,1891721
-57.59215566699993,72,1891793
-152.3051534869568,74,1891867
-447.0915602206124,113,1891980
-74.9714753840548,73,1892053
-204.4482505966296,104,1892157
-107.6748492618072,57,1892214
-152.70783831487745,143,1892357
-147.6015657328019,124,1892481
-348.24508949152437,100,1892581
-340.64911615260945,97,1892678
-14.481587511683514,102,1892780
-140.39855418028853,99,1892879
-207.13771266606358,135,1893014
-392.17303684286554,99,1893113
-167.2631919181033,113,1893226
-255.98872423123805,108,1893334
-490.89937421574723,102,1893436
-175.51925009921112,68,1893504
7.476031690500278,99,1893603
-258.9443553489792,116,1893719
-89.3497697390675,65,1893784
-110.68501637019372,79,1893863
-242.8121261178615,101,1893964
-95.7691951188404,67,1894031
-110.67106521486933,119,1894150
-300.8723642996997,96,1894246
-201.287319412903,71,1894317
-263.5493299515866,128,1894445
-341.5177868125735,118,1894563
-394.8552474010489,121,1894684
-269.4634776657833,110,1894794
-130.754318950317,127,1894921
-238.8909024624824,111,1895032
-125.79850912615001,92,1895124
-291.9184046084018,139,1895263
-102.97957550075576,92,1895355
-143.62189720001285,99,1895454
-248.96011330408365,105,1895559
-240.81037185237545,88,1895647
-125.51309865550702,72,1895719
-287.15110531501773,79,1895798
-97.18262943505292,76,1895874
-71.94286130660328,91,1895965
-259.6304061283809,102,1896067
-292.9757475722839,111,1896178
-82.51869036516979,60,1896238
-93.79977855854989,121,1896359
-115.12828101496595,109,1896468
-102.9917340917321,129,1896597
-206.9927377946742,126,1896723
-77.81361981429555,64,1896787
-195.55979799583776,88,1896875
-241.38122543356616,90,1896965
-219.64899642181717,118,1897083
-69.95203023052396,75,1897158
-151.91107217318685,77,1897235
-185.42990879568364,124,1897359
-32.42658052383857,101,1897460
-445.06239263678697,107,1897567
-14.904627163857299,75,1897642
-59.88778427148772,92,1897734
-68.67405754704582,77,1897811
-97.85757771773528,104,1897915
-420.8520189146024,104,1898019
-109.08626422382326,72,1898091
-109.6948907203739,66,1898157
-98.29528502689513,80,1898237
-166.96931311424026,105,1898342
-134.2621770442104,85,1898427
-314.4851786114702,107,1898534
-129.13545445707683,94,1898628
-366.6683625103477,83,1898711
-368.3102881534228,77,1898788
-326.9731780726219,104,1898892
-115.82396268453444,92,1898984
-277.15548035787987,99,1899083
-28.772724433288516,83,1899166
-297.445170634888,90,1899256
-347.2454126379282,118,1899374
-92.37696987637426,59,1899433
-93.05731380579694,63,1899496
-228.75684109261587,122,1899618
-131.03679091248645,88,1899706
-119.38637999623442,74,1899780
-110.06765527684854,65,1899845
-151.48954921487578,84,1899929
-100.01952473448209,86,1900015
-154.29139692905488,68,1900083
-188.2559870248255,68,1900151
-175.23722896310542,77,1900228
-231.50822680153456,72,1900300
-200.64276678152686,114,1900414
-344.04835142489566,75,1900489
-436.32484887007365,86,1900575
-157.9582033368164,116,1900691
-106.39366411863553,109,1900800
-102.27347406746507,80,1900880
-96.70932794345315,84,1900964
-136.34134362039424,80,1901044
-389.92753931266617,104,1901148
-422.9160899388529,134,1901282
-297.0992094948315,99,1901381
-10.08996016491298,126,1901507
31.3597009788474,93,1901600
-151.0035377060745,87,1901687
-232.97196783445435,97,1901784
-312.93535813775304,92,1901876
-143.74975115499666,136,1902012
-157.6654491126884,108,1902120
-111.90387921463378,105,1902225
-88.57047445078177,67,1902292
-290.10895117307473,86,1902378
-93.06024741727812,125,1902503
-128.5871558454809,117,1902620
-260.82313139813346,79,1902699
-111.57245164336909,89,1902788
-269.0362236123142,115,1902903
-54.088829762429114,69,1902972
-74.86332127456711,58,1903030
-144.31644161423048,63,1903093
-389.2213535182032,126,1903219
-81.9277316713188,68,1903287
-139.096756513113,64,1903351
-80.81465863992489,95,1903446
-224.38863569833111,86,1903532
-138.53005186889683,108,1903640
-150.27090137705983,97,1903737
-104.0053786601364,61,1903798
-125.55609493809578,64,1903862
-110.6853533368491,74,1903936
-103.92343968299082,67,1904003
-385.27486688758637,119,1904122
-93.45788095310459,73,1904195
-120.34268224454725,130,1904325
-136.47830224420628,63,1904388
-283.2944157367924,82,1904470
-79.00595494460333,118,1904588
-468.16138707542245,81,1904669
-213.20749257106507,120,1904789
-212.97515515154265,72,1904861
-242.88020608014583,105,1904966
-108.29508538250943,68,1905034
-125.34445751523427,75,1905109
-138.37867088461766,80,1905189
-67.51784491186841,66,1905255
-447.44617975451786,109,1905364
-78.51844539108838,73,1905437
-173.2325626787137,62,1905499
-66.34588839697751,71,1905570
-326.5162160998617,97,1905667
-152.84328932078347,92,1905759
-130.9753046297531,83,1905842
-98.46189658098267,78,1905920
-113.67855311033803,110,1906030
-253.13440112452818,81,1906111
-373.0402951610386,103,1906214
-92.64644539953817,93,1906307
-378.7367267908443,123,1906430
-166.87288227802335,98,1906528
-295.25271571902726,91,1906619
-211.3226410581695,93,1906712
-264.486297684605,131,1906843
-270.7247599038906,88,1906931
-366.149474789444,93,1907024
-285.6323840142161,78,1907102
-228.45465911557483,104,1907206
-356.59309219498806,93,1907299
-148.7978965895785,111,1907410
-92.28999115879131,73,1907483
-159.43862647712302,90,1907573
-276.78723083231563,68,1907641
-115.90997561663158,128,1907769
-198.2801452566638,78,1907847
-339.7259232206092,121,1907968
-104.23106212647227,122,1908090
-102.0032206163917,101,1908191
-202.60865593022476,69,1908260
-166.79318000518188,122,1908382
-65.4951111697886,66,1908448
-151.42079709400616,91,1908539
-124.73329793608515,72,1908611
-217.46544710800669,108,1908719
-380.1173778565853,98,1908817
-131.47231306191475,103,1908920
-91.32167220221098,65,1908985
-230.6726371349378,125,1909110
-252.17757907889165,108,1909218
-230.728946595823,103,1909321
-144.4002839046931,76,1909397
-226.87821065822328,76,1909473
30.87087938668148,82,1909555
-72.12182053055082,84,1909639
-71.21175792068078,80,1909719
-179.60535651966705,60,1909779
-122.51358258941075,93,1909872
-135.38175311373192,72,1909944
-81.89506088084707,74,1910018
-109.56298998707456,118,1910136
-157.08766753742594,84,1910220
21.35701953109738,81,1910301
-102.5682217525188,71,1910372
-95.51074814548392,65,1910437
-236.15034033687925,121,1910558
-351.86724451083114,103,1910661
-182.5690935706143,100,1910761
-299.35547546158915,84,1910845
-74.29522685707276,77,1910922
-275.1808558437049,99,1911021
-66.86326033716061,68,1911089
-188.03330134450692,64,1911153
19.871932864240136,85,1911238
-97.36590219789869,80,1911318
-42.43774210707551,63,1911381
-237.3195740005783,72,1911453
-450.95137889035936,171,1911624
-72.65660644405207,106,1911730
-150.28492818795587,109,1911839
-171.18043204961265,102,1911941
-90.71302806101859,78,1912019
-123.31277018394218,69,1912088
-124.20546825126752,73,1912161
-96.9908015107099,92,1912253
-282.9022412636543,86,1912339
-120.3843892166759,96,1912435
-121.5303193136314,96,1912531
-183.56871409637392,78,1912609
-168.96468766333317,74,1912683
-2.851983748269433,114,1912797
-114.60860122523577,81,1912878
-109.45626630031109,120,1912998
-281.8375652627507,91,1913089
-182.03811394284594,104,1913193
-122.62045244400187,110,1913303
-138.86709792160318,59,1913362
-467.24074061831084,90,1913452
-307.9994971508356,98,1913550
-366.11692167884394,98,1913648
-335.9546774955598,131,1913779
-274.366797714795,97,1913876
-162.68551032080939,94,1913970
-212.47089943659535,67,1914037
-203.69657347149155,80,1914117
-277.9604871303432,132,1914249
-72.23614416614578,68,1914317
-168.56855736914076,63,1914380
-334.77404293158366,91,1914471
-93.3197642126505,91,1914562
-448.7781142262201,78,1914640
-245.9565936791969,130,1914770
-436.3335040392896,106,1914876
-307.9924435446843,124,1915000
-147.79788826544984,71,1915071
-420.65047417952843,121,1915192
-214.64282012742032,118,1915310
-329.0870842021484,64,1915374
-108.07280983303332,75,1915449
-349.5104980247927,100,1915549
-66.06899639241288,61,1915610
-79.28910310959267,126,1915736
-117.10452604546316,73,1915809
-496.29216814321194,99,1915908
-118.16695235074701,80,1915988
-111.60596154588481,81,1916069
-111.01785816029937,113,1916182
-149.9047715376046,93,1916275
-162.288736772466,81,1916356
-188.5339212414197,94,1916450
-126.72582733141174,100,1916550
-233.1414942537572,105,1916655
-112.94235229982633,69,1916724
-139.83571584567846,70,1916794
-271.8399346092493,90,1916884
-268.8068494248532,67,1916951
-119.1260196557831,89,1917040
-113.55688857021657,82,1917122
-104.1370426490536,124,1917246
-119.40681988942146,74,1917320
-405.92813920228133,98,1917418
-369.5285038624525,101,1917519
-223.2712686165881,80,1917599
-108.94173089550485,90,1917689
-409.09664561905055,103,1917792
-405.58820100940227,123,1917915
-117.45612260074772,106,1918021
-134.28664240424072,90,1918111
-290.50399972384895,83,1918194
-83.83891804202614,110,1918304
-105.0027357466418,91,1918395
-195.80695417634598,90,1918485
-239.14697935893878,92,1918577
-126.62520627398771,78,1918655
-411.9649562043336,89,1918744
-115.81580498404355,75,1918819
-138.93534002282934,81,1918900
-121.1309436387077,100,1919000
-124.00013494305179,114,1919114
-77.4375488746583,71,1919185
-71.65479241120232,89,1919274
-279.5799846265204,96,1919370
18.925397704254735,83,1919453
-221.4619464610205,150,1919603
-299.1520876840593,122,1919725
-148.74777541246723,96,1919821
-157.7731439986813,75,1919896
-185.34936645282403,66,1919962
-373.9267188969044,122,1920084
-110.76181709404476,85,1920169
-88.56297721110006,97,1920266
-105.29952948628258,73,1920339
-136.27873561780024,77,1920416
-196.80140452138662,106,1920522
-54.24379313780335,130,1920652
-342.11245038126276,100,1920752
30.936041935388488,93,1920845
-312.6172194125603,103,1920948
-148.43727396417646,79,1921027
-164.7869487893538,63,1921090
-98.59665091679445,58,1921148
-219.4746568699535,108,1921256
-413.3165161223943,122,1921378
-228.46500377390007,65,1921443
-213.78080983487723,105,1921548
-381.1283330397346,94,1921642
-181.71553390764214,63,1921705
-434.5405267157032,93,1921798
-438.6217073678369,92,1921890
-121.85228967357217,93,1921983
-123.7712840168961,106,1922089
-99.5185447626017,116,1922205
-151.0932377923687,146,1922351
-124.41853284894866,89,1922440
-302.73229447093433,95,1922535
-95.95006699024854,54,1922589
-195.6254298102166,118,1922707
-17.570620304551653,98,1922805
-132.3685920804178,64,1922869
-59.902656402114964,64,1922933
-104.44922799051301,62,1922995
-185.78298495353664,112,1923107
-63.319793924920305,66,1923173
-201.308756021292,70,1923243
-20.726190750587563,96,1923339
-176.4551641032183,86,1923425
-129.4571192905825,91,1923516
-490.06377428315534,76,1923592
-223.38016112804368,105,1923697
-108.57008841377994,75,1923772
-202.33755138572343,67,1923839
-123.3314456919338,88,1923927
-108.12846903453737,85,1924012
-205.0715813813373,74,1924086
-100.52346704129917,69,1924155
-200.48755613827052,75,1924230
-320.83233316930955,112,1924342
-102.81138679157098,64,1924406
-109.63734629662196,66,1924472
-160.63737517953598,140,1924612
-312.1334973176722,70,1924682
-176.65186472160656,117,1924799
-133.45714895339256,105,1924904
-432.979869883509,86,1924990
-108.72976527135586,86,1925076
-126.45692589125554,93,1925169
-177.53872884693126,119,1925288
-398.16763138632945,116,1925404
-190.50662208973793,71,1925475
-115.53793107140234,73,1925548
-112.52687559813653,104,1925652
-139.50346361474814,77,1925729
-140.18542308513122,82,1925811
-86.98960558969749,126,1925937
-110.93940280146893,77,1926014
-299.6036953819239,114,1926128
-315.5354524882352,101,1926229
-154.04084581170068,114,1926343
-426.27833120451606,111,1926454
-119.57296335285845,98,1926552
-257.50226620211856,134,1926686
-67.35838371673873,88,1926774
-329.44184550504497,98,1926872
-56.78321071719663,70,1926942
-170.34115542778977,121,1927063
-183.4212194278324,57,1927120
-254.0386284690323,92,1927212
-103.45518230290274,104,1927316
-337.28178576882476,97,1927413
-73.9397366056465,74,1927487
-274.7271719224949,95,1927582
-109.77122596208518,96,1927678
-241.10966762569586,84,1927762
-78.58989925687595,96,1927858
-463.268780545486,124,1927982
-323.6052767501846,159,1928141
-82.78717344162914,126,1928267
-108.86260302701515,91,1928358
-93.2242140300898,83,1928441
-117.30963516655724,114,1928555
-400.9039190596717,101,1928656
-114.84861188851819,120,1928776
-309.3227175974381,124,1928900
-147.63782774120395,103,1929003
-83.33370919774646,72,1929075
-160.4320374690962,106,1929181
-55.566677380510825,85,1929266
-210.02893470564888,98,1929364
-108.88177511793002,103,1929467
-104.0283341706233,134,1929601
-385.3363384974583,81,1929682
-225.1108955592228,96,1929778
-131.19552186610696,111,1929889
-194.2214698089886,127,1930016
-326.4665053711417,106,1930122
-93.6337299012233,77,1930199
-259.7230894263035,80,1930279
-127.69339944260594,121,1930400
-221.25071303539173,103,1930503
-290.86565213572914,101,1930604
-104.18723002861543,106,1930710
-129.35348353927947,72,1930782
-156.69044056667883,80,1930862
-255.75330418364763,68,1930930
-103.863947842205,91,1931021
-129.5995647116095,89,1931110
-280.90547156239086,90,1931200
-249.12879269306808,116,1931316
-80.06145891080729,65,1931381
-96.82861057047148,60,1931441
-311.6512531189645,80,1931521
-191.24891661004824,107,1931628
-102.69854707797748,95,1931723
-140.94973467642308,85,1931808
-175.98449848093,63,1931871
-415.45856342148494,102,1931973
-225.09804819695665,113,1932086
-249.48001811253377,87,1932173
-102.81272484363859,93,1932266
-262.1898340574417,79,1932345
-342.90090936334116,104,1932449
-340.95994581009904,72,1932521
-269.6035436240253,78,1932599
-93.84101115776208,85,1932684
-123.24764761773903,98,1932782
-291.2493767373859,92,1932874
-274.87918704945673,115,1932989
-242.88050028622874,96,1933085
-365.5654459178765,95,1933180
-154.80813770985867,102,1933282
-107.59416492415724,90,1933372
-228.98418871287083,99,1933471
-81.39397094645427,58,1933529
-86.34284067771367,90,1933619
-111.36841058706003,71,1933690
-215.93822445113977,72,1933762
-317.45950203148607,75,1933837
-230.8873540714523,73,1933910
-487.98145819276743,91,1934001
-110.5844735440692,117,1934118
-187.28227653848435,107,1934225
-165.94558150471596,123,1934348
-221.80518585578125,98,1934446
-307.8854432280799,107,1934553
-122.24586280123494,94,1934647
-174.67502372423468,115,1934762
-506.14227242457446,140,1934902
-274.9145774158505,95,1934997
-345.8579218012572,106,1935103
-197.02978751477661,85,1935188
-141.77884995653557,59,1935247
-243.47286526842447,71,1935318
-134.08010461898135,95,1935413
-417.60658428894146,126,1935539
-120.65763610718464,89,1935628
-96.40331225491757,69,1935697
-152.71210277854317,106,1935803
-110.64056844366182,125,1935928
-184.7603144535762,101,1936029
-112.99348088183795,95,1936124
-267.4549055732233,89,1936213
-80.66967429527682,79,1936292
-123.52867116088592,64,1936356
-121.57822865517858,100,1936456
-82.37151153423555,76,1936532
-395.2226214514414,103,1936635
-130.48041425625706,110,1936745
-79.9840768759515,71,1936816
-353.728434055264,103,1936919
-95.48340345706264,106,1937025
-75.78626422001429,89,1937114
-195.05794009128132,113,1937227
-459.5987520805036,110,1937337
-179.6721739522779,150,1937487
-60.922353338406644,65,1937552
-117.56793346800816,120,1937672
-88.88389600017605,74,1937746
-148.32802506193016,74,1937820
-184.3305102691266,123,1937943
-265.86367721019315,111,1938054
-107.67923776952324,61,1938115
-283.5466288293662,104,1938219
-215.13717861452932,71,1938290
-156.34914134428004,105,1938395
-113.36577993975985,89,1938484
-315.5381711533909,85,1938569
-192.17130844523172,87,1938656
-181.05223388935255,75,1938731
-355.3007778378639,125,1938856
-169.30433627962083,78,1938934
-131.86204442918321,68,1939002
-89.79910232580893,74,1939076
-86.47310457705834,71,1939147
-467.09058088334007,109,1939256
-337.5844019385845,73,1939329
-248.85734083926332,116,1939445
-170.82647787038013,101,1939546
-102.71132893182254,98,1939644
-66.19382361594944,71,1939715
-97.40950657649836,63,1939778
-212.35787172695836,139,1939917
-94.81854207430038,88,1940005
-285.4804749915448,79,1940084
-343.66633749747325,112,1940196
-257.82004537649834,99,1940295
-94.68603375294552,83,1940378
-111.90613608609416,114,1940492
-91.77137043010458,83,1940575
-110.52702683088643,108,1940683
-130.65083856246264,61,1940744
-105.79264085942484,59,1940803
-382.18229852557556,95,1940898
-119.32022958367395,115,1941013
-164.70783296711028,91,1941104
-231.19824708550257,74,1941178
-138.78461800385082,81,1941259
-146.95605902870867,76,1941335
-369.0389975047861,108,1941443
-146.9039459293266,102,1941545
-67.89314415563373,101,1941646
-359.65229883696895,118,1941764
-85.6925112457172,84,1941848
-69.83525159243665,85,1941933
-384.70287339288006,88,1942021
-171.06389631812837,101,1942122
-232.67269179148576,100,1942222
-39.02264764264896,61,1942283
-161.37445218806147,94,1942377
-140.59659269356098,85,1942462
-154.10378081211337,68,1942530
-86.16065515119526,68,1942598
-200.2542135113768,72,1942670
-138.35102021592843,65,1942735
-223.16857013630235,81,1942816
-99.905162321832,75,1942891
-383.8942615160041,154,1943045
-92.17024192968047,59,1943104
-111.60885487349552,61,1943165
-62.03877145410242,71,1943236
-241.0224637147596,88,1943324
-361.60483290727365,105,1943429
-77.60733963373677,72,1943501
-490.2320606363596,135,1943636
-86.66403494566298,74,1943710
-179.6814789546235,113,1943823
-141.51953832853746,107,1943930
-97.81159234450479,88,1944018
-84.06042756546063,59,1944077
-78.2851210768504,123,1944200
-87.93647074004583,81,1944281
-367.7742961422807,88,1944369
-122.72062561159753,81,1944450
-269.4989394424624,111,1944561
-269.06585425892405,80,1944641
-191.43474319162857,63,1944704
-59.250228131970374,81,1944785
-125.13595119713042,128,1944913
-109.77992815517644,92,1945005
-132.9030502983512,107,1945112
-143.4133750932403,72,1945184
-312.9378100343143,86,1945270
-164.53879365629012,114,1945384
-328.3981175231253,109,1945493
-126.67786790786253,75,1945568
-174.58816784187638,64,1945632
-296.4200278452205,133,1945765
-284.9168066688804,132,1945897
-136.3465628242979,72,1945969
14.802623020922084,89,1946058
-78.25910669839253,62,1946120
-148.014852104117,78,1946198
-177.56914145700688,119,1946317
-180.9955191504191,75,1946392
-153.08437911395322,85,1946477
-229.71635864000157,87,1946564
-152.88967783127055,74,1946638
-219.7610749464535,89,1946727
-241.63866441247993,64,1946791
-379.02022285662406,114,1946905
-146.09742364672948,90,1946995
-206.15506146789042,89,1947084
-76.81109181743975,69,1947153
-226.02908048200163,84,1947237
-70.36999461052919,65,1947302
-134.46270898126886,76,1947378
-213.804829079064,117,1947495
-53.23384476586582,64,1947559
-165.10386158186813,108,1947667
-95.65758324843713,104,1947771
-90.26970738909147,85,1947856
-136.72578692538085,107,1947963
-91.23600511219091,103,1948066
-98.93135656062655,79,1948145
-235.5849006503722,88,1948233
-114.46474849936274,97,1948330
-126.64225076529394,83,1948413
-348.49060785549773,86,1948499
-130.44886680588144,62,1948561
-272.55645414273954,95,1948656
-226.8873272086678,112,1948768
-95.05699141005023,92,1948860
-388.5881177715923,99,1948959
-292.9236181445202,87,1949046
-333.418764881083,88,1949134
-3.8755054872105035,89,1949223
-76.16880705226387,60,1949283
-177.05579750462636,113,1949396
-96.09205003914323,70,1949466
-198.8448158204118,90,1949556
-187.1234178387661,99,1949655
-87.98913602976984,71,1949726
-103.04466697509966,75,1949801
-298.4262628329018,76,1949877
-287.27010851027364,117,1949994
-226.8968420905652,67,1950061
-255.3033705671056,108,1950169
-335.31167239119355,96,1950265
-85.02798760754467,70,1950335
-139.62115240337667,96,1950431
-150.1674779539374,125,1950556
-82.77014706744441,86,1950642
-183.68440525438695,74,1950716
-265.4739738788806,117,1950833
-71.40522919172979,66,1950899
-273.7369557354839,90,1950989
-99.51879912419432,109,1951098
-231.3174267161736,76,1951174
-176.1371031324665,80,1951254
-176.36891134362344,69,1951323
-49.799195448636965,93,1951416
-101.25188433695752,61,1951477
-95.43715027674682,129,1951606
-84.13774768111725,69,1951675
-270.1429744578014,80,1951755
-375.2901858223472,87,1951842
-361.97080421584366,111,1951953
-403.98080611135356,113,1952066
-202.53372651123487,94,1952160
-190.39784481084405,113,1952273
-343.7469586238167,95,1952368
-141.0674280314613,135,1952503
-103.053902096752,61,1952564
-418.12770527686405,94,1952658
-134.88964497308842,106,1952764
-176.94881735114004,97,1952861
-348.17111559941657,121,1952982
-91.04459502801996,85,1953067
-182.70221849430078,82,1953149
-197.59954185823582,77,1953226
-137.8199141834168,95,1953321
-350.9921979364942,103,1953424
-177.89170701901406,66,1953490
-93.25163781887292,60,1953550
-112.00932346493468,76,1953626
-118.0107441683707,77,1953703
-114.33564524215467,102,1953805
-99.63362219103159,53,1953858
-119.85653629365862,75,1953933
-405.95133124639045,104,1954037
-342.3664658425554,95,1954132
-114.73985803715173,66,1954198
-245.46030427137623,84,1954282
-118.72107377533663,97,1954379
-66.94728597974967,76,1954455
-166.1945448453896,66,1954521
-175.4819395403696,108,1954629
-373.737380499347,104,1954733
-249.60793117429336,102,1954835
-120.12115990260303,72,1954907
-102.50689797212162,89,1954996
-188.82405958854852,80,1955076
-118.20480231998712,84,1955160
-171.4107607374536,93,1955253
-69.74531149242686,83,1955336
-156.2046847698581,69,1955405
-317.2113933583663,103,1955508
-110.19811076624167,92,1955600
-78.78924778670147,67,1955667
-161.5442760968171,102,1955769
-80.95761612698531,90,1955859
-105.01710147815724,69,1955928
-276.0996362720033,104,1956032
-115.38973768805253,77,1956109
-224.54100340489364,91,1956200
-103.80788985490071,112,1956312
-139.84004328931425,106,1956418
-319.0357965536897,83,1956501
-91.73913945610484,112,1956613
-105.26315257108347,72,1956685
-224.6888909332266,104,1956789
-291.23146313924804,105,1956894
-158.64784809129475,110,1957004
-223.4015065075876,60,1957064
-392.9892547402068,99,1957163
-152.99082279271576,94,1957257
-116.27853685554764,82,1957339
-212.02714887608067,65,1957404
-90.252077909011,76,1957480
-67.06860940773484,87,1957567
-86.60061042705739,99,1957666
-119.0413942793618,76,1957742
-238.79874642406187,120,1957862
-103.66905835674142,107,1957969
-176.70432668732212,70,1958039
-220.77528173414248,85,1958124
-100.18096530305901,114,1958238
-197.1692443413748,77,1958315
-123.37342716182522,75,1958390
-135.706813725322,68,1958458
-77.63234747984308,64,1958522
-230.5758352921106,83,1958605
-220.06378486203945,101,1958706
-41.44567585448797,80,1958786
-177.12406000821323,75,1958861
-144.53262335663763,94,1958955
-251.60720710092122,101,1959056
-109.81781479872059,97,1959153
-167.56498679617374,135,1959288
-90.16291487628641,77,1959365
-110.44166602539912,103,1959468
-128.80368215213917,79,1959547
-357.14666315068405,94,1959641
-121.19251228057723,88,1959729
-115.79969026346714,103,1959832
-170.78193445231094,102,1959934
-143.53173988377057,69,1960003
-204.5608712716006,106,1960109
-264.8310917489046,92,1960201
-152.4528120390017,67,1960268
-147.7470583121733,89,1960357
-215.51640561820935,83,1960440
-201.70597845270748,132,1960572
-124.15752751062801,92,1960664
-384.4204254484372,88,1960752
-309.761877297513,94,1960846
-128.5626720772493,116,1960962
-109.43904363604253,106,1961068
-82.21706605719264,69,1961137
-101.30097733612783,82,1961219
-168.76504260826502,81,1961300
-102.4576150591136,86,1961386
-257.6609469618355,114,1961500
-209.50583828816872,83,1961583
-124.48264680368995,66,1961649
-129.1765396660482,95,1961744
-236.68411156889132,102,1961846
-71.68372169728528,134,1961980
-115.13402132441098,119,1962099
-154.68149493589738,94,1962193
-268.01583927669117,117,1962310
-117.08491735717571,104,1962414
-64.31466686844152,115,1962529
-110.51691754909899,76,1962605
-326.2241409210435,104,1962709
-283.86679948543167,122,1962831
-210.14416079642507,70,1962901
-222.35072076907636,106,1963007
-84.00973209995627,89,1963096
-169.53284605625439,117,1963213
-467.64795929773396,112,1963325
-167.4813662607902,112,1963437
-241.32982699188253,82,1963519
-117.44145128887207,65,1963584
-466.8993346928319,100,1963684
-126.09839059379418,65,1963749
-109.82722324153077,91,1963840
-330.11861157034116,108,1963948
-79.75355905694833,64,1964012
-264.9513547370598,116,1964128
-123.3634427465121,84,1964212
-252.3778332040581,105,1964317
-170.2164130630141,83,1964400
-104.11242206786153,73,1964473
-150.08681163683227,97,1964570
-102.0263889713763,92,1964662
-89.01707974338318,69,1964731
-233.06821668471915,98,1964829
-295.30474419463,109,1964938
-424.3449330005303,108,1965046
-160.947539684964,99,1965145
-184.23201285300024,90,1965235
-178.16980689190257,110,1965345
-118.3003897405568,115,1965460
-392.9419034410521,102,1965562
-120.43835798361019,83,1965645
-121.1063228589461,110,1965755
-94.71123008317642,67,1965822
-136.11096885062707,80,1965902
-286.3454657307553,110,1966012
-280.75565245961616,100,1966112
-477.991429462896,117,1966229
-366.9226402465544,114,1966343
-420.2223903456879,87,1966430
-350.1520712345575,93,1966523
-41.56376295459622,92,1966615
-174.19675230209694,121,1966736
2.540862008951052,126,1966862
-148.42114536932334,95,1966957
-96.32792161005844,64,1967021
-110.8636247404826,79,1967100
-182.49223286220672,110,1967210
-104.52085874364279,65,1967275
-205.6663035994127,93,1967368
-175.31010755660185,65,1967433
-137.20886761844042,82,1967515
-258.62508167671695,89,1967604
-93.90912734723173,65,1967669
-224.11403664286198,87,1967756
-76.61660477920577,62,1967818
-495.9926593283085,144,1967962
-110.5558886753794,99,1968061
-143.2558762656114,99,1968160
-241.2531519028172,69,1968229
-234.113077279599,87,1968316
-117.94576070873615,127,1968443
-151.5527174087136,125,1968568
-111.96442929328086,81,1968649
-74.7894290899844,71,1968720
-346.8291580073353,102,1968822
-106.9192711838835,78,1968900
-96.89793868713525,104,1969004
-138.86688946185546,64,1969068
-121.62949272604668,89,1969157
-123.1394136063214,73,1969230
-265.06776148958534,76,1969306
-7.681956788110099,98,1969404
-144.91760235408304,84,1969488
-357.22516580250783,107,1969595
-156.9655488294585,121,1969716
-132.95008876592465,65,1969781
-116.93225287633025,75,1969856
-149.17143603339247,75,1969931
-95.34786420821379,108,1970039
-105.24582871548029,77,1970116
-356.20443273535,115,1970231
-79.00692926082274,96,1970327
-100.77671828430807,72,1970399
-168.83280194885003,78,1970477
-109.75909108670692,67,1970544
-123.63499475880067,84,1970628
-111.44827038657279,66,1970694
-330.6848537266079,93,1970787
-98.04562372995672,56,1970843
-170.04974516177765,75,1970918
-222.59008743058556,75,1970993
-340.29155659757066,99,1971092
-133.46166080636016,95,1971187
-360.66689272353267,97,1971284
-313.4547066409567,124,1971408
-126.09371703174372,96,1971504
-91.95070044232506,104,1971608
-279.69992072313903,101,1971709
-319.4743536730939,103,1971812
-300.70769172826215,129,1971941
-240.02935150961233,92,1972033
-344.89063866687195,112,1972145
-124.2118712578366,108,1972253
-186.26505633737358,102,1972355
-211.63030521818524,74,1972429
65.5902096664833,1000,1973429
-284.0864998862324,89,1973518
-173.3892778450323,90,1973608
-103.6896597954277,71,1973679
-71.48335967947523,76,1973755
-68.0464476141186,90,1973845
-202.4972202332862,116,1973961
-192.1073892344026,90,1974051
-46.79136480167648,60,1974111
-197.8745291527541,73,1974184
-420.9039121038232,94,1974278
-119.30123821108243,111,1974389
-233.9133965800638,99,1974488
-80.92967846791834,70,1974558
-138.06215782471634,91,1974649
-182.77112325470043,68,1974717
-356.7834208365426,91,1974808
-100.24224075295368,73,1974881
-250.581752412543,89,1974970
-233.7158497796185,107,1975077
-197.9389187515896,82,1975159
-91.9453179268466,116,1975275
-119.53701351156128,95,1975370
-334.17368937760887,105,1975475
-125.79484389259756,63,1975538
-359.4876520387592,93,1975631
-119.63111990875981,90,1975721
-386.4816771916019,95,1975816
-119.00167292710543,103,1975919
-150.17066451606323,127,1976046
-335.81461068781584,81,1976127
-276.7017573150505,115,1976242
-74.62022700540878,60,1976302
-95.16992778837482,98,1976400
-122.07571910683222,115,1976515
-384.6242757128682,100,1976615
-167.0400933449734,106,1976721
-138.1540544250958,88,1976809
-396.1863561980437,95,1976904
-287.6073624465141,81,1976985
-381.340685632003,104,1977089
-330.6137552370213,113,1977202
-306.1254319477237,171,1977373
-107.64430804939065,135,1977508
-87.3448840902402,82,1977590
-87.22064763166401,107,1977697
-251.56438823017683,95,1977792
-120.54096766905815,82,1977874
-132.7436713169572,80,1977954
-89.25690554112958,63,1978017
-388.3800551270532,85,1978102
-131.95105262420225,137,1978239
-313.2052889509505,107,1978346
-352.8994253993078,107,1978453
-96.44103347225204,121,1978574
-206.02011480797518,120,1978694
-133.73248152220293,62,1978756
-96.89356206131836,76,1978832
-317.19459470009724,65,1978897
-102.78196847122891,66,1978963
-63.67312542526055,73,1979036
-136.76683755614425,86,1979122
-164.71880856889518,73,1979195
-46.83058540881633,65,1979260
-220.4940781812352,92,1979352
-164.28753493200537,111,1979463
-138.75785175843788,64,1979527
-286.0177325676825,76,1979603
-242.49585454931568,109,1979712
-144.79956043603212,114,1979826
-150.98589544731897,95,1979921
-69.926789066713,123,1980044
-135.74404130243244,84,1980128
-120.95619723113084,96,1980224
-187.3276187177958,112,1980336
-389.7642654229704,119,1980455
-305.40039773268427,96,1980551
54.20396461144588,76,1980627
-186.987936908378,110,1980737
-157.47189553310574,106,1980843
-97.40537152265996,108,1980951
-286.4707873309575,108,1981059
-141.44557511558435,64,1981123
-190.64410937643925,107,1981230
-341.84875895480354,78,1981308
-368.1428870060422,106,1981414
-133.87612462157801,104,1981518
-365.8804102837146,122,1981640
-100.16479091073187,80,1981720
-85.3426237813966,126,1981846
-404.6997826847965,117,1981963
-92.30768008679635,68,1982031
-86.72445664936649,115,1982146
-83.1700230065989,65,1982211
-186.882578431993,79,1982290
-240.57782300483086,117,1982407
-366.7180170934604,98,1982505
-56.39499580159689,99,1982604
-108.97684832880847,102,1982706
-94.02887506106478,66,1982772
-174.64512083928716,91,1982863
-96.77520952467084,80,1982943
-143.61802778672748,104,1983047
-219.03693581299066,84,1983131
-114.50846547021098,86,1983217
-77.30730635575154,70,1983287
-107.22480003359163,80,1983367
-171.98060799953888,83,1983450
-205.0389289261413,68,1983518
-127.36471672510997,70,1983588
-132.3280142454202,104,1983692
-193.93983194067619,69,1983761
-66.72838102175285,73,1983834
-420.8882075511964,116,1983950
-120.21865101528155,93,1984043
-5.745609980908611,140,1984183
-73.91926691576934,102,1984285
-209.52031128115146,86,1984371
-74.23687722235111,58,1984429
-108.44437785921707,104,1984533
-187.19791639030583,86,1984619
-81.74763749553419,66,1984685
-197.30218430588226,101,1984786
-347.6800869005896,103,1984889
-107.30277358637018,106,1984995
-275.4216818206303,94,1985089
-134.36274976957444,92,1985181
-138.8853748527851,60,1985241
-387.41627153912265,91,1985332
-155.4481362688635,93,1985425
-274.2469205479389,85,1985510
-224.35022812804942,90,1985600
-340.4550798118698,109,1985709
-370.4719698868005,102,1985811
-122.30646555599334,70,1985881
-71.08690298466261,61,1985942
-334.2128412398648,105,1986047
-54.46207900547998,58,1986105
-135.33599503211406,92,1986197
-60.995740189664225,68,1986265
-97.734247277979,78,1986343
13.131480532501016,101,1986444
-125.90836055473285,125,1986569
-94.51677699516787,86,1986655
-312.6851956027716,99,1986754
-107.7467832376285,84,1986838
-104.53718653274156,79,1986917
-248.6245827268057,97,1987014
-108.8811185766727,78,1987092
-121.1242450658691,108,1987200
-177.98870629813132,102,1987302
-137.05228418814792,86,1987388
-138.4853737214429,88,1987476
-19.733030335316712,144,1987620
-53.13688003356837,85,1987705
-356.25886586703484,120,1987825
-256.7122380654896,132,1987957
-342.27369665155993,106,1988063
-407.68456005714296,92,1988155
-195.34308078415748,89,1988244
-145.0820270472397,67,1988311
-323.9962077868886,120,1988431
-90.24089681127539,99,1988530
-66.03615481374932,80,1988610
-334.1478213844286,115,1988725
-379.24026139518503,91,1988816
-291.00910552650294,88,1988904
-123.96100920289598,76,1988980
-323.70601862027445,103,1989083
-169.55868679800867,103,1989186
-362.1010160558912,132,1989318
-121.12774296521471,69,1989387
-435.065913047937,94,1989481
-217.2064821222363,114,1989595
-243.97797696125804,104,1989699
-388.7282060202139,81,1989780
-125.81278476118898,96,1989876
-104.35807050790704,78,1989954
-117.36976628159975,120,1990074
-284.06045134335534,85,1990159
-361.46436325508915,97,1990256
-116.88211665860466,116,1990372
-45.924218065878634,62,1990434
-332.6744990411973,101,1990535
-144.1773623311185,62,1990597
-128.36590269773404,63,1990660
-314.68779527000436,101,1990761
-158.66950705056175,67,1990828
-246.86920527833428,102,1990930
-115.5031707010679,110,1991040
-203.26898876838447,83,1991123
-312.02639213893025,98,1991221
-275.4629859873103,113,1991334
-371.6609280600216,85,1991419
-231.8953579587813,123,1991542
-16.978154974968504,142,1991684
-162.90556373631952,74,1991758
12.300623900154434,81,1991839
-80.10577564895296,63,1991902
-134.20142334768212,84,1991986
-303.27178966721067,75,1992061
-243.92236240155165,76,1992137
-93.87646716932296,69,1992206
-130.0868665032496,57,1992263
-185.96518159543683,132,1992395
-198.253458522455,95,1992490
-200.75916142684133,85,1992575
-425.97515783918396,79,1992654
-106.28167961626448,93,1992747
-63.83819742933301,71,1992818
-323.2189629526363,98,1992916
-242.14899883263965,100,1993016
-465.1075130854028,93,1993109
-292.779793042896,96,1993205
-266.62445820304913,72,1993277
-194.87374113932626,61,1993338
-173.98856047861747,78,1993416
-47.014190289347624,76,1993492
-195.25020808518917,108,1993600
-117.89912660893259,85,1993685
-110.3091890710674,73,1993758
-118.96155104936435,94,1993852
-93.0586013755016,64,1993916
-324.6633881067647,124,1994040
-120.12088101336441,87,1994127
-196.09200057564064,71,1994198
-347.4181368272807,94,1994292
-106.70049675877186,115,1994407
-112.87200695870855,67,1994474
-178.24067347266248,87,1994561
-340.67634994641537,120,1994681
-155.93472626040986,103,1994784
-131.04485356407855,95,1994879
-183.06356345817937,77,1994956
-88.71084812443219,70,1995026
-96.90035779667919,114,1995140
-348.121366988502,107,1995247
-117.68775111131896,93,1995340
-162.9349274659089,133,1995473
-290.27416011308236,117,1995590
-98.18807416165777,64,1995654
-82.85964689403852,106,1995760
-70.93578214976975,84,1995844
-50.43034796550438,134,1995978
-190.12730131819364,126,1996104
-66.64780000436281,107,1996211
-87.69102986417658,67,1996278
-130.88111662608497,126,1996404
-519.5315662539441,107,1996511
-161.29083859064417,97,1996608
-247.46758981343814,84,1996692
-349.7579650988807,80,1996772
-382.42677224707097,87,1996859
-64.15725517541112,124,1996983
-263.1152113894765,145,1997128
-139.3486638058283,90,1997218
-139.69926443180077,67,1997285
-119.0612040328379,124,1997409
-61.47382712370398,63,1997472
-141.87901368374693,118,1997590
-177.98419241326962,127,1997717
-71.52034253458618,101,1997818
-111.99685745057613,147,1997965
-106.01508395138856,117,1998082
-79.9774181113014,104,1998186
-158.09267337534146,94,1998280
-52.82467755244852,86,1998366
-285.1932205432993,61,1998427
-78.03531029838874,63,1998490
-141.18723849215584,95,1998585
-89.35448389499403,71,1998656
-149.81738556638237,81,1998737
-230.8938319463873,94,1998831
-143.8323983955712,123,1998954
-138.5084127523396,105,1999059
-411.19416406442895,120,1999179
-116.0123306144063,60,1999239
-196.86092186318302,68,1999307
-388.93271084738114,107,1999414
-78.72488795001328,74,1999488
-144.7680542375301,84,1999572
-388.12203455529357,123,1999695
-244.00497264938804,108,1999803
-122.72839764941091,116,1999919
-183.89168102556792,69,1999988
-248.7923579663787,86,2000074
-85.82631235808879,69,2000143
-206.65423127069474,132,2000275
-88.77555673344754,57,2000332
-123.51959860423968,81,2000413
-86.83433892851468,71,2000484
-154.52020046287723,91,2000575
-104.98079183970323,63,2000638
-59.04595056418832,86,2000724
-315.2404804827114,94,2000818
-100.99703853201757,120,2000938
-68.29306681762586,59,2000997
-172.23574517840154,74,2001071
-387.3101905883937,94,2001165
-75.22178605796252,75,2001240
-600.4967088303266,110,2001350
-145.4947753316645,117,2001467
-187.23456883048766,111,2001578
-520.5620336817826,103,2001681
-240.5444533627292,74,2001755
-173.0079072829423,60,2001815
-128.18817090841944,89,2001904
-193.11996137300468,82,2001986
-97.59520975816551,63,2002049
-303.71974858395527,88,2002137
-7.698401671067103,96,2002233
29.016425167673304,89,2002322
-184.2003380495171,73,2002395
-132.63159520710224,104,2002499
0.45505670517277963,114,2002613
-122.56684841349676,73,2002686
-89.2251609770221,66,2002752
-233.8705138591279,113,2002865
-135.9490506720843,110,2002975
-497.89159069595075,83,2003058
-146.1158058148913,67,2003125
-375.31105500271235,123,2003248
-253.72934452398985,98,2003346
-87.98535230276002,75,2003421
-102.77519169222543,106,2003527
-370.9626923523436,108,2003635
-276.6556405668308,92,2003727
-306.0117073197947,138,2003865
-115.64705761491605,98,2003963
-282.2783599934495,77,2004040
-134.38964590988448,68,2004108
-212.1111428964125,111,2004219
-425.682711299633,85,2004304
-82.9589339388138,64,2004368
-125.93946210867142,69,2004437
-387.81435525998614,106,2004543
-105.2918929432904,69,2004612
-284.4435417631311,128,2004740
5.657960659785374,86,2004826
-437.7061528426766,88,2004914
17.919748983243295,105,2005019
-350.7891203012492,94,2005113
-54.6524380003724,117,2005230
-384.478470306282,127,2005357
-112.41647934411266,92,2005449
-100.97027355272702,137,2005586
-361.66346053894114,84,2005670
-53.97827400286499,60,2005730
-85.38990737454112,59,2005789
-106.98993848502859,80,2005869
-84.89541789184472,58,2005927
-428.114232035994,83,2006010
-87.75788245796784,114,2006124
-75.6001825138944,60,2006184
-226.0949505929209,100,2006284
-121.93740339765483,95,2006379
-150.96238265950967,125,2006504
-237.6246576127639,132,2006636
-81.72341501325891,75,2006711
-283.95211855208,63,2006774
-162.71314764097315,124,2006898
-116.14372212995707,86,2006984
-369.10533858359764,92,2007076
-362.29904825846194,116,2007192
-206.1733826983591,87,2007279
-70.54152423993948,120,2007399
-162.84733872993667,111,2007510
-90.83520870779483,94,2007604
-132.25563925574534,62,2007666
-296.92729592605906,115,2007781
-113.37414286928531,111,2007892
-213.34781278810146,61,2007953
-105.1867508712048,66,2008019
-78.9011210992914,76,2008095
-243.77570023823662,77,2008172
-377.34138747481643,86,2008258
-91.86573442393504,76,2008334
-154.9825274451802,86,2008420
-87.6831050560202,73,2008493
-88.3312244765568,91,2008584
-111.94537162857242,80,2008664
-241.12600408183187,64,2008728
-394.13956145863335,87,2008815
-126.23939589155474,96,2008911
-106.94905955115318,89,2009000
-46.92547883753079,76,2009076
-196.11373916864147,113,2009189
-247.69671021817265,81,2009270
-199.9469863040606,108,2009378
-153.98629409468504,107,2009485
-137.82547192201062,73,2009558
-15.428995477613157,89,2009647
-122.82381199076558,79,2009726
-358.96532708120503,87,2009813
-123.98444755362142,70,2009883
-160.28787034446668,100,2009983
-316.81905927871946,106,2010089
-274.68689782489764,78,2010167
-419.22114443468564,103,2010270
-168.9913045262957,126,2010396
-326.5104569960373,97,2010493
-115.20264045642314,86,2010579
-96.07081624156064,65,2010644
-99.29181777977192,72,2010716
-73.9823934894323,87,2010803
-34.80001836250591,93,2010896
-104.9643714876071,77,2010973
-231.16031267171442,74,2011047
-294.97670353070544,106,2011153
-126.86090950051423,119,2011272
-135.50468509839132,104,2011376
-106.93908364504166,111,2011487
-445.82685413421177,100,2011587
-122.8896746814949,70,2011657
-109.6374195301185,69,2011726
-114.76757165927806,95,2011821
-62.24484422187352,83,2011904
-258.5425382613164,66,2011970
-112.4633977443053,95,2012065
-255.0574710728531,99,2012164
-70.90299273410614,80,2012244
-102.65273644474746,95,2012339
-54.848201120249534,125,2012464
-123.3855608332259,84,2012548
-499.65362783710646,124,2012672
-120.31375488657949,72,2012744
-106.26162611301571,107,2012851
-60.82205060190462,72,2012923
-261.7710920273244,71,2012994
-205.6782498190843,83,2013077
-130.75452442894598,91,2013168
-126.54445149032485,86,2013254
-75.18774488243778,71,2013325
-111.96388739067758,102,2013427
-438.47711627604417,104,2013531
-94.05911740929353,64,2013595
-166.4939762069913,76,2013671
-145.85952200544682,90,2013761
-93.8220638282154,71,2013832
-40.230070555,80,2013912
-136.9465734881681,74,2013986
-108.36653009009594,84,2014070
-98.69122911897344,64,2014134
-356.66208698217423,85,2014219
-105.32663153929025,91,2014310
-129.9140779811883,108,2014418
-415.9364777533299,69,2014487
-352.30312415684716,83,2014570
-437.66846573299125,86,2014656
-45.17015883007674,60,2014716
-97.62857023001322,80,2014796
-236.85082610315126,100,2014896
-56.59119588822756,115,2015011
-237.3619726938438,105,2015116
-306.10295170479924,121,2015237
-140.87445007392589,100,2015337
-74.30019343866128,74,2015411
-158.76958175584824,78,2015489
-116.63473479054106,98,2015587
-303.3440519589549,70,2015657
-77.67492209061706,74,2015731
-113.3962050613824,84,2015815
-250.57891851894982,116,2015931
-82.41533623682747,117,2016048
-206.24901692295873,119,2016167
-75.97809515745328,105,2016272
-121.24662179496387,87,2016359
-427.0043527432612,80,2016439
-132.64056181423572,97,2016536
-133.27095406140285,108,2016644
-118.64336837669204,113,2016757
-207.86791748268803,97,2016854
-172.65303324074085,129,2016983
-330.5941200993875,87,2017070
-262.084853955953,81,2017151
5.2666253660145514,92,2017243
-112.92884264663432,81,2017324
-148.47532314370284,63,2017387
-255.4375655615942,67,2017454
-128.69376692606653,108,2017562
-66.41155043201682,70,2017632
-209.2583664323118,98,2017730
-90.81245603540906,74,2017804
-168.69215485745508,122,2017926
-123.43483909995878,79,2018005
-318.35457233064193,95,2018100
-311.81245281854945,111,2018211
31.786430357201635,1000,2019211
-76.59363737408673,95,2019306
-232.4385601471065,87,2019393
-105.24031515499598,65,2019458
-123.3974665361818,79,2019537
-56.22572276666422,67,2019604
-42.640962548312174,110,2019714
-326.5489124619463,94,2019808
-166.41482754514325,69,2019877
-417.88301452597227,120,2019997
-221.12673660494238,114,2020111
-203.36142617166973,126,2020237
-184.491400235402,88,2020325
-62.86193341384153,90,2020415
-149.58226452414036,77,2020492
-251.9335792741222,129,2020621
-52.180083854939426,61,2020682
-190.76870779658088,77,2020759
-106.29256822538875,61,2020820
-158.22735241146134,120,2020940
-297.66497511208985,102,2021042
-105.18028963011902,95,2021137
-85.55898102812029,61,2021198
-98.80598416034475,110,2021308
-87.06795734416261,67,2021375
-205.70379179538392,82,2021457
-79.63901353113984,122,2021579
-268.68904741158906,69,2021648
-114.28955988573632,70,2021718
-125.31234531774788,98,2021816
-224.23823723077965,76,2021892
-77.6092689310446,63,2021955
-81.33261975535474,81,2022036
-90.14520794321267,76,2022112
-168.29223860544872,68,2022180
-164.9228119844297,105,2022285
-111.4007941649915,79,2022364
-75.50813191332594,71,2022435
-334.2524351476583,108,2022543
-218.08009058074836,101,2022644
-398.51571107785736,126,2022770
-111.82279249532444,63,2022833
-123.57203496784761,100,2022933
-65.74844641337513,85,2023018
-111.46375933394263,68,2023086
-133.85472829645096,113,2023199
-116.71690081779639,74,2023273
-112.17862298211003,121,2023394
-240.85179581558694,87,2023481
-136.52393595229688,129,2023610
-112.53797422511275,75,2023685
-125.98174235053483,97,2023782
-275.62809883815237,99,2023881
-427.38682727151706,97,2023978
-343.70585925623726,81,2024059
-140.15966730065742,91,2024150
-91.51916403844379,63,2024213
-32.884490052990714,87,2024300
-191.66465338831097,80,2024380
-207.84095781865835,95,2024475
-333.47469273479834,66,2024541
-79.37196906676117,84,2024625
-102.00226951696966,60,2024685
-120.01868062620777,80,2024765
-118.37237897502155,79,2024844
-115.38948374324788,90,2024934
-187.5128668395112,104,2025038
-183.7059065617247,88,2025126
-390.0446984743061,93,2025219
-421.2043705900569,120,2025339
-268.58203662237804,70,2025409
-150.02069927377153,89,2025498
-338.42010041909646,148,2025646
-126.93912358449643,110,2025756
-345.3192400269515,95,2025851
-242.61994130216067,131,2025982
-91.31567854847928,94,2026076
-140.45239103567707,86,2026162
-430.73452565835294,108,2026270
-88.47620474965166,71,2026341
-143.85411264385587,104,2026445
26.281259076347624,77,2026522
-141.13967792167318,69,2026591
-130.06071547967224,109,2026700
-96.67901829434535,95,2026795
-82.68839569923583,85,2026880
-228.91977148545982,84,2026964
-584.2244240256838,108,2027072
-368.1589663652857,107,2027179
-201.3935961798622,84,2027263
-81.69597408051955,113,2027376
-376.84051438287366,87,2027463
-354.5849864705619,101,2027564
-83.57766369777801,62,2027626
-121.7554885579824,105,2027731
-265.4145293350364,95,2027826
-253.18164410967722,115,2027941
-272.9202671680975,89,2028030
-242.27490994158205,100,2028130
-327.0413251869958,77,2028207
-144.07224098879541,109,2028316
-181.61005570878865,124,2028440
-191.13520350578295,98,2028538
-341.13635196201557,100,2028638
-101.98849051411771,71,2028709
-83.08771667973504,68,2028777
-112.37014401165389,132,2028909
-427.75470054277076,101,2029010
-109.68318243571603,108,2029118
-125.8982754130285,84,2029202
-248.83736919981195,94,2029296
-153.07490144631237,80,2029376
-273.2388142558792,121,2029497
-79.28286135832253,79,2029576
-99.40304359682318,63,2029639
-234.4946564955118,129,2029768
-405.960568322264,88,2029856
-130.59221907893624,115,2029971
-256.58837406965336,101,2030072
-354.7905857494112,109,2030181
-344.54468158517216,114,2030295
-79.60617517948471,119,2030414
-283.143885911739,101,2030515
-126.98230395161858,89,2030604
-265.750366363496,108,2030712
-104.2660805270305,108,2030820
-308.1343846423782,80,2030900
-104.80839514813799,89,2030989
-123.6124023098916,92,2031081
-150.7993786770652,62,2031143
-254.3849842823185,93,2031236
-101.8445370187942,106,2031342
-166.5197580209046,172,2031514
-111.00823785696751,102,2031616
-131.1503976410346,71,2031687
-83.00316389942432,69,2031756
-499.0590453866824,101,2031857
-197.92692850104083,111,2031968
-64.81274403147442,82,2032050
-91.85677984398953,81,2032131
-101.70427048591088,74,2032205
-52.808354166405266,64,2032269
-135.31095576311847,154,2032423
-128.58326487724548,90,2032513
-70.356692271058,140,2032653
-278.5282431653446,103,2032756
-7.830803139750444,83,2032839
-82.67871090331077,74,2032913
30.562772569153935,77,2032990
-94.68777046321658,73,2033063
-182.52749986162692,83,2033146
-133.99495145676207,92,2033238
-98.15046859807224,127,2033365
-28.258499611723494,77,2033442
-116.37485872151268,109,2033551
-118.72462926756833,87,2033638
-72.0047160302195,73,2033711
-194.77740756073507,67,2033778
-93.52970453150799,98,2033876
-95.53964828431809,68,2033944
-102.28232026411096,74,2034018
-60.41659952331402,61,2034079
-467.780510770776,95,2034174
-162.03690560326305,73,2034247
-57.02257183285362,79,2034326
-228.1777614045755,76,2034402
-185.7813425306391,110,2034512
-142.24752503833162,82,2034594
-215.16445462585813,90,2034684
-121.35526967396612,106,2034790
-143.32778509832292,99,2034889
-208.12381643205543,83,2034972
-78.12049425186578,61,2035033
-99.8293791276088,93,2035126
-184.42328065166342,69,2035195
-207.21745613588473,112,2035307
-203.79380223525612,69,2035376
-212.45353245158117,83,2035459
-119.24833202004878,114,2035573
-154.15236718369317,86,2035659
-174.33346790312652,90,2035749
-128.17694087993223,75,2035824
-171.79592274224933,102,2035926
-212.43708855152536,82,2036008
-359.9441512237194,110,2036118
-237.91068799626706,94,2036212
-123.29135600266093,71,2036283
-137.13923229018377,110,2036393
-194.17388912579628,91,2036484
-57.47510032293349,62,2036546
-82.30170542799198,85,2036631
-223.81696385852376,133,2036764
-251.6047117869213,61,2036825
-217.50822339939555,77,2036902
-211.64860528905285,90,2036992
-261.67707872840344,115,2037107
-95.92097248653705,56,2037163
-114.45875413436512,86,2037249
-51.5806451262805,65,2037314
-259.91445924404957,94,2037408
-95.43707128961081,65,2037473
-128.22545587946652,96,2037569
-307.6206954775654,111,2037680
-145.09844249192633,70,2037750
-140.10046773467786,69,2037819
-277.1268978391737,61,2037880
-326.2428262323588,74,2037954
-229.05605331276365,86,2038040
-376.77948195220324,123,2038163
-102.16168104941804,127,2038290
-284.26058911959234,99,2038389
-108.5733303044164,128,2038517
-76.46556482640665,59,2038576
-123.89162474829175,112,2038688
-105.2604863636798,75,2038763
-118.86487299083842,112,2038875
-336.7851150312821,87,2038962
-63.66002715852868,77,2039039
-351.3830925564353,95,2039134
-80.82211203982651,68,2039202
-371.082638769115,106,2039308
-127.91643866133661,68,2039376
-36.930325780104155,93,2039469
-133.30879923668573,82,2039551
-174.3379148484975,120,2039671
-148.958175972465,108,2039779
-102.62208911192897,76,2039855
-259.49422530452114,101,2039956
-441.0784779771377,110,2040066
-353.91285254284577,110,2040176
-269.2026991878903,114,2040290
-266.1625335208522,103,2040393
-87.26747273850553,65,2040458
-294.4391741630405,132,2040590
-419.00083717278375,132,2040722
-186.51453139210525,81,2040803
-32.86149082280362,70,2040873
-204.26081304511257,92,2040965
-238.294518205147,97,2041062
-165.85557490541862,83,2041145
-320.2261547090592,107,2041252
-79.47220648494545,129,2041381
-304.5088772946789,95,2041476
-160.01564646655265,73,2041549
-348.7660683483656,81,2041630
-383.92929428910594,74,2041704
-78.87786369002207,81,2041785
-159.3599998321389,96,2041881
-282.9895836031932,89,2041970
52.142744528666896,1000,2042970
-445.04963562692694,98,2043068
-301.3979839966505,133,2043201
-119.20598112369018,94,2043295
-222.04295242743427,111,2043406
-302.88600094258743,114,2043520
-128.2971868376718,121,2043641
-166.9322941830541,88,2043729
-68.84308645628448,65,2043794
-337.8605997613414,73,2043867
-473.255322756188,88,2043955
-364.5364240616774,95,2044050
-309.6234869174009,88,2044138
-109.62422991970331,78,2044216
-134.13262980023393,85,2044301
-199.93216098594309,102,2044403
-96.51783655723685,97,2044500
-466.37408133432257,111,2044611
-131.04965765624854,137,2044748
-61.648008746776284,80,2044828
-107.80987547786137,63,2044891
-280.4982440094826,106,2044997
-81.94801233312712,73,2045070
-217.45719487316262,73,2045143
-281.51703839666635,117,2045260
-238.33061468351764,127,2045387
-122.50173599058189,104,2045491
-235.1670942466176,102,2045593
-106.93229875731922,63,2045656
-109.96389179746085,72,2045728
-158.64384048722377,65,2045793
-12.735629624131306,107,2045900
-391.7791947061313,124,2046024
-174.25183079572173,69,2046093
-198.23667399460933,75,2046168
-249.38267816450892,92,2046260
-96.2315272133865,73,2046333
-86.02613724817621,65,2046398
-163.82937862001688,91,2046489
-264.3808504128497,85,2046574
-93.96839280383638,67,2046641
-246.1541378278948,71,2046712
-155.27572396533287,117,2046829
-101.25081885608022,123,2046952
-138.63049328423335,96,2047048
-203.45510027669798,128,2047176
-159.5440593842984,111,2047287
-288.9260129150334,96,2047383
-384.60575048471156,107,2047490
-154.64985281235306,60,2047550
-60.75190969953211,58,2047608
-136.5445136533977,107,2047715
-283.3422500230531,70,2047785
-111.51385733760604,91,2047876
-112.28931191948429,83,2047959
-82.85250946937956,86,2048045
-117.45505417625347,127,2048172
-169.00489923290945,105,2048277
-98.89237013248915,110,2048387
-158.8404339579878,79,2048466
-274.70614127793954,86,2048552
-158.6544537016394,92,2048644
-98.12414596030149,103,2048747
-175.26158443605033,123,2048870
-387.8565960314165,99,2048969
-68.67262514221304,58,2049027
-68.93705274897125,79,2049106
-324.87868466557995,77,2049183
-118.4932153641591,114,2049297
-119.41237561530296,85,2049382
-248.77197644222872,103,2049485
-118.50245709542796,79,2049564
-156.18313944399983,86,2049650
-96.40883678019725,68,2049718
-195.1006906633176,90,2049808
-101.43986634270124,64,2049872
-125.62849212715761,68,2049940
-55.17151388434776,62,2050002
-308.52400600484,92,2050094
-157.38325794842575,74,2050168
-81.48783409177189,77,2050245
57.16380173769085,76,2050321
-77.34339669945912,113,2050434
-288.20610505089945,109,2050543
-320.1809227116837,100,2050643
-132.36679610214514,59,2050702
-287.99217481687384,84,2050786
-425.62667756129446,101,2050887
-130.195531111356,102,2050989
-268.0176872884283,108,2051097
-351.70437968735996,122,2051219
-116.17204283685511,121,2051340
-312.36838276587446,75,2051415
-98.74110601890503,61,2051476
-122.0677890470053,70,2051546
-461.08260985444053,92,2051638
-319.48415411222186,110,2051748
-67.74902321406667,82,2051830
-187.76350115387518,111,2051941
-374.3153802381661,100,2052041
-279.68229669513664,137,2052178
-247.91756810032447,111,2052289
-502.8991938474278,95,2052384
-110.64670604370818,138,2052522
-340.3318790867153,104,2052626
-130.97585789338981,81,2052707
-114.77682077396288,89,2052796
-139.11284790412498,74,2052870
-113.21658864889773,66,2052936
-458.15648740115404,90,2053026
-73.82260389125588,138,2053164
-80.3760213931429,99,2053263
-363.06299047545554,90,2053353
-146.11686708571546,95,2053448
-399.59154894604643,147,2053595
-200.69050249393842,96,2053691
-62.30597587025879,77,2053768
-104.5689909427847,84,2053852
-112.70145364597421,66,2053918
-291.32200394460324,104,2054022
-139.55443881700154,82,2054104
-212.34170468565384,128,2054232
-71.30854024760526,56,2054288
-95.2081909872903,79,2054367
-311.534304801158,90,2054457
-99.27775554672179,130,2054587
-100.648677761064,92,2054679
-122.34571134900717,70,2054749
-233.18245176044525,79,2054828
-102.75892666407564,114,2054942
-166.53116567085291,117,2055059
-101.07282896900972,130,2055189
-43.04364901769989,138,2055327
-394.28514110331565,134,2055461
-367.522260721984,108,2055569
-65.65141818360041,62,2055631
-122.43627026372748,115,2055746
-97.8268963795389,131,2055877
-131.8199345103494,93,2055970
-107.07202486316234,84,2056054
-240.50934485455284,81,2056135
-96.23909275479625,103,2056238
-155.7030138781515,86,2056324
58.07533862168347,70,2056394
-165.40802896814927,67,2056461
-100.16066930147528,65,2056526
-323.5227179702039,93,2056619
-200.86361891280717,98,2056717
-242.13216426405617,78,2056795
-151.88712704543843,108,2056903
-391.9814147921698,102,2057005
-383.76123987432817,119,2057124
-390.93935504862213,84,2057208
-91.60378881379825,70,2057278
-168.11617044010148,96,2057374
-83.68076530152496,113,2057487
-180.02937620257458,92,2057579
-206.47270892703426,122,2057701
-230.79045021435508,89,2057790
-100.60625841010116,79,2057869
-292.14483584623315,75,2057944
-396.116296146251,111,2058055
-125.48365630526958,146,2058201
-481.1442678839973,103,2058304
-368.247911533742,145,2058449
-113.70760566208024,86,2058535
-64.35888705228948,67,2058602
-218.60918517134027,69,2058671
-303.43320422890656,116,2058787
-244.6940344248391,90,2058877
-126.52545133840621,110,2058987
-112.20632241909404,90,2059077
-183.2553674753884,104,2059181
-161.4339422417767,95,2059276
-122.33484899790353,64,2059340
-227.23435923103892,99,2059439
-60.008818515585645,62,2059501
-110.80244743921376,97,2059598
-76.90887434926555,65,2059663
-223.80153030964158,88,2059751
-112.09666405789812,104,2059855
-237.64207272356128,88,2059943
-307.1161207463515,106,2060049
46.971235924378675,81,2060130
-389.30384508750564,100,2060230
-84.24752604689459,102,2060332
-279.07872965471495,75,2060407
-326.2302918826461,98,2060505
-209.6732001269453,119,2060624
-401.0361658090097,105,2060729
-218.03463311085787,80,2060809
-243.52802268973915,84,2060893
-10.232162198052364,82,2060975
-151.39547419191155,92,2061067
-192.70038103153274,95,2061162
-99.4693477248527,112,2061274
-284.6483826965875,132,2061406
-110.90879042003617,64,2061470
-138.09095722478637,83,2061553
-221.56156193392155,95,2061648
-382.3310471444089,109,2061757
-181.5389106868251,102,2061859
-141.62776263929783,88,2061947
-140.31594753760822,110,2062057
-91.17915120253261,74,2062131
-335.3975471408028,76,2062207
-183.740626596948,88,2062295
-96.89322682997062,111,2062406
-201.79119239368183,108,2062514
-358.80947989690765,102,2062616
-287.42578512642774,101,2062717
-123.56785891150162,81,2062798
2.808521734914194,138,2062936
-230.2260961120742,88,2063024
-125.39610177230561,76,2063100
-148.11292227109345,82,2063182
-153.91191836936883,75,2063257
-190.6063485848441,80,2063337
-60.8035337861446,76,2063413
-154.9428129846694,95,2063508
-88.65816680185273,86,2063594
-159.65440164102975,91,2063685
-104.89760042746138,80,2063765
-88.73086114767872,78,2063843
-156.88216260648937,106,2063949
-184.5144154994877,112,2064061
-289.17911447313986,121,2064182
-267.45239230675156,92,2064274
-318.62112215906416,100,2064374
-301.33537429767284,120,2064494
-127.8492834852474,75,2064569
-277.42739770992046,103,2064672
-378.074515621149,124,2064796
-59.87540710790991,62,2064858
-107.32640203118004,81,2064939
-104.2554102924206,77,2065016
-410.69115487191647,89,2065105
-189.16768746500898,121,2065226
-365.0164993624011,101,2065327
-111.04354421555207,103,2065430
-137.4317675362937,140,2065570
-281.00614986780874,65,2065635
-168.63948107974994,83,2065718
-127.91824924595278,116,2065834
-448.14603723075896,118,2065952
-81.56649419684227,82,2066034
-276.0563272087131,76,2066110
-418.81005400912034,95,2066205
-227.8933751261486,132,2066337
-86.4523639372465,96,2066433
-114.01543169460477,143,2066576
-213.2214245131823,82,2066658
-154.75006767748368,89,2066747
-150.09802042907435,75,2066822
-372.19263819156225,104,2066926
-293.4248512783472,80,2067006
-104.91567534735205,106,2067112
-130.99365505429859,80,2067192
-156.46545831416728,113,2067305
-107.1322655856531,72,2067377
-129.65821894445514,96,2067473
-447.0758854176389,110,2067583
-181.66663951802525,91,2067674
-106.71498899016744,84,2067758
-110.01654405930033,71,2067829
-142.9438950020546,83,2067912
-95.38288548177171,56,2067968
-105.61377501789121,90,2068058
-251.57572086609406,86,2068144
-365.47972880979904,101,2068245
-337.8317094710343,92,2068337
-111.21109053550359,116,2068453
-126.8680081956728,106,2068559
-106.51760468393964,77,2068636
-68.71278792093023,89,2068725
-153.5531135359339,106,2068831
-215.32672060451375,67,2068898
-368.7001750615305,107,2069005
-115.95203354027115,75,2069080
-244.4520402440435,87,2069167
-194.76727468912185,116,2069283
-129.3231811169988,79,2069362
-271.96333163688575,102,2069464
-29.590658093400094,105,2069569
-114.37259678697933,77,2069646
-87.40418664250595,80,2069726
-259.2362583258065,79,2069805
-325.80206120429773,123,2069928
-77.9076407814544,64,2069992
-150.25650910577747,81,2070073
-210.68515202212336,66,2070139
-161.2218355699672,79,2070218
-150.03288789600538,89,2070307
-145.37262342781887,116,2070423
-286.376306329262,66,2070489
-105.30908842521639,86,2070575
-62.46244302954578,62,2070637
-99.18750658785105,78,2070715
-261.3381382334826,103,2070818
-20.942966473384757,119,2070937
-150.36990040941873,59,2070996
-119.61018551004024,128,2071124
-117.15574830002512,70,2071194
-122.83413771695302,109,2071303
-108.10404748477394,78,2071381
-175.52454636649125,73,2071454
-393.90972304368296,92,2071546
-336.3981510142445,94,2071640
-89.42817610736387,93,2071733
-112.6556956175986,61,2071794
-187.72647159795494,118,2071912
-30.639538695312737,74,2071986
-426.7605883447775,98,2072084
-344.01570206533063,105,2072189
-112.05621144261096,72,2072261
-87.63579961159166,76,2072337
-120.50916748883367,96,2072433
-316.7552946662084,87,2072520
-181.35455339906724,99,2072619
-170.81902927441743,104,2072723
-412.4466495964408,96,2072819
-79.44941034117448,78,2072897
-430.23069777047965,108,2073005
-131.33654377972422,58,2073063
-88.50550577689667,59,2073122
-210.85082806116145,92,2073214
-235.09458999269086,108,2073322
-137.2881576318576,57,2073379
-100.68916363079546,101,2073480
-69.28891290412294,102,2073582
-132.06286031479507,64,2073646
-108.88206328851666,81,2073727
-82.60478136521513,115,2073842
-167.6875286158812,121,2073963
-401.03296301837224,95,2074058
-292.6699560398422,106,2074164
-75.59166643767179,71,2074235
-46.83773258816602,93,2074328
-421.0941000491657,117,2074445
-168.39346689897306,76,2074521
-113.5952451866745,107,2074628
-258.1352879769927,101,2074729
-58.827832262606705,70,2074799
-136.0939344322214,125,2074924
-77.34982434347577,88,2075012
-353.66092782382486,108,2075120
-255.38183192475228,129,2075249
-244.0896105770742,106,2075355
-256.66249694167016,99,2075454
-231.08558031389265,69,2075523
-131.3352383765266,100,2075623
-189.1726836396336,83,2075706
-253.54664130613767,92,2075798
-377.109370204976,97,2075895
-180.35338337003284,86,2075981
-73.42116849470969,58,2076039
-121.52229796292097,110,2076149
-228.12035919550846,119,2076268
-90.61215449232584,100,2076368
-232.12116945246208,93,2076461
-112.04789528574226,73,2076534
-243.95167436116216,117,2076651
-278.07429257909183,93,2076744
-378.7027786705087,93,2076837
-84.29605595577146,101,2076938
-116.64450650326293,63,2077001
-148.97011808041933,110,2077111
-51.578792028978725,65,2077176
-83.02153342574711,61,2077237
-116.86162953754568,87,2077324
-103.80209210945439,94,2077418
-183.87750202990748,75,2077493
-229.86080196649905,90,2077583
-365.24647761442986,109,2077692
-370.3034320621237,129,2077821
-216.6511513003564,61,2077882
-266.8599782852915,108,2077990
-287.07457319242144,91,2078081
46.30373127496999,1000,2079081
-186.0904037284896,72,2079153
-445.2688242092847,92,2079245
-134.89152966488697,121,2079366
-201.83058217297665,100,2079466
-281.80821372278854,93,2079559
-53.17197023366296,64,2079623
-129.22043966272622,72,2079695
-162.22779205776303,82,2079777
-239.06695448288949,90,2079867
-413.42702904997583,95,2079962
-101.26245842485254,64,2080026
-110.37001804039942,99,2080125
-334.7500677505026,100,2080225
-351.8006602648742,101,2080326
-100.05111345872818,80,2080406
-166.1759624425058,126,2080532
-295.65497241604464,77,2080609
-89.94935674793253,85,2080694
-124.96456450785084,99,2080793
-118.19391045151463,110,2080903
-287.64365124494526,92,2080995
-338.148666479544,96,2081091
-424.82869205778763,121,2081212
-13.851233566844371,108,2081320
-345.70592604425644,97,2081417
-180.7447033342671,148,2081565
-121.3492928611909,85,2081650
-81.51275832769795,66,2081716
-81.41234676702688,66,2081782
-91.33623931898339,76,2081858
-98.002149641271,75,2081933
-13.853810820586219,98,2082031
-79.95499632843735,64,2082095
-316.81468211463687,96,2082191
-154.95257719076028,110,2082301
-536.5988968508043,100,2082401
-220.31818957874088,105,2082506
-163.67748527644832,87,2082593
-284.1725207208163,127,2082720
-162.3367272240353,124,2082844
-137.2658713197293,84,2082928
-120.08353630179323,117,2083045
-108.32135119034888,105,2083150
-115.27438626972946,75,2083225
-232.85276285597155,113,2083338
-135.16931297119748,85,2083423
-150.68036624533238,74,2083497
-28.798911763296076,69,2083566
-101.1621356950846,103,2083669
-187.0830991989154,76,2083745
-453.62273631332926,86,2083831
-111.18027408117243,105,2083936
-123.25170741059996,114,2084050
-73.98860519430258,78,2084128
-83.73881335359759,69,2084197
-104.16307653150838,68,2084265
-530.8708141526538,103,2084368
-87.25727273494374,68,2084436
-227.75335897629617,109,2084545
-71.67538100125775,76,2084621
-438.57625909801163,89,2084710
-115.18790950345709,80,2084790
-233.19178607777792,110,2084900
-298.8511237778896,120,2085020
-108.13495510840002,107,2085127
-186.22094758193288,117,2085244
-242.5011236563803,131,2085375
-105.83761871630271,70,2085445
-176.031166160549,83,2085528
-386.91990489896597,109,2085637
-363.3232968577336,117,2085754
-218.78128955122284,91,2085845
-127.0571309586126,86,2085931
-102.19253328441323,79,2086010
-99.8273897237056,64,2086074
-56.46637656911996,61,2086135
-538.4631386066906,119,2086254
-396.9612444046146,120,2086374
-99.57732797905697,62,2086436
7.769546850673962,90,2086526
-387.1807916964303,130,2086656
-106.40606667384809,62,2086718
-294.77131574877166,107,2086825
-168.5993287263516,110,2086935
-111.01765165721996,115,2087050
-411.2804470275271,95,2087145
-214.6185636929174,107,2087252
-95.06819456718887,80,2087332
-228.63183401952062,62,2087394
-305.64849529684454,103,2087497
-145.76865429210062,69,2087566
-90.87913413276024,125,2087691
-174.05943335691444,86,2087777
-298.40114126719124,79,2087856
-79.85727404804675,61,2087917
-455.80750828583734,106,2088023
-161.17507902861632,59,2088082
-177.34217375664383,102,2088184
-256.6086356069033,89,2088273
-127.9888860884501,62,2088335
-148.32351712575294,119,2088454
-100.28584934683954,92,2088546
-303.7199608489763,89,2088635
-114.86327812941128,88,2088723
-29.744116034766975,77,2088800
-95.57458223866357,71,2088871
-96.22213654247948,62,2088933
-106.39260177027587,81,2089014
-165.17741507141696,96,2089110
-348.8427549398759,85,2089195
-283.5420175365621,99,2089294
-80.20031369466255,101,2089395
-186.71245981590863,94,2089489
-422.8093291536711,83,2089572
-186.82246287058322,76,2089648
-325.3341565102702,86,2089734
-281.4435607908413,72,2089806
-356.6486198884428,100,2089906
-102.02803130748404,85,2089991
-150.85847928913978,89,2090080
-171.22945583342542,134,2090214
-231.19439694635065,107,2090321
-256.3692937056032,72,2090393
-90.97812141778255,98,2090491
-20.58517623166931,89,2090580
-185.8731780818925,68,2090648
-143.3494859487093,94,2090742
-76.96691670228032,117,2090859
-105.21595071265772,63,2090922
-107.51623439084761,76,2090998
-78.84883775152949,59,2091057
-159.56999987001538,122,2091179
-456.0379640598489,99,2091278
-77.96800969078268,70,2091348
-35.453236380757716,78,2091426
-262.43176044540917,68,2091494
-150.0852934902829,64,2091558
-239.45056353436922,78,2091636
-144.6960633131131,85,2091721
-459.3540754941201,101,2091822
-212.45495446323585,73,2091895
-102.28947132996447,72,2091967
-417.6169023374515,109,2092076
-96.23573134141122,107,2092183
-428.09825567162017,86,2092269
-256.19389791017954,81,2092350
-178.26044502329728,86,2092436
-187.6319155847583,116,2092552
-305.45705480799427,148,2092700
-96.1819959356801,70,2092770
-347.6297004799386,92,2092862
-133.40398170085632,103,2092965
-119.63949071765109,81,2093046
-343.2560333197505,124,2093170
-192.8761268511842,104,2093274
-126.65901169963325,75,2093349
-61.93901853427126,107,2093456
-238.45447780269538,77,2093533
-244.01188067781487,122,2093655
-285.0047561753064,91,2093746
-186.4822165292119,63,2093809
-243.3207813822132,117,2093926
-440.3754713405363,98,2094024
-96.73557418989915,100,2094124
-172.5084171229512,103,2094227
-219.09492594953053,121,2094348
-113.8834723483658,98,2094446
-257.481048257153,118,2094564
-106.04705974104391,61,2094625
-113.49459924256895,71,2094696
-118.31824356022385,68,2094764
-300.08631047166614,106,2094870
-121.47774809437206,57,2094927
-177.3344849700232,109,2095036
-205.18101930167762,92,2095128
-164.34445599698836,118,2095246
-88.72048299384085,80,2095326
-69.20598357534531,64,2095390
-262.6755262965128,112,2095502
-127.50440240917627,103,2095605
-85.92379563036722,74,2095679
-103.70572844363323,82,2095761
-231.3414053706523,117,2095878
-77.61915118891056,118,2095996
-475.53701705655425,78,2096074
-106.4299535511885,72,2096146
-5.751742620029432,101,2096247
-128.5150470384863,83,2096330
-77.36974587941576,66,2096396
-58.10888374652407,125,2096521
-142.138312236228,78,2096599
-204.51999003616726,71,2096670
-105.22260978724809,83,2096753
-304.8831892007986,76,2096829
-70.1516089374393,135,2096964
-159.4184967873955,76,2097040
-159.27233070250108,114,2097154
-73.95781128648262,59,2097213
-106.2020684832231,72,2097285
-85.51701497715058,98,2097383
-169.30738420964727,134,2097517
-97.72446916195709,64,2097581
-170.80445072756177,78,2097659
-73.8069188957699,65,2097724
-151.7918487082436,72,2097796
-217.87704521792327,125,2097921
-319.3492936926792,103,2098024
-156.43947990764542,80,2098104
-197.84963690295007,73,2098177
-442.6975323305673,90,2098267
-68.1639566405461,61,2098328
-164.71240145200252,117,2098445
-473.8330569207859,84,2098529
-336.73336184754874,98,2098627
-290.25947462943185,84,2098711
-114.78442347230528,99,2098810
-154.43840196098841,99,2098909
-219.1242473808406,95,2099004
-155.7160757329513,60,2099064
-138.9266924836286,122,2099186
-121.69494511925168,85,2099271
-121.73739946987604,78,2099349
-121.0256397479649,109,2099458
-397.14026161492404,88,2099546
-415.63956213755637,94,2099640
-143.12011169811234,65,2099705
-125.7733329989975,78,2099783
-108.52537473670066,80,2099863
-326.38152456590035,103,2099966
-49.32714996160659,76,2100042
-286.7058553913538,67,2100109
-219.3429831541847,88,2100197
-124.6909725084103,124,2100321
-92.20721228377909,80,2100401
-116.54028630240428,59,2100460
-412.65184998059897,82,2100542
-69.37655264559221,61,2100603
-371.78039672089193,102,2100705
-115.80111505993753,82,2100787
-220.12726836099208,90,2100877
-123.05615245083523,80,2100957
-86.13485902201404,80,2101037
-104.06467208415899,100,2101137
-96.8938746962032,103,2101240
-305.47553606360265,65,2101305
-125.92131327996981,58,2101363
-134.32423858989193,81,2101444
-117.26196660943154,93,2101537
-127.27532821273729,98,2101635
-138.72272381673952,75,2101710
-182.90724577324215,88,2101798
-245.14353203896007,114,2101912
-270.9767294681499,78,2101990
-119.29239451799145,82,2102072
-80.31684509469802,80,2102152
-69.3107689710003,62,2102214
-67.08937208183852,72,2102286
-60.215560394385506,97,2102383
-163.51935899999333,89,2102472
-327.3004424130561,132,2102604
-409.14071377267976,81,2102685
-303.2638002850098,70,2102755
-331.17026937687416,89,2102844
-186.55888068860065,92,2102936
-136.823340815515,73,2103009
-108.42391711611704,81,2103090
-344.9051821417654,101,2103191
-127.10629630574282,88,2103279
-421.97560115306067,94,2103373
-367.9105169644625,134,2103507
-118.16436063969206,130,2103637
-121.66684558696804,107,2103744
-132.04290537402895,101,2103845
-454.9897281297407,109,2103954
-112.0294449493391,95,2104049
-78.90749605723704,71,2104120
-140.26188704185586,123,2104243
-173.89177245788105,125,2104368
-97.21280645966333,81,2104449
-75.96845330875752,86,2104535
-282.0206768779634,116,2104651
-213.79852711961087,88,2104739
-84.55095561059449,120,2104859
-165.15565604252896,64,2104923
-73.2339305139497,65,2104988
-7.9152391974729,104,2105092
-103.47136176917247,64,2105156
-55.333064157900026,66,2105222
-114.56590980292903,90,2105312
-203.40446741465973,100,2105412
-166.19710104603308,58,2105470
-120.4652069711297,124,2105594
-157.70480734936262,125,2105719
-104.44952392041786,100,2105819
-302.0092852748392,134,2105953
-111.77208936378187,78,2106031
-252.71767239301528,78,2106109
-154.49374595894085,59,2106168
-172.19364139067883,106,2106274
-117.79685029007733,81,2106355
-169.63977863541743,77,2106432
-83.07531684368499,61,2106493
-427.71464279072853,126,2106619
-195.01922552026997,84,2106703
-403.3677041089123,110,2106813
-104.99061018448299,73,2106886
-259.5078614651553,94,2106980
-410.8680492240033,98,2107078
-278.01763104148233,93,2107171
-80.89415967908974,107,2107278
-177.82526344202438,130,2107408
-132.6956212700317,113,2107521
-134.51671903258628,96,2107617
-146.01934121678283,80,2107697
-92.11041765087316,82,2107779
-159.03952556907302,107,2107886
-297.9715804854658,105,2107991
-391.7353589476304,86,2108077
-96.91571242972977,83,2108160
-200.4779898875653,82,2108242
-252.90925764120522,101,2108343
-143.5109532574208,75,2108418
-274.4688859411727,94,2108512
-360.73180022188694,117,2108629
-92.427711580613,60,2108689
-225.25065520159347,85,2108774
-92.1665575908948,86,2108860
-189.39227053041435,64,2108924
-200.19482846368982,68,2108992
-96.23227112535676,132,2109124
-146.92776255706224,106,2109230
-142.8578610160172,88,2109318
-345.46749971619374,116,2109434
-112.45576592068429,91,2109525
-94.9795273031756,91,2109616
-34.579070104517385,124,2109740
-119.49710676277837,88,2109828
-144.21990820848094,79,2109907
-74.79461230306173,71,2109978
-94.65473366009792,108,2110086
-106.0196099773722,60,2110146
-83.36077990428194,80,2110226
-223.73532216848804,83,2110309
-238.12020182493262,108,2110417
-274.8346157091639,107,2110524
-146.44312911313992,74,2110598
-343.9788533319828,82,2110680
-139.85821759824995,93,2110773
-124.76103603271648,78,2110851
-190.27252757032238,145,2110996
-77.9006133728673,71,2111067
-190.69088597434413,94,2111161
-251.98494830438975,107,2111268
-134.58880847616015,97,2111365
-459.61358491876246,105,2111470
-406.218158955509,83,2111553
-48.45404195408635,67,2111620
-434.81763150313463,119,2111739
-53.248793517612555,124,2111863
-253.73603580571196,100,2111963
-327.50644910903793,90,2112053
-96.00912834956435,66,2112119
-232.64174090592522,119,2112238
-98.63901020698495,82,2112320
-206.3308393219085,84,2112404
-197.37644929486524,143,2112547
-66.32467842275913,66,2112613
-397.0316997709724,98,2112711
-103.17723519408104,114,2112825
-369.7235749598084,105,2112930
-191.69729210116276,126,2113056
-217.57172227590263,110,2113166
-434.9451216599758,94,2113260
-447.0548560774722,78,2113338
-101.0140494111121,97,2113435
-92.80840669615698,57,2113492
-192.40192539325304,110,2113602
-118.62900204100315,85,2113687
-301.3731656379181,129,2113816
-83.93673068101677,84,2113900
-104.89297381269442,104,2114004
-173.81430081975174,88,2114092
-293.62536366023085,101,2114193
-307.44252228940337,88,2114281
-166.62822731009416,67,2114348
-124.6335772931817,97,2114445
-390.12509587740396,119,2114564
-493.90347086291905,110,2114674
-348.26133556902687,149,2114823
-199.50856740708565,61,2114884
-323.7933013613818,76,2114960
-113.82675409307572,70,2115030
-84.86074067574556,65,2115095
-132.0915338707792,137,2115232
-132.99771661382985,139,2115371
-95.554001759474,105,2115476
-76.93346114698664,61,2115537
-142.76342117007366,91,2115628
-121.15861767335741,74,2115702
-115.65082396119048,89,2115791
-359.64216461699624,119,2115910
-231.82368393885227,88,2115998
-293.2801048789022,87,2116085
-137.0729682106772,110,2116195
-163.24249869882436,97,2116292
-330.2120509178847,140,2116432
-398.62411505300093,75,2116507
-148.4315658017923,89,2116596
-193.2266871726436,100,2116696
-221.8344558538415,67,2116763
-248.89138393648773,132,2116895
-372.74480259035,109,2117004
-244.28409455304165,121,2117125
-127.59492141245315,85,2117210
-41.51145309278024,108,2117318
-88.44069373407018,87,2117405
-174.47761737818539,66,2117471
-134.07255575826335,80,2117551
-266.97298186229807,93,2117644
-341.8750066171415,112,2117756
-124.61522037029687,100,2117856
-100.45516817383981,68,2117924
-242.50327239092468,113,2118037
-90.08182897777138,104,2118141
-154.77253282402012,75,2118216
-143.5138830668932,94,2118310
-190.7588068884678,113,2118423
-127.52855467187928,116,2118539
-309.83881853302125,85,2118624
25.973254672789565,139,2118763
-72.10773507388632,63,2118826
-107.65902560869858,73,2118899
-130.49354810843445,96,2118995
-131.81297017825358,113,2119108
-253.43219291657388,121,2119229
19.164616114481504,134,2119363
-136.4851322928114,71,2119434
-45.35886952210673,88,2119522
-225.51650029620262,128,2119650
-181.93645305381222,99,2119749
-374.81308141090807,110,2119859
-81.23843432474663,116,2119975
-99.59953403437257,72,2120047
-305.2549465048239,105,2120152
-133.2370524781042,120,2120272
-272.0173028634882,104,2120376
-131.37077087956789,66,2120442
-351.6694142165295,112,2120554
-241.3075771346873,82,2120636
-130.62182837734449,87,2120723
-77.59331933658478,70,2120793
-230.7671291114334,65,2120858
-107.83617940573674,74,2120932
-96.87758127750821,134,2121066
-284.4990995572082,109,2121175
-201.57511808277854,91,2121266
-113.52217624966646,108,2121374
-91.63711131171101,80,2121454
-130.93706169819276,58,2121512
-193.88370081063226,84,2121596
-192.8505588507158,98,2121694
-234.65982940748285,58,2121752
-343.5557710985365,105,2121857
-141.0330454985401,75,2121932
-108.97898186994091,119,2122051
-205.29392861024309,97,2122148
-211.5943904369928,81,2122229
-348.79317581004807,104,2122333
-142.08811806548198,77,2122410
-81.12101362170642,100,2122510
-109.61835392750618,117,2122627
-61.90397082876735,71,2122698
-513.1120929594815,154,2122852
-159.3309367838687,113,2122965
-319.53637982986254,138,2123103
14.893681546685144,90,2123193
-367.09444055185224,75,2123268
-101.2397672566889,79,2123347
-306.1297889517929,122,2123469
-437.23194379766153,82,2123551
-55.004403925292166,80,2123631
-69.28110496887216,77,2123708
-362.4995938193994,83,2123791
-357.23775366633987,97,2123888
-182.57693531296076,85,2123973
-130.1749615690946,84,2124057
-290.5442662891784,87,2124144
-113.71844890787246,83,2124227
-96.05837008354747,67,2124294
-206.67508268301896,100,2124394
-101.15434651339635,67,2124461
5.113787514486461,114,2124575
-139.21568182075805,84,2124659
-109.62985518454306,80,2124739
-140.15945637739088,87,2124826
26.035715417869014,116,2124942
-436.6047387576115,95,2125037
-444.7950368721502,105,2125142
7.040435200042182,146,2125288
-181.3608435435553,97,2125385
-102.95419235521979,71,2125456
-241.17248478204812,77,2125533
-158.5876074096127,66,2125599
-95.93266058560397,80,2125679
-271.2602495422226,111,2125790
-97.90900334748267,74,2125864
-96.01330392809756,113,2125977
-307.53849884747945,93,2126070
-101.67528174289208,94,2126164
-366.8326717116065,107,2126271
-120.20384283969202,60,2126331
-69.08645032446373,61,2126392
-90.5480303028717,70,2126462
-261.8952743990676,98,2126560
-164.0481237630468,91,2126651
-96.46571256436766,65,2126716
-183.80799075889468,99,2126815
-285.9363343517715,71,2126886
-146.67080167729097,66,2126952
-312.6042009944345,155,2127107
-137.2939599425187,107,2127214
-377.02093480684664,105,2127319
-124.60469036693021,115,2127434
-110.53989713605142,88,2127522
-424.85195027871424,83,2127605
-67.9420005998704,100,2127705
-124.98332815020991,80,2127785
-74.72454294689746,103,2127888
-72.59199426238747,66,2127954
-153.1446618369031,86,2128040
-317.96213146171385,128,2128168
-417.11704874573957,102,2128270
-487.46075103086395,105,2128375
-86.75193044155534,75,2128450
-70.38774592951863,80,2128530
-137.29723484260987,70,2128600
-249.20234458970398,79,2128679
-10.546766222899024,96,2128775
-185.75627765807758,76,2128851
-158.12861199298567,92,2128943
-68.28250654366254,72,2129015
-148.0092054995207,81,2129096
-220.17582860764594,108,2129204
-154.74663205691,86,2129290
-472.6820658962209,126,2129416
-86.60916861405376,74,2129490
-61.00586807366169,71,2129561
-111.27568586422696,67,2129628
-264.1030371576013,120,2129748
-90.76604722628392,63,2129811
-25.02000916904487,101,2129912
-252.3910040803826,79,2129991
-118.77042326365522,63,2130054
-89.12415033040818,82,2130136
-123.63499366812104,86,2130222
-143.9123946947521,133,2130355
-292.4763889040605,123,2130478
-78.47147461363195,71,2130549
-157.75184370551182,89,2130638
-209.5436273187525,109,2130747
-204.52957750268956,97,2130844
-114.1398190842657,81,2130925
-378.0265966359694,106,2131031
-362.0244491755415,119,2131150
-142.99280324099306,76,2131226
-254.40056826770203,81,2131307
-59.42045125427392,79,2131386
-157.34852270619598,113,2131499
-142.87556078850668,153,2131652
-144.06619457163873,96,2131748
-259.78377521404354,99,2131847
-132.2459954820807,101,2131948
-419.29372427141135,115,2132063
-127.12011982709053,100,2132163
-208.8787232345935,82,2132245
-118.46503993100637,123,2132368
-144.54481360429597,118,2132486
-167.08552355943496,82,2132568
-364.5302486214723,131,2132699
-458.7314628191312,111,2132810
-92.1648578118843,92,2132902
-312.90596419994495,84,2132986
-171.00962569496244,67,2133053
-190.6822645950898,92,2133145
-55.89320026450624,64,2133209
-11.044504821852428,119,2133328
-121.75572202278624,130,2133458
-147.5634082957493,86,2133544
-123.21513725445053,90,2133634
-223.14893052997857,104,2133738
-213.23950139304037,116,2133854
-237.7308654775776,73,2133927
-95.28945178092495,111,2134038
-451.2127344940572,84,2134122
-353.23561123823583,102,2134224
-145.51756921634333,129,2134353
-82.00954016521577,76,2134429
-155.46690803679684,111,2134540
-112.6212985214845,106,2134646
-75.00085521587204,73,2134719
-152.59238234027558,80,2134799
-95.83512367059629,74,2134873
-96.76285686869925,113,2134986
-195.11972708015747,81,2135067
-109.14382734670647,89,2135156
-130.79168228143158,67,2135223
-331.8421197642689,94,2135317
-370.7372303847642,75,2135392
-122.63852060305788,76,2135468
-130.36922546476384,104,2135572
-90.03005485207247,70,2135642
-102.96861031154225,89,2135731
-119.74146943508919,110,2135841
-126.01226708459201,112,2135953
-124.17778978198042,90,2136043
-86.2218842280305,58,2136101
-102.7463223531704,67,2136168
-429.9058255618369,90,2136258
-74.54016279715229,76,2136334
-273.7724946898609,105,2136439
-76.55853185076629,84,2136523
-92.87568523223878,67,2136590
-96.59369706631475,85,2136675
-101.40671571421994,126,2136801
-179.28979698209343,118,2136919
-113.54159050864351,102,2137021
-367.831870366562,80,2137101
-308.7819999276104,80,2137181
-88.74387936540332,100,2137281
-131.83425177622996,92,2137373
-74.58880332775638,85,2137458
-204.71077755934698,63,2137521
-97.43023879423288,83,2137604
-126.20490546779183,69,2137673
-286.53614141774324,121,2137794
3.96159039833816,78,2137872
-125.51023526252777,88,2137960
4.79695288909457,123,2138083
-390.11787253307403,99,2138182
-301.1786855058032,90,2138272
-482.91231685861766,89,2138361
-144.1205201573681,69,2138430
-225.149706233327,79,2138509
-249.74814459619552,84,2138593
-236.81374714051518,100,2138693
-82.18747947966075,65,2138758
-235.87886850022986,103,2138861
-288.5055079294791,106,2138967
-148.17634760420907,69,2139036
-98.54808985424565,92,2139128
-293.0041020862245,85,2139213
-338.4902824450212,126,2139339
-70.67043857252341,143,2139482
-144.96998927343824,95,2139577
-92.49745175495048,112,2139689
-261.9229798922206,100,2139789
-97.40454410986786,80,2139869
-277.45683456236094,94,2139963
-101.16533920552699,70,2140033
-116.03459816353411,99,2140132
-103.9316648697776,75,2140207
-48.20227080810611,91,2140298
-339.21161559100824,78,2140376
-122.50415728290602,100,2140476
-78.0855284707089,89,2140565
-223.4699762041081,112,2140677
-220.026307395451,102,2140779
-182.50455804790084,82,2140861
-75.21134767759537,68,2140929
-306.951191784165,100,2141029
-105.09329202217444,102,2141131
-375.0949764912434,77,2141208
-83.71589526398381,79,2141287
27.661843325165478,130,2141417
-43.62765029811399,78,2141495
-119.67591103730105,73,2141568
-11.025349465738387,85,2141653
-82.16156510033724,79,2141732
-49.52286567059415,64,2141796
-112.76091120839688,68,2141864
-53.04030093537463,68,2141932
-16.38373758288722,129,2142061
-107.25345697248257,103,2142164
-138.23947059971877,86,2142250
-237.42834868999623,113,2142363
-465.8527655607543,88,2142451
-155.99138122231204,70,2142521
-143.08275491614978,85,2142606
-198.66134809134252,97,2142703
-126.72796321742628,82,2142785
-123.35877397788968,95,2142880
-70.75633437782693,61,2142941
-357.8557620859616,99,2143040
-98.36254497557952,76,2143116
-91.36515763717222,60,2143176
-106.32640261014485,97,2143273
-236.87788123046118,101,2143374
-306.89089561024264,75,2143449
-48.83885970189385,76,2143525
-83.03127347719655,85,2143610
-4.378153822211615,67,2143677
-219.82527289636278,115,2143792
-79.57141416467424,77,2143869
30.011289882995698,139,2144008
-123.48353050418791,90,2144098
-149.25108099205843,87,2144185
-120.36386667733636,100,2144285
-149.10856667983563,88,2144373
-164.0380043071827,71,2144444
-120.51602448291545,78,2144522
-252.03201999023713,101,2144623
-71.70634298901302,116,2144739
-69.26150437131858,105,2144844
-179.7018587671893,110,2144954
-134.0957640381863,62,2145016
-172.90289094334662,116,2145132
-386.7064841094329,91,2145223
-186.7620278417893,105,2145328
-154.00367748550264,69,2145397
-120.46277974542139,98,2145495
-90.9408605221018,67,2145562
-136.96149415525005,82,2145644
-167.1690429640635,114,2145758
-209.7156683344868,88,2145846
-141.99562246404676,113,2145959
-110.48474878338973,76,2146035
-71.69603991429705,79,2146114
-81.21916109619282,59,2146173
-176.40140383176237,71,2146244
-89.88029061715145,75,2146319
-286.86366506803756,82,2146401
-84.2192477729008,121,2146522
-271.6496665786359,77,2146599
-373.0346976077656,104,2146703
-154.51363269209227,95,2146798
-260.0553954950718,93,2146891
-183.46692576463977,90,2146981
-126.96215492116768,95,2147076
-198.72500192987795,88,2147164
-83.62523985694665,81,2147245
-118.5730830144852,59,2147304
-127.57820586763924,71,2147375
4.157311214811514,73,2147448
-127.92453834023057,62,2147510
-167.22589392622064,116,2147626
-115.04181335829571,68,2147694
-162.61441700905738,75,2147769
-94.48600813669337,77,2147846
-168.8900750397274,98,2147944
-98.0852008617335,130,2148074
-216.66129836553904,76,2148150
-169.06044056662745,81,2148231
-346.81244536759414,102,2148333
-99.98045689662128,64,2148397
-141.7371709668958,84,2148481
-92.83975087414461,86,2148567
-202.32592662640573,138,2148705
-126.1441216251362,93,2148798
-78.8097768101779,85,2148883
-89.21448413419493,101,2148984
-180.11122348176514,117,2149101
-123.27959044874257,98,2149199
-214.6372083253662,72,2149271
-116.4121068328831,94,2149365
-230.27706045121914,76,2149441
-221.07541648476305,130,2149571
-393.20278549945124,92,2149663
-401.47118978915205,108,2149771
-166.27756199110937,93,2149864
-302.7532683880783,93,2149957
-198.79895668950365,113,2150070
-388.5052226287631,120,2150190
-281.73705806111445,88,2150278
-108.84002945113829,122,2150400
-93.18029141161445,65,2150465
-298.01012643121084,103,2150568
-132.7777849038203,117,2150685
-2.1330879349806793,101,2150786
-283.6048916324286,79,2150865
-107.61031157063739,86,2150951
-516.878664901576,110,2151061
-527.9381623600943,86,2151147
-151.63096012476353,94,2151241
-235.73521832217853,120,2151361
-171.81112760048586,117,2151478
-350.095967811814,126,2151604
-288.8241682521236,136,2151740
-450.67562575158877,126,2151866
-127.64978023289117,77,2151943
-388.84595463543525,115,2152058
-96.98078830422189,95,2152153
-90.67726615933518,131,2152284
-117.523988485102,94,2152378
-193.81483030774646,95,2152473
-106.73658357973963,114,2152587
-214.4259364889578,85,2152672
-441.2031573493957,114,2152786
-119.60621398419038,67,2152853
-188.19990473256672,115,2152968
-378.3504093654198,114,2153082
-231.83375642270678,112,2153194
-328.3456956512954,103,2153297
-96.35649048307741,57,2153354
-105.323745932418,61,2153415
-146.52233727770118,71,2153486
-61.492558122260725,128,2153614
-85.0231840936177,112,2153726
-200.32781706922276,132,2153858
-59.10527587560436,138,2153996
-111.42413544464077,86,2154082
-87.941888235141,61,2154143
23.220313976532807,139,2154282
-460.194432971471,111,2154393
-349.2755903354752,109,2154502
-112.11787326739771,74,2154576
-195.79889192781638,92,2154668
-106.74969809506534,81,2154749
-266.94342878471076,68,2154817
-211.5880655895865,70,2154887
-275.74525988389234,118,2155005
-72.75406404755358,63,2155068
-47.36149110777117,64,2155132
-115.78152288362031,101,2155233
-117.66037821083432,56,2155289
-136.1121932837682,68,2155357
-169.11661310488844,70,2155427
-84.78646898972826,57,2155484
-208.62208826622495,146,2155630
-74.18551038567988,73,2155703
-254.37229569641346,135,2155838
-141.80348057949266,117,2155955
-284.1352588826415,88,2156043
-118.29038041183595,85,2156128
-233.65432790356797,100,2156228
-119.77279130447316,106,2156334
-124.83003079833505,119,2156453
-149.69736105939904,73,2156526
-160.2137277237826,93,2156619
-102.60435182393763,85,2156704
-190.71598837079034,82,2156786
-45.55973056984948,87,2156873
-290.30638567867993,83,2156956
-100.9922717106364,71,2157027
-157.4617719786447,72,2157099
-197.94666542281152,101,2157200
19.557409632638397,80,2157280
-403.4294154564783,124,2157404
-117.0851836380561,85,2157489
-179.05083200129093,67,2157556
-217.83181546849858,112,2157668
-326.3307590819071,103,2157771
-183.79026388795947,83,2157854
-179.48085132150825,63,2157917
-104.4220460983806,78,2157995
-149.09194289637614,89,2158084
-331.5507150415911,85,2158169
-200.89474946088188,105,2158274
-119.3419485089021,78,2158352
-87.5900960294129,77,2158429
-87.3095960436898,78,2158507
-91.06365794522998,80,2158587
-132.06107700301988,82,2158669
-155.80750299098398,80,2158749
-138.50699662743332,69,2158818
-120.79860375054942,132,2158950
-104.55819093452072,63,2159013
-124.94439667584719,122,2159135
-119.2926018350866,79,2159214
-354.76007893662666,92,2159306
-97.11582317082862,71,2159377
-446.5907057035299,90,2159467
-141.32889993559814,101,2159568
-294.03903034718735,81,2159649
-449.3360300935366,91,2159740
-512.5280361745478,117,2159857
-61.68497911977681,69,2159926
-107.51011344112821,76,2160002
-91.97623643244236,111,2160113
-89.84290419460373,57,2160170
-212.21772815939386,98,2160268
-99.3395513406347,67,2160335
-384.38162120118767,93,2160428
-416.7057261704591,102,2160530
-144.21632854520377,87,2160617
-321.9943627038688,97,2160714
-136.92974407666853,93,2160807
-302.66570222541316,105,2160912
-243.84675431196212,87,2160999
-388.5310533367026,119,2161118
-337.45309082947233,97,2161215
-170.08164021274774,104,2161319
-46.16847404922623,92,2161411
-50.83884542485637,74,2161485
-296.3986865356943,87,2161572
-338.867630918756,101,2161673
-125.25382337666724,69,2161742
-196.52107733167523,77,2161819
-115.84976152712781,72,2161891
-85.21578795183571,58,2161949
-206.0515144640948,113,2162062
-281.08634251246093,110,2162172
-127.89172963550979,63,2162235
-154.32798925268895,85,2162320
-372.7523613873402,86,2162406
-280.13177560054226,96,2162502
-113.85202884812787,80,2162582
-118.31540583948234,115,2162697
-135.07340240636853,100,2162797
-254.02538004759975,82,2162879
-62.40289908591279,65,2162944
-107.11622785036843,67,2163011
-331.5408380294465,120,2163131
-107.7859191145869,120,2163251
-191.92539778811908,63,2163314
-372.06658626941925,100,2163414
-187.30436447244486,124,2163538
-76.67563771548564,133,2163671
-174.54104293709798,115,2163786
-113.89676770984997,82,2163868
-207.2550302846226,61,2163929
-56.59163670151491,88,2164017
-72.51585409721042,58,2164075
-14.743137470549541,101,2164176
-131.65746418959128,104,2164280
-319.58024552563006,101,2164381
-140.6964395981364,103,2164484
-82.36280544897855,64,2164548
-427.1603835134869,86,2164634
-156.00601874130552,135,2164769
-154.62639318664074,114,2164883
-396.5530756466739,99,2164982
23.62644836969595,75,2165057
-100.64292549582892,122,2165179
-131.42040511425307,80,2165259
-110.5222990236928,92,2165351
-102.74584200128993,76,2165427
-126.0344181060539,72,2165499
-202.59132866017404,74,2165573
-104.16280962667605,83,2165656
-268.56954753898697,99,2165755
-217.18757435523128,76,2165831
-39.35181113056518,93,2165924
-101.68784635206529,105,2166029
-334.22335820438695,98,2166127
-128.21041073480396,113,2166240
-243.94787577281213,90,2166330
-329.98238001725156,101,2166431
-148.41913166107128,108,2166539
-272.15836641683796,108,2166647
-425.82736546038,101,2166748
-330.0422593900706,107,2166855
-216.5693694814862,123,2166978
-368.9274333021417,95,2167073
-207.01079122635298,85,2167158
-110.39320301914832,69,2167227
-234.43800576960817,91,2167318
-134.8996592130993,76,2167394
-111.34985862235148,74,2167468
-57.941864582882985,118,2167586
-387.1187603629971,120,2167706
-172.97806534874812,73,2167779
-247.0556204302932,125,2167904
-88.46975377645455,71,2167975
-332.09509077412577,88,2168063
-449.89880111504357,88,2168151
-94.02648373931655,69,2168220
-93.48420176063232,72,2168292
-534.4009039725365,106,2168398
-54.63830056824977,69,2168467
-132.5934255348302,58,2168525
-121.70065154729956,106,2168631
-314.1091357553381,103,2168734
-145.73544072774135,111,2168845
-39.56431535960628,68,2168913
-473.7523006842558,112,2169025
-192.4199991330126,63,2169088
-37.63749538951373,79,2169167
-88.58759422340927,89,2169256
-129.97290403884196,97,2169353
-165.7672006309503,92,2169445
-92.68029064735343,62,2169507
-154.2204754082523,85,2169592
-15.476034755883717,110,2169702
-61.675257441919214,83,2169785
-67.51406281027957,66,2169851
-82.4594974627247,64,2169915
-113.54177479645017,89,2170004
-161.25005378819304,108,2170112
-135.94010370456948,118,2170230
-138.23753515407566,75,2170305
-156.8255832809024,80,2170385
-441.29292687714866,123,2170508
-97.67961038427745,75,2170583
-42.13700713563625,71,2170654
-295.9579306198134,121,2170775
-159.10861616100303,81,2170856
-159.4930726670076,113,2170969
-389.53387024578035,85,2171054
-80.47741621249796,75,2171129
-63.87216979196158,64,2171193
-98.09538255049921,125,2171318
-270.12598261211804,108,2171426
-154.96241666880013,88,2171514
-332.1135415826718,108,2171622
-259.19316229599707,99,2171721
-533.0190482842343,127,2171848
-148.0995920048148,88,2171936
-99.40858215892123,101,2172037
-206.1433489178869,112,2172149
-133.03148130415266,92,2172241
-517.008077355373,93,2172334
-102.32467593682291,79,2172413
-107.94625344447782,110,2172523
-109.24964544346787,69,2172592
-465.72926808632735,122,2172714
-191.60894558848426,129,2172843
-176.55435488102648,60,2172903
-199.8662097698355,97,2173000
-52.398758377889294,62,2173062
-231.73751590519905,97,2173159
-123.2081744246308,82,2173241
-148.3012152095952,86,2173327
-114.55911702589117,101,2173428
-164.5793183113773,71,2173499
-119.39066649924848,118,2173617
-144.56970707519582,72,2173689
-198.63089267548423,68,2173757
-213.91812784769826,115,2173872
-397.57343259242305,69,2173941
-77.2479201085853,79,2174020
-164.86105148993764,103,2174123
-521.7973070252053,109,2174232
-513.7516831687936,113,2174345
-205.93309511497938,91,2174436
-178.83256605929296,117,2174553
-99.36729150754451,57,2174610
-149.45357442067353,70,2174680
-119.38708683398377,91,2174771
-110.9471765957733,75,2174846
-196.3001702548043,132,2174978
-79.56357658172045,103,2175081
-136.98340215680963,88,2175169
-162.22015843971604,59,2175228
-195.69348405450995,85,2175313
-81.05605459331508,107,2175420
-91.8524403100036,61,2175481
-359.0150223350221,110,2175591
-88.69110174131882,73,2175664
-70.0003079882348,62,2175726
-283.20059331137713,129,2175855
-222.11991163378772,129,2175984
-84.33188210533315,81,2176065
-442.91326918530683,90,2176155
-85.18688770288132,74,2176229
-89.5453158746472,80,2176309
-129.9142244365737,117,2176426
-312.97168770990805,93,2176519
-57.04437844449194,83,2176602
-92.87333875122766,108,2176710
-14.769364051202558,112,2176822
-94.93694572460717,98,2176920
-224.41571100758935,90,2177010
-297.8994811388766,123,2177133
-117.51550368822063,81,2177214
-103.68076728235837,88,2177302
-4.901310164835962,142,2177444
-355.4821750195135,85,2177529
-173.03516393378993,124,2177653
-54.235694672446954,62,2177715
-172.2995268668413,83,2177798
-115.24493320231915,66,2177864
-105.78619817032299,85,2177949
-162.59050909213522,134,2178083
-121.80036075195791,96,2178179
-391.670579446359,107,2178286
-136.11719050206497,107,2178393
-112.19869707037674,76,2178469
-93.98528070639478,65,2178534
-72.77370092349537,79,2178613
-84.32273531948529,61,2178674
-177.79752356634384,96,2178770
-122.93405624769511,66,2178836
-50.28667977986646,79,2178915
-111.07227475835123,72,2178987
-101.32156391798556,91,2179078
-114.54882948213809,127,2179205
-303.55404177441307,101,2179306
-165.4070443411618,75,2179381
-80.38992015215732,89,2179470
-273.12725683910634,94,2179564
-106.92268690141138,126,2179690
-312.88907928396,90,2179780
-396.80713393911856,92,2179872
-121.44459425350809,98,2179970
-78.72064933087256,65,2180035
-378.2346432773788,90,2180125
-56.30495816477752,64,2180189
-145.77513739415227,91,2180280
-79.33484144469546,64,2180344
-40.868490688689846,65,2180409
-141.48239923945118,97,2180506
-187.29047132256588,117,2180623
-494.2458731541476,105,2180728
-71.27706877994228,58,2180786
-348.2896329845745,96,2180882
-329.11566596211117,96,2180978
-194.90105073787515,99,2181077
-129.92883787997968,127,2181204
-66.99736301460166,75,2181279
-83.50396175435799,120,2181399
-121.3725812502463,122,2181521
-104.15177289604514,91,2181612
-137.5343578186073,69,2181681
-126.34506109636948,77,2181758
-400.27706889543805,102,2181860
-125.06983570101708,65,2181925
-131.05976615967114,90,2182015
-148.90183254349813,96,2182111
-155.38313354333746,96,2182207
-103.43511043163528,76,2182283
-75.3925775462139,70,2182353
-101.81609444071046,91,2182444
-147.60085798248352,69,2182513
-137.92091445995123,106,2182619
-122.08959715081205,91,2182710
-132.2062584438928,64,2182774
-151.3026791161318,99,2182873
-97.56139344227289,62,2182935
-133.47037535107748,97,2183032
-94.92831011542741,78,2183110
-116.89040030810709,89,2183199
-153.48813682666804,70,2183269
-99.00163728363754,57,2183326
-105.16397076342857,92,2183418
-399.1672831906813,94,2183512
-291.0425804726649,82,2183594
-198.24783675997318,77,2183671
-9.730817039409288,107,2183778
-205.38006199865194,99,2183877
-200.26327899237162,99,2183976
-94.52547866329488,90,2184066
-64.99132969567232,62,2184128
-110.15801480035304,80,2184208
-474.20463709420255,134,2184342
-366.5154943345459,108,2184450
-90.1298860113821,80,2184530
-131.3037636970234,130,2184660
-329.68209050341636,97,2184757
-122.54752673144803,74,2184831
-142.28506411847434,97,2184928
-365.43242480352797,80,2185008
-243.94960163718352,88,2185096
-94.58423217643184,72,2185168
-296.90821386481855,89,2185257
-163.54842233837059,123,2185380
-117.75770962068151,95,2185475
-19.070312542499337,79,2185554
-200.34649068383567,64,2185618
-62.80117089868818,83,2185701
-349.33717624243764,104,2185805
-156.20660714325683,114,2185919
-168.00035801711576,73,2185992
-109.67911962378378,107,2186099
-163.2119324826248,91,2186190
-1.9044814367976954,121,2186311
-379.65518395485316,85,2186396
-147.2267079474836,113,2186509
-28.41577423614973,84,2186593
-223.1530179994018,78,2186671
-408.345091031635,97,2186768
-372.2437555451254,94,2186862
-179.2986303388314,114,2186976
-162.18400270557458,88,2187064
-92.95904766218867,77,2187141
-104.95737008741682,86,2187227
-359.52717175165225,93,2187320
-223.63657238596846,105,2187425
-301.1541548480807,103,2187528
-343.7645494953068,99,2187627
-71.85147009091769,72,2187699
-160.2933331565953,67,2187766
-143.16096537928684,112,2187878
-187.08849070544545,97,2187975
-353.9556976979245,142,2188117
-141.42496249365357,85,2188202
-347.91994498978744,75,2188277
-159.40530519310795,147,2188424
-333.1322328237114,114,2188538
-225.10908615103344,94,2188632
-131.57056392572332,110,2188742
-184.55048930502278,104,2188846
-153.34291139930454,102,2188948
-315.13745770019835,105,2189053
-216.91365713195668,90,2189143
-135.6293331969873,91,2189234
-432.194960330958,84,2189318
-245.77966466669113,69,2189387
-72.38066339893075,106,2189493
-134.55410403475395,86,2189579
-96.17953224933886,53,2189632
-123.61052235661715,102,2189734
-92.42783877999972,68,2189802
-157.06188122771607,70,2189872
-63.047898255658225,108,2189980
-223.92874858729718,107,2190087
-282.3387741474062,78,2190165
-284.165730820348,86,2190251
-77.37994192847702,69,2190320
-292.41025040523533,107,2190427
-129.06116682996623,116,2190543
-140.97347110617093,89,2190632
-106.90071687270242,83,2190715
-58.38777385138848,68,2190783
-365.3226806129188,91,2190874
-110.18952357353308,69,2190943
-296.5946716901602,92,2191035
-375.47275785688055,113,2191148
-64.654568715505,87,2191235
-117.77734516687566,104,2191339
-63.70976550904764,57,2191396
-93.7845273503988,135,2191531
-375.796342752531,106,2191637
-125.9740692955682,97,2191734
-92.42629770118626,123,2191857
-159.88337249954083,66,2191923
-136.88680266890304,91,2192014
-252.49679008474752,116,2192130
-97.26780837148165,150,2192280
-198.05318160013422,74,2192354
-249.13723006236094,139,2192493
-480.5087188682354,119,2192612
-204.0027707432131,108,2192720
-115.1707332566976,66,2192786
-193.18756840104086,99,2192885
-98.67969542243893,80,2192965
-53.96741358260753,65,2193030
-65.09959431662446,75,2193105
-93.92943789592464,67,2193172
-205.4610562464577,63,2193235
-115.30345767553808,79,2193314
-124.76166322339377,100,2193414
-100.20593572402232,63,2193477
-436.866283146582,106,2193583
-48.209799594616186,65,2193648
-275.3205146232973,89,2193737
-83.79560156817962,83,2193820
-88.36564030591326,69,2193889
-377.97550895304056,93,2193982
-116.76161462651368,72,2194054
-76.03086873754926,55,2194109
-67.4057494606473,67,2194176
-89.49753396434096,81,2194257
-355.8132172696473,116,2194373
-77.81936731939143,87,2194460
-85.29942893543404,108,2194568
-107.22903147362416,67,2194635
-181.40969208159984,68,2194703
-212.24687551786724,94,2194797
-235.8387212653304,118,2194915
-292.29905447632564,123,2195038
-172.43739535952875,70,2195108
-11.873769985894768,60,2195168
-95.9853877713185,90,2195258
-258.9554320032269,86,2195344
-377.42137978072964,117,2195461
-117.9931037427892,95,2195556
-280.47361017223756,97,2195653
-411.45951597520684,75,2195728
-115.72785567782635,62,2195790
-99.10131783797152,133,2195923
-519.5609150971738,98,2196021
-106.6508375131654,69,2196090
-191.95647466732999,101,2196191
-111.54061232625996,118,2196309
-93.01638840950625,68,2196377
-139.47572530611038,100,2196477
-173.68182469401472,62,2196539
-124.30994496160092,87,2196626
-438.7114240467585,113,2196739
-341.6047879036587,93,2196832
-101.87004830119612,75,2196907
-120.79621656645931,77,2196984
-238.15675170769302,163,2197147
-118.06531374561138,61,2197208
-105.54697724411757,70,2197278
-230.07327988949072,117,2197395
-152.5231349668838,89,2197484
-396.2601066887979,82,2197566
-419.60220454316385,106,2197672
-199.1241037113645,125,2197797
-77.51322526487654,86,2197883
-143.40392407413742,90,2197973
-66.54503772453985,58,2198031
-326.2682774491512,139,2198170
-78.28470692953607,65,2198235
-402.1107052786303,99,2198334
-186.08949847585262,62,2198396
-154.66596046367707,85,2198481
-189.63345426325955,73,2198554
-167.68445355684975,156,2198710
-319.4624960968026,91,2198801
-108.20041365980663,86,2198887
35.18092848755981,79,2198966
-31.08979413480192,90,2199056
-147.34023288213382,77,2199133
-89.30191148905894,63,2199196
17.034089610082248,117,2199313
-237.82285157599574,73,2199386
-191.13560558588003,120,2199506
-124.98558058204,104,2199610
-125.02366250680274,108,2199718
-255.7341767008904,96,2199814
-273.190233334946,63,2199877
-195.67478187590962,93,2199970
-119.4816542073592,104,2200074
-97.97474558832562,100,2200174
-89.48056220589882,62,2200236
-270.8451903118479,123,2200359
-325.2231295036037,85,2200444
-425.066989344903,86,2200530
-96.59782758197893,93,2200623
-40.343308556337945,71,2200694
-123.80442700752818,87,2200781
-170.35206112838824,125,2200906
-246.45496937197248,111,2201017
-399.6116702578072,127,2201144
-312.92759374017146,110,2201254
-218.79665625327794,84,2201338
-235.54543085672307,79,2201417
-67.2085619403284,90,2201507
-331.63289959029447,107,2201614
-139.06302021723053,85,2201699
-137.72117800905266,71,2201770
-78.36988313863854,80,2201850
-207.71793623024047,59,2201909
-321.9157691492816,108,2202017
-219.74863436414307,100,2202117
-70.60122366091267,83,2202200
-341.2983361858794,94,2202294
-110.80872677405716,70,2202364
-282.6095021189132,118,2202482
-93.36543924744362,72,2202554
-333.42259869916506,122,2202676
-191.33385509881094,81,2202757
-156.57761637603915,63,2202820
-323.4123156302171,102,2202922
-104.49677924973068,123,2203045
-201.33886380254978,59,2203104
-170.77529952577254,113,2203217
-445.3493070624594,113,2203330
-367.82704893888285,83,2203413
-424.4209262721522,93,2203506
-447.7673381825484,103,2203609
-76.35087728847704,61,2203670
-329.1294102699876,90,2203760
-116.48241030703976,80,2203840
-329.5463812384205,122,2203962
4.6356408474793085,124,2204086
-437.1983265499114,99,2204185
-410.02916290427146,115,2204300
-127.17638972761324,62,2204362
-285.14363638091197,116,2204478
-117.13314064619509,125,2204603
-338.1596556802236,114,2204717
-71.99772044891074,70,2204787
-321.96400781605564,77,2204864
-361.2075194264738,106,2204970
-157.70847430342644,75,2205045
-204.53154002775938,90,2205135
-128.13702612044796,77,2205212
-92.20298519321405,109,2205321
-122.88771352018742,113,2205434
-327.00919342413613,92,2205526
-215.2442116333038,94,2205620
-148.91230043282502,75,2205695
-112.21771036666827,88,2205783
-320.4654357669986,74,2205857
-416.5113604645675,92,2205949
-333.1507574470091,88,2206037
-187.68592590109216,127,2206164
-82.53471933499824,69,2206233
-565.1389063143129,92,2206325
-216.94113932816668,57,2206382
-157.01913042146379,80,2206462
-257.6105787014865,120,2206582
-84.28042177571479,74,2206656
-122.01729482874264,109,2206765
-117.52489649908244,118,2206883
-162.48778065924492,125,2207008
-164.1183569162117,87,2207095
-118.30215220423611,60,2207155
-82.31546728141814,69,2207224
-132.5246942464256,78,2207302
-157.73527266769736,117,2207419
-408.5195978051469,95,2207514
-120.41101471659837,80,2207594
-363.9293513955569,106,2207700
-80.88860489213788,89,2207789
-33.80225114398074,108,2207897
-106.45979543691298,66,2207963
-320.3725628818742,101,2208064
-17.175191279431132,89,2208153
-162.09019014980578,67,2208220
-120.45810140518243,117,2208337
-97.98113055916365,89,2208426
-104.07083257576366,76,2208502
-385.8777375582778,110,2208612
-355.43811799963873,91,2208703
-127.14328740636573,107,2208810
-88.71184295975195,65,2208875
-86.18619687928678,64,2208939
-247.51015890176663,94,2209033
-132.62336184022018,73,2209106
-104.45778415774498,117,2209223
-92.57166927010461,67,2209290
-82.28236664720237,65,2209355
-257.1552737295777,100,2209455
-418.2905989681523,93,2209548
-140.24993777408883,94,2209642
-126.49905736403375,86,2209728
-313.4182397057764,99,2209827
-178.96817543273892,130,2209957
-124.94703711989317,108,2210065
-281.15540237539904,106,2210171
-224.6695510948843,135,2210306
-151.1618368926621,129,2210435
-238.5897014561629,84,2210519
-112.06695476841804,79,2210598
-120.60640717369466,113,2210711
-224.47321710907914,83,2210794
-341.91614778528765,127,2210921
-141.82772909155995,114,2211035
-104.53137145111495,95,2211130
-85.45202017350547,65,2211195
-241.5557974122915,93,2211288
-92.71584720813127,100,2211388
-238.9578488063702,109,2211497
-96.39257182792491,84,2211581
-332.6064405316337,71,2211652
-268.3512795817573,72,2211724
-123.8483442984768,118,2211842
-242.70999852368493,95,2211937
-191.12113928016777,106,2212043
-315.88486828856344,77,2212120
-135.89293738458338,90,2212210
-69.52025110694225,99,2212309
-299.6831915445494,86,2212395
-320.16091756814666,97,2212492
-229.9245394553863,83,2212575
-270.88239549070033,112,2212687
-83.70468222393922,118,2212805
-87.1352107206066,68,2212873
-269.0473866287148,103,2212976
-256.11490148591827,111,2213087
-91.26693603772569,66,2213153
-300.2804896173699,129,2213282
-106.9267470350796,123,2213405
-87.66554415078117,83,2213488
-105.48206278194769,89,2213577
-74.40016250612551,71,2213648
-241.5946946768866,74,2213722
-314.57447401397684,119,2213841
-190.39558741731457,107,2213948
-193.92779124788683,77,2214025
-136.24075025761485,67,2214092
-375.89292211633347,128,2214220
-231.48617644614907,106,2214326
-152.40232480239501,78,2214404
-288.1903590901242,65,2214469
-340.8417749330598,87,2214556
-105.11701248861019,72,2214628
-379.97154393873086,123,2214751
-127.86415006250334,85,2214836
-110.62794887987921,87,2214923
-275.40047185457456,92,2215015
-238.68772456554066,109,2215124
-74.6610644411659,64,2215188
-232.49034387238683,108,2215296
-52.027147385189124,72,2215368
-226.16581263400028,137,2215505
-127.07293425862933,73,2215578
-124.89037999044996,111,2215689
-161.9921814653243,96,2215785
-81.73664979681307,73,2215858
-353.6385841314586,89,2215947
-118.2023671981538,104,2216051
-312.74014491219964,93,2216144
-77.4850568525068,79,2216223
-118.66971998103453,114,2216337
-232.9995991286942,110,2216447
-152.55041930672974,95,2216542
-415.7735635441006,124,2216666
-118.19118178026335,114,2216780
-113.51052636583373,83,2216863
-331.6446797442703,100,2216963
-119.49304698445633,140,2217103
-105.58793717699605,84,2217187
-18.830057846443665,113,2217300
-119.86278092356307,69,2217369
-135.14060511625155,72,2217441
-138.7657384611051,82,2217523
-283.6716124422028,99,2217622
-115.83347332237457,100,2217722
-159.30785757716941,108,2217830
-94.20850038763535,76,2217906
-110.45222419006812,67,2217973
-252.2182632047014,99,2218072
-159.05278572952267,70,2218142
-83.99814337185893,95,2218237
-86.70015758879158,82,2218319
-100.3365436266682,97,2218416
-176.2038648872227,71,2218487
-186.3742718629794,80,2218567
-430.07185116484425,108,2218675
-136.10680214667212,130,2218805
-169.52993597352662,91,2218896
-117.49416450191211,70,2218966
-24.88562369210966,117,2219083
-132.34309918957567,96,2219179
-132.17749886001576,85,2219264
-137.14087477869936,78,2219342
-120.37777936715088,79,2219421
-154.4514212755151,98,2219519
-93.72539677519211,62,2219581
-177.34064967654032,70,2219651
-272.33862226432683,114,2219765
-128.90422196752328,98,2219863
-64.95912351493864,59,2219922
-223.12898590236688,115,2220037
-235.17788685071335,76,2220113
-153.08927626436966,106,2220219
-156.80672432309882,94,2220313
-404.67382232926616,102,2220415
-254.48786732523251,98,2220513
-64.54194461961548,90,2220603
-119.6263612352021,71,2220674
-411.69855804318286,105,2220779
-84.70895517491628,98,2220877
-109.2707068799238,62,2220939
-476.66219860899156,90,2221029
-96.35813031274219,72,2221101
-106.3116564444362,99,2221200
-256.461470273805,113,2221313
-250.2767707032862,141,2221454
-325.79644172336054,73,2221527
-92.75698917965835,68,2221595
-80.28403730275912,60,2221655
-122.45345771021121,80,2221735
-117.03289618126053,85,2221820
-139.67719637313076,112,2221932
-107.67518652709138,82,2222014
-75.44371303264776,70,2222084
-406.1797236376369,103,2222187
-126.42934086097748,87,2222274
-256.05608621427683,103,2222377
-267.7516407571574,105,2222482
-114.21081507480413,65,2222547
-89.87823298858054,71,2222618
-375.75983900394283,129,2222747
-118.9275790083582,86,2222833
-535.2086390388499,119,2222952
-152.0010894041344,78,2223030
-248.12337119802754,80,2223110
-423.254221133273,101,2223211
-402.70220593757125,90,2223301
-71.44916722557417,76,2223377
-155.19217576693012,62,2223439
-126.6787030856311,78,2223517
-169.41475374762973,67,2223584
-274.6544800436743,70,2223654
-96.50476657689683,83,2223737
-140.85723572760435,97,2223834
-88.18815689799715,86,2223920
-79.17510871160746,76,2223996
-404.6037441662293,99,2224095
-459.48425076509255,121,2224216
-353.2442513572213,113,2224329
-95.96260703666331,91,2224420
-66.68338094652634,64,2224484
-99.86834203073285,78,2224562
-221.30502268981297,128,2224690
-324.5283637573074,66,2224756
-148.50902902873062,65,2224821
-365.0332755119848,102,2224923
-276.8078304901517,135,2225058
-91.28567111014691,81,2225139
-227.0658099227991,130,2225269
-213.2347718751476,115,2225384
-339.3995038581111,98,2225482
-95.98458980309674,82,2225564
-329.24147546743325,117,2225681
-53.487528521452035,118,2225799
-131.1844140318151,84,2225883
-79.5660472308955,89,2225972
-119.3932631187402,82,2226054
-84.89350718139664,63,2226117
-243.21556515351028,116,2226233
-191.73016499789208,88,2226321
-283.8823693336804,76,2226397
-255.12333420815136,114,2226511
-234.39461132389474,101,2226612
-318.32547107826497,118,2226730
-472.44342689944125,99,2226829
-219.97319584870314,94,2226923
-93.29430511067426,79,2227002
-140.19774647699128,97,2227099
-136.77696948203388,115,2227214
-106.02809870329006,102,2227316
-185.43349126748154,69,2227385
-277.01191861355477,103,2227488
-179.0449201507691,78,2227566
-245.0670964511933,71,2227637
-90.36468372404285,64,2227701
-161.65815242035166,104,2227805
-154.27471443365715,78,2227883
-137.73634863120483,75,2227958
-154.76660582909466,93,2228051
-124.8641546532873,125,2228176
-83.74061935299272,78,2228254
-104.02856302034229,61,2228315
-201.21504310773076,98,2228413
-228.72926697585265,67,2228480
-114.91856056575034,63,2228543
-110.69865889593557,72,2228615
-198.5888999395042,65,2228680
-151.0918332775616,107,2228787
-223.51161824082862,116,2228903
5.1974240358646995,77,2228980
-133.50765120040532,81,2229061
-287.6555596813602,111,2229172
-86.83012158834872,67,2229239
-164.86885975190222,79,2229318
-139.33793941552204,98,2229416
-121.72466958089477,145,2229561
-216.7649095735854,64,2229625
-273.1372528457776,131,2229756
-233.41145452284195,68,2229824
-133.76932926038282,93,2229917
-255.46668767098362,83,2230000
-164.52035768447496,84,2230084
-369.9584069809058,75,2230159
-101.52238347710971,70,2230229
-94.56764128639784,74,2230303
-120.2968217106753,90,2230393
-217.0105269689216,77,2230470
-299.2224723183185,104,2230574
-131.64838764526007,65,2230639
-115.99965757007296,105,2230744
-347.53317515922174,138,2230882
-67.13086255008395,79,2230961
-371.6596504565552,103,2231064
-239.7293012926256,116,2231180
-170.43347946846274,104,2231284
-106.24291550548388,108,2231392
-113.84583439133975,70,2231462
-345.0787517901296,98,2231560
-211.19389116130964,117,2231677
-95.90995853946923,129,2231806
-306.606468384065,97,2231903
-300.40116640377516,87,2231990
-61.580857992470044,120,2232110
-243.39371967250355,116,2232226
-95.38036438140719,70,2232296
-128.58917050061035,53,2232349
-339.02925247013854,82,2232431
-316.7767113985239,89,2232520
-66.86221136309986,70,2232590
-208.02733654567373,117,2232707
-69.2461250773417,111,2232818
-117.11238339051796,89,2232907
-444.31980736061627,99,2233006
-12.136903062086034,96,2233102
-62.39805832380725,99,2233201
-168.69225095603167,105,2233306
-184.95183233958215,65,2233371
-357.7913247850339,75,2233446
-179.10380683091037,99,2233545
-130.4166948972459,70,2233615
-135.19326127068902,103,2233718
-407.2788353829423,108,2233826
-90.92777825882835,71,2233897
-166.89655036731335,93,2233990
-163.4269708046205,68,2234058
-419.47453034000205,103,2234161
-149.27041882589006,76,2234237
-110.93355368097136,63,2234300
-147.11641151803676,81,2234381
-93.83131052213218,69,2234450
-120.77894147133694,83,2234533
-405.20614473045157,88,2234621
-131.4831443554081,66,2234687
-141.5849916831543,92,2234779
-260.3630538110009,89,2234868
-137.7074929288749,66,2234934
-281.78305596223265,87,2235021
-168.97927826094946,89,2235110
-142.1220543048139,80,2235190
-132.34470960650333,64,2235254
-122.21480282758236,109,2235363
-85.47178999829706,84,2235447
-155.147029896762,100,2235547
-392.2876590256938,89,2235636
-397.34907885110823,108,2235744
-135.05009258199374,59,2235803
-186.5332839416667,75,2235878
-190.93704229248348,107,2235985
36.0735375989654,90,2236075
-229.28647366890164,90,2236165
-288.78795085790443,137,2236302
-98.71966015653531,93,2236395
-341.2700977541845,90,2236485
5.249397738730082,91,2236576
-81.40362677397805,109,2236685
-150.3319620115733,111,2236796
-124.09832461506066,81,2236877
-77.29964954165516,66,2236943
10.298862606772545,109,2237052
-122.6117759337078,75,2237127
-103.50002700083611,111,2237238
-60.31847051128154,68,2237306
-309.80523434329393,82,2237388
-191.1752932146738,70,2237458
-100.46005600393448,75,2237533
-109.65938291620792,68,2237601
-230.20877795293006,92,2237693
-128.50178361885582,80,2237773
-131.84466613809408,81,2237854
-79.61877180684766,69,2237923
-122.01070569930823,73,2237996
-328.60356488332786,102,2238098
-353.80541019429904,90,2238188
-25.00720458831674,115,2238303
-197.0487451798324,67,2238370
-413.8215576661159,86,2238456
-310.4464727987055,107,2238563
-159.86245718895572,76,2238639
-131.69094497458792,88,2238727
-442.7837075627513,101,2238828
-240.89042530382523,97,2238925
-163.6470301931954,97,2239022
-207.00589089905986,110,2239132
-49.466425063849854,79,2239211
-105.9818588683427,79,2239290
-118.7355463758577,147,2239437
-292.05881777553253,127,2239564
-307.9398991538858,92,2239656
-140.69676165941473,87,2239743
-257.00911333937756,80,2239823
-95.75950689754083,94,2239917
-117.98235644468437,62,2239979
-184.0309693959385,83,2240062
-146.46649559445643,117,2240179
-154.93815735712832,89,2240268
-103.37062932997533,70,2240338
-187.53712459717053,76,2240414
-102.74036700868764,71,2240485
-271.0306741375691,88,2240573
-128.86657216051327,100,2240673
-395.8067977772632,97,2240770
-276.42689523128604,100,2240870
-164.1766512527414,81,2240951
-39.32381998885597,84,2241035
-463.41293077030554,90,2241125
-269.56300160238493,95,2241220
-111.26937319938276,92,2241312
-69.75144340855995,99,2241411
-96.27730094371844,129,2241540
-128.41470045811124,92,2241632
-52.87686384409241,59,2241691
-216.55610172751557,117,2241808
-149.8027155262402,100,2241908
-71.7915259124276,66,2241974
-181.54196908934534,76,2242050
-131.6357894270908,81,2242131
-104.1082896993811,111,2242242
-532.1141919898979,84,2242326
-219.55822352600617,93,2242419
-155.46626149305274,105,2242524
-78.38626561890474,69,2242593
-92.27932950013066,122,2242715
-217.0127052169726,68,2242783
-148.24811445418368,85,2242868
-179.35177391650907,122,2242990
-197.0785666446253,68,2243058
-193.93562238462823,91,2243149
-487.3133693668651,119,2243268
-178.3829291945218,68,2243336
-136.83975414150186,85,2243421
-380.0155186630302,87,2243508
-315.3614606753364,106,2243614
-134.1998069712337,63,2243677
-112.67938135535155,101,2243778
-86.31429389480905,74,2243852
-77.97807151017949,66,2243918
-137.07517300313498,98,2244016
-107.71222134926512,110,2244126
-91.58845977159903,96,2244222
-130.43116693791643,86,2244308
-130.36172832214518,81,2244389
-225.59698721506564,112,2244501
-110.71967055815274,92,2244593
-70.5624630684589,72,2244665
-108.12146657965448,64,2244729
-167.70369590286978,74,2244803
-88.87556468627876,79,2244882
-164.92346624704658,106,2244988
-195.4095065239714,71,2245059
-135.6664796779043,67,2245126
-143.03553034222722,73,2245199
32.01953018728932,131,2245330
-167.6988478599971,79,2245409
-232.98269174827405,118,2245527
-302.5124668096603,104,2245631
-171.96288843988876,76,2245707
-158.74830987163358,77,2245784
-90.75915133262495,71,2245855
-256.35636948953646,98,2245953
-411.17422171697547,102,2246055
-108.14808513685468,79,2246134
-248.43397395347858,70,2246204
-144.1995294349121,131,2246335
-103.02844096448636,75,2246410
-69.09274918053279,64,2246474
-318.90480855547196,98,2246572
-168.29098882372935,81,2246653
-43.810091419947916,76,2246729
-301.06797919702177,80,2246809
-344.91211992195934,96,2246905
-268.515554630378,112,2247017
-508.0643574595236,80,2247097
-377.12349725210333,86,2247183
-202.05461639655294,90,2247273
-115.08068916771037,104,2247377
-112.04986007272389,116,2247493
-100.30890885406049,72,2247565
-232.502381287626,112,2247677
-459.0434413478954,85,2247762
-288.72468190250015,107,2247869
-211.9509727579417,75,2247944
-340.0212784943598,107,2248051
-302.3639317758177,94,2248145
-57.47225901630678,61,2248206
-143.93105631331753,93,2248299
-191.06244121051714,124,2248423
-90.89859821638736,71,2248494
-127.72583199288194,88,2248582
-255.07739972510166,123,2248705
-382.9940548666842,90,2248795
38.515400675941635,91,2248886
-362.5959005800709,93,2248979
-109.52613697835362,87,2249066
-101.27918291598229,64,2249130
-201.24904147998225,99,2249229
-171.63452203812335,64,2249293
-333.18686382745915,96,2249389
-167.49639203235182,90,2249479
-182.6323085670347,88,2249567
-174.6555777823283,97,2249664
-232.15566654573922,104,2249768
-200.28067638753777,91,2249859
-158.862436895467,67,2249926
-131.37326711334654,110,2250036
-90.25544710417844,79,2250115
-79.42705078327472,82,2250197
-384.78785117656065,99,2250296
-409.8354053397389,89,2250385
-155.4993038194705,76,2250461
-88.73710980689683,63,2250524
-181.8585731525135,101,2250625
-313.45450446886497,95,2250720
-56.59147284315604,62,2250782
-136.5484401409071,123,2250905
-318.2707433294296,103,2251008
-276.5269214567372,98,2251106
6.386384036307234,111,2251217
-172.4033031411804,81,2251298
-54.03490488805075,65,2251363
-102.23075124266128,94,2251457
-110.3712028592129,82,2251539
-335.4307497999687,90,2251629
-207.7878454793421,108,2251737
-186.52324299637706,112,2251849
-70.1709011180659,121,2251970
-231.54755971549744,110,2252080
-123.42873889812753,155,2252235
-96.60502573514648,116,2252351
-105.06366534063054,108,2252459
-178.60856073065753,94,2252553
-268.1173174046784,123,2252676
-114.74925903564727,97,2252773
-261.30818486241606,104,2252877
-98.00233853427166,76,2252953
-299.895725361034,97,2253050
-279.0221931218813,129,2253179
-332.45759946355844,98,2253277
-115.81345391899778,80,2253357
-49.00287748249647,79,2253436
-298.3450264932227,104,2253540
-308.3504815145127,147,2253687
-284.790342035016,82,2253769
-104.532909146851,67,2253836
-241.77598914331443,101,2253937
-308.5157452934545,91,2254028
-366.9509994332156,98,2254126
-219.17973166451625,103,2254229
-280.4571328279185,99,2254328
-77.95375868464234,64,2254392
-78.76731676307242,71,2254463
-330.67213564153667,116,2254579
-67.94100197357935,127,2254706
-353.51644810088044,109,2254815
-168.78015691237758,121,2254936
-344.6098252241904,125,2255061
-245.39797773799302,107,2255168
-128.9212234413842,82,2255250
-91.20913406370639,77,2255327
-78.217743203391,77,2255404
-288.0138675365266,62,2255466
-197.61018909095645,86,2255552
-212.18838165823098,88,2255640
-299.0404831141781,75,2255715
-93.06734514506395,79,2255794
-75.04531476039597,76,2255870
-208.85018636709893,80,2255950
-174.19433799199524,106,2256056
-129.36647692995692,89,2256145
-106.71024638346219,100,2256245
-120.65091553376635,85,2256330
-108.1106779778048,115,2256445
-125.08117582975473,100,2256545
-341.7741199027017,90,2256635
-200.46723224374753,117,2256752
-224.89972174158964,69,2256821
-278.97865231057585,73,2256894
-143.97325104630607,103,2256997
-86.03387167244226,94,2257091
-140.55172407562938,94,2257185
-99.5187423086897,54,2257239
-98.59654602752278,71,2257310
-135.15961506973653,69,2257379
-144.01553650196888,57,2257436
-81.6234045234831,60,2257496
-62.23199734225383,76,2257572
-153.66001229950672,86,2257658
-106.07083856878559,70,2257728
-355.30261030924987,101,2257829
-294.8291176234569,93,2257922
-77.12237162992639,96,2258018
-135.27361440397868,72,2258090
-338.7296047879249,149,2258239
-142.08205528612137,63,2258302
-166.63303973397007,109,2258411
-207.18023253267637,72,2258483
-245.02611946290702,101,2258584
-103.01390301814416,84,2258668
-135.45767635629875,97,2258765
-223.33168010323698,87,2258852
-406.68135411628475,88,2258940
-85.04503561587028,69,2259009
-143.71499946523886,75,2259084
-391.42823859671336,98,2259182
-69.33243946469278,80,2259262
-123.6039022923404,116,2259378
-188.12656829790524,66,2259444
-124.40585350331952,81,2259525
-83.76678676190502,54,2259579
-120.96637968334981,130,2259709
-99.64570945468985,86,2259795
-33.98315952818835,69,2259864
-231.4766261344941,92,2259956
-286.306844011477,130,2260086
-143.91683092978948,97,2260183
-422.99311565319533,108,2260291
-81.85427190967447,96,2260387
-198.18942584089527,88,2260475
-151.0911889979397,121,2260596
-173.216321498585,70,2260666
-50.824982348299585,76,2260742
-332.84742016626564,97,2260839
-66.43818237200493,125,2260964
-285.846232484012,121,2261085
-409.64718983575824,122,2261207
-61.87963019565642,89,2261296
-93.9324803675303,93,2261389
-46.230048161063216,98,2261487
-78.89131977105006,65,2261552
-71.19473941519904,151,2261703
-234.66132676803005,96,2261799
-109.46005319061518,66,2261865
-438.8567877736254,98,2261963
-141.3343836807797,73,2262036
-142.34337588461082,86,2262122
-45.087313916791686,77,2262199
-481.58538688403644,93,2262292
-42.62045804410148,102,2262394
-130.67530203083396,94,2262488
-382.2361385807736,84,2262572
-141.59469781382037,75,2262647
-164.5472361942322,76,2262723
-268.6041996247409,127,2262850
-96.38572234115588,87,2262937
-192.508392150068,78,2263015
-112.13797921334556,66,2263081
-44.904486586657896,92,2263173
-214.1474858716719,81,2263254
-224.07742669927234,69,2263323
-115.42802123969842,108,2263431
-165.7755443262836,82,2263513
-90.67020827929885,69,2263582
-212.2958453072597,91,2263673
-143.0642140343327,63,2263736
-547.6343185400713,111,2263847
-127.98030587524816,96,2263943
-96.21757486774587,145,2264088
-147.21232740276687,90,2264178
-285.159813897455,111,2264289
-88.56909492776629,143,2264432
-103.2309251783492,69,2264501
-259.35641181545134,123,2264624
-93.78882963394567,90,2264714
-68.29725797010533,79,2264793
-180.8044517573192,97,2264890
-86.05832026170177,81,2264971
-106.10008536927316,120,2265091
-137.35090550480513,89,2265180
-133.54247000114606,73,2265253
-68.34168235144328,69,2265322
-368.6907052016196,87,2265409
-168.03402933972987,90,2265499
-153.99398911875898,83,2265582
-98.10605129901042,104,2265686
-134.53124508209083,79,2265765
-224.53877605683743,97,2265862
-198.03501618694105,109,2265971
-111.65195852790647,128,2266099
-241.202655880681,133,2266232
-194.97687198909665,68,2266300
-188.641525540027,84,2266384
-115.3707716969701,78,2266462
-102.93680666488349,79,2266541
-107.03760939437083,74,2266615
-104.98552629296042,79,2266694
-174.3330612193373,110,2266804
-155.7559686517053,72,2266876
-463.2965134546352,91,2266967
-61.691920973621606,63,2267030
-363.8885131801963,115,2267145
-114.20378634143115,111,2267256
-133.32015021364282,98,2267354
-313.9337894860278,73,2267427
-227.38088139891892,92,2267519
-92.80205479196867,85,2267604
-188.8210560533946,121,2267725
-327.001954124714,84,2267809
-297.1033393354743,87,2267896
-289.9587948273655,114,2268010
-126.98781118047746,69,2268079
-68.91268760380103,63,2268142
-129.22568172728396,104,2268246
-125.92063930355378,121,2268367
-79.52419027120594,86,2268453
-224.48420712706107,69,2268522
-92.90467529073503,61,2268583
-114.77110876297819,91,2268674
-105.26766294235502,82,2268756
-181.43930619179625,79,2268835
-159.83103754858865,62,2268897
-106.70000487166516,125,2269022
-201.17108163221567,132,2269154
-107.36739989922927,96,2269250
-304.932617227852,106,2269356
-214.09877370291554,106,2269462
-0.1154607225072084,85,2269547
-125.6451859907062,100,2269647
-75.32343120617598,89,2269736
-107.9238942892885,87,2269823
-376.476930466296,103,2269926
-100.30315206745205,67,2269993
-376.5614271199017,91,2270084
-273.8386867230645,93,2270177
-104.0697068166832,102,2270279
-120.43616162213634,108,2270387
-174.54049751438424,84,2270471
-317.65339043661174,93,2270564
-119.97036949928325,133,2270697
-108.74872060645879,102,2270799
-123.51963187939421,66,2270865
-235.8888788478585,113,2270978
-259.3230924642079,127,2271105
-315.97002205390606,99,2271204
-145.22674545228276,76,2271280
-131.6824363035509,80,2271360
-14.623519928127607,134,2271494
-186.58507953078734,86,2271580
-160.79565714675252,108,2271688
-139.33922547889478,111,2271799
-242.6902236483912,83,2271882
-421.46735609126813,100,2271982
-219.85312962801493,151,2272133
-66.92870427273624,75,2272208
-173.6217356134539,101,2272309
-70.85583098747458,104,2272413
-292.06867616789566,103,2272516
-137.0601589434114,78,2272594
-286.84519013893737,70,2272664
-326.06767029676905,101,2272765
-160.75332512046904,86,2272851
-325.9531750802205,85,2272936
-345.4337352780632,94,2273030
-125.48110397562446,134,2273164
-185.64266659849454,64,2273228
-344.024652539317,140,2273368
-126.27689184213638,84,2273452
-110.14096044508693,61,2273513
-154.11943246245025,113,2273626
-137.5117830793042,86,2273712
-150.05726076853105,106,2273818
-140.27578919009625,66,2273884
-242.05509929620501,128,2274012
-74.31274563517347,63,2274075
-41.0844888215423,61,2274136
-415.52697915107547,113,2274249
-275.538103065456,103,2274352
-173.3773158692993,77,2274429
-82.23821496848826,65,2274494
-210.1166562697083,81,2274575
-119.04756313971737,92,2274667
-89.58777731525849,67,2274734
-75.32477418569913,60,2274794
-200.55912099707646,88,2274882
-250.20551709079564,100,2274982
-529.2465674911832,112,2275094
-229.60676741064105,100,2275194
-256.123651593673,96,2275290
-111.41299709444635,71,2275361
-92.2815448592,82,2275443
-231.5459614195151,80,2275523
-212.50115242831734,144,2275667
-210.51928994735079,64,2275731
-98.19753797259588,86,2275817
-114.43032585894791,88,2275905
-462.59606571477843,115,2276020
-175.72552688209697,85,2276105
-73.87370861507713,76,2276181
-172.71311294741028,118,2276299
-131.034011035021,83,2276382
-151.58079910110501,87,2276469
53.47717423708559,93,2276562
-34.45207155484317,103,2276665
-84.42915888890502,68,2276733
-152.52408778968135,79,2276812
-114.338230629528,94,2276906
-84.79469272598143,93,2276999
-10.176108207318023,116,2277115
-220.73892713151417,90,2277205
-330.99702340267805,69,2277274
-124.89998707598741,63,2277337
-111.62727844817574,87,2277424
-121.08171785747447,94,2277518
-39.92642288198708,70,2277588
-114.24991979529545,97,2277685
-95.05648218356808,59,2277744
-434.8962220552878,99,2277843
-132.21424487349347,124,2277967
-126.38128432730835,90,2278057
-350.4596398964379,104,2278161
-99.62202744148559,63,2278224
-380.0505687722223,102,2278326
-221.04783544486668,94,2278420
-292.0110307863839,96,2278516
-153.65147309769577,75,2278591
-93.63919551412185,84,2278675
-196.2763228652231,62,2278737
-92.38010139783323,90,2278827
-135.7335307415034,123,2278950
-108.85623315367185,66,2279016
-97.60139894100165,70,2279086
-154.18021367932369,69,2279155
-110.76807920062457,76,2279231
-105.55423613751799,58,2279289
-312.9001000217736,82,2279371
-465.62606916303724,93,2279464
-109.57898792848036,90,2279554
-342.84125178520685,94,2279648
-63.54767481879313,146,2279794
-258.26511988080364,90,2279884
-73.16106226004203,82,2279966
-95.40275712306257,99,2280065
-427.8128550158418,101,2280166
-310.9040755117695,132,2280298
-115.98602439539238,86,2280384
-51.3290042069213,65,2280449
-227.93745534112,74,2280523
-322.31703078920475,87,2280610
-66.60318976378902,78,2280688
-274.77673913000126,92,2280780
-98.18885366987908,77,2280857
-276.65704792666884,108,2280965
-271.0180007625177,74,2281039
-414.85802053176485,89,2281128
-37.21050761644072,144,2281272
-97.19211196032472,76,2281348
-423.8662623437862,95,2281443
-297.52707054785697,114,2281557
-124.88656053479428,66,2281623
-185.91304646095887,77,2281700
-124.13785813273958,100,2281800
-180.84366670804974,93,2281893
-409.8853763780054,129,2282022
-211.0705395417014,112,2282134
-136.5978512376294,98,2282232
-186.09019798732078,72,2282304
-424.71863726315786,159,2282463
-132.45446736251802,73,2282536
-126.162043106642,79,2282615
-149.42947563144713,84,2282699
-88.55064586899154,89,2282788
-78.00450112867202,77,2282865
-101.95695151081361,98,2282963
-160.75351604185636,62,2283025
-126.45563233655761,96,2283121
-84.96877719816106,76,2283197
-153.64231750788713,74,2283271
-105.87145605969813,78,2283349
-67.69563532437327,67,2283416
-350.2648472760958,95,2283511
-242.35512838376218,90,2283601
-71.49513719434611,89,2283690
-176.6273549612166,110,2283800
6.133444779809693,112,2283912
-133.47703728183515,81,2283993
-200.82301879805073,75,2284068
-291.81105029038355,113,2284181
-201.5646584799435,109,2284290
-115.75222853926199,88,2284378
-372.5212264066876,101,2284479
-102.26106305654835,73,2284552
-343.46019575893376,126,2284678
-112.76667275604156,93,2284771
-328.3981106686897,117,2284888
-330.3335099532778,93,2284981
-264.63886447728646,79,2285060
-349.941959157262,94,2285154
-271.0648017338531,139,2285293
-482.0476443077274,103,2285396
-142.1561796405656,101,2285497
-239.63283320266527,109,2285606
-98.82339794772453,91,2285697
-86.02885305564672,88,2285785
-122.7994015766267,86,2285871
-196.1553175577377,89,2285960
-109.44591939122586,78,2286038
-260.9938043013209,109,2286147
-74.14929431317114,85,2286232
-192.91791863427818,100,2286332
-17.655514685169038,67,2286399
-134.51366058792095,141,2286540
-267.4955659645773,96,2286636
-271.74355985609077,90,2286726
-339.4234628568645,78,2286804
15.782146481797255,83,2286887
-33.75518903475448,81,2286968
-388.6927616876352,93,2287061
-138.43913548441577,92,2287153
-103.2261443344813,78,2287231
-100.55282237682492,72,2287303
-251.68240075631087,82,2287385
-324.89135933770604,112,2287497
-143.22844612500964,103,2287600
-121.2474391899271,84,2287684
-89.96060416620278,73,2287757
-248.22283493957443,101,2287858
-69.03267185674024,79,2287937
-106.2131636042531,102,2288039
-118.60694916191825,99,2288138
-436.9395060940084,77,2288215
-204.39457965436188,74,2288289
-177.5494689200093,67,2288356
-66.68022947898643,64,2288420
-87.82574073204317,58,2288478
-84.07843674168731,118,2288596
-400.32321963125776,88,2288684
-94.06859957307708,120,2288804
-338.8351793488116,128,2288932
-89.81969890258814,74,2289006
-184.03780422892999,77,2289083
-150.71352901712999,106,2289189
-425.6447302496632,127,2289316
-69.45504878836647,60,2289376
-90.14885912969076,98,2289474
-279.65324681368384,103,2289577
-79.06848875885771,80,2289657
-116.00379471923014,79,2289736
-55.73557187546102,119,2289855
-490.11457403523735,102,2289957
-118.35579639884659,105,2290062
-409.4975108994548,103,2290165
-176.10670170848437,87,2290252
-152.02539809697333,110,2290362
-158.1636469269071,70,2290432
-67.45864298685204,103,2290535
-253.70595832955254,99,2290634
-122.11723082395515,90,2290724
-120.41336238446956,71,2290795
-278.1387095074938,94,2290889
-205.15161589718977,88,2290977
-192.34120937450234,67,2291044
-138.70371517036423,92,2291136
-149.90337389942908,122,2291258
-346.0430163332771,82,2291340
-193.0675688984079,65,2291405
-116.71931650085155,74,2291479
-105.83883019282418,84,2291563
-136.47819284003646,63,2291626
-314.092532085615,101,2291727
-130.81578504447322,86,2291813
-206.4808316446906,81,2291894
-255.5860736187653,107,2292001
-83.44924777177366,62,2292063
-49.95559749892769,95,2292158
-218.850416377674,108,2292266
-61.92854566489536,62,2292328
-221.14422937397933,65,2292393
-282.97640671745694,82,2292475
-171.21919380108892,114,2292589
-129.98537092683992,72,2292661
-340.8276566484015,94,2292755
-36.98658823470909,127,2292882
-160.4791064547042,105,2292987
-52.89524705949535,75,2293062
-485.54370373437695,108,2293170
-130.96261626691245,70,2293240
-153.13375217516028,95,2293335
-148.68127710960275,106,2293441
-312.887992188971,144,2293585
-134.13431294522036,70,2293655
-220.460736296329,99,2293754
-118.72569892316201,71,2293825
-47.667589513838934,81,2293906
-124.39182296582646,87,2293993
-128.66808169812276,71,2294064
-362.18974251264507,93,2294157
-102.99230119935771,68,2294225
-294.21990446456294,73,2294298
-246.15779183616297,107,2294405
-443.8640092751049,129,2294534
-106.19884355036662,54,2294588
-155.8093235194779,108,2294696
-124.57240762842771,76,2294772
-118.65695432249078,77,2294849
-122.18373600122413,118,2294967
-69.80421569919784,69,2295036
-142.12312647477503,79,2295115
-415.5363169971407,127,2295242
-42.98673635975434,67,2295309
-310.22928569967974,81,2295390
-232.41879177749644,92,2295482
-439.5369746227427,119,2295601
-87.21864512656512,59,2295660
-93.30582152085992,92,2295752
-285.93751748405737,103,2295855
-210.62494698037779,108,2295963
-104.86636774771395,74,2296037
-192.9114544447932,77,2296114
-104.2998066112516,85,2296199
-365.1469537057734,84,2296283
-118.56885019027493,88,2296371
-136.39465839865076,89,2296460
-390.3952983633702,86,2296546
-162.3301360566506,86,2296632
5.182937990365346,70,2296702
-104.59955252440628,70,2296772
-103.81535010930824,111,2296883
-137.84306999275555,116,2296999
-136.5979765334692,88,2297087
-113.44608535162138,77,2297164
-81.765384396819,87,2297251
-239.04357595836336,129,2297380
-217.15508003701873,94,2297474
-310.4154371244404,87,2297561
-111.85428326926544,108,2297669
-393.85188229615017,114,2297783
-115.64779748187622,85,2297868
-334.97233825033413,85,2297953
-122.21024836682417,119,2298072
-479.44940246466064,87,2298159
-41.249344086261786,70,2298229
-308.19897291010597,91,2298320
-158.50442723159804,59,2298379
-234.23924770607545,109,2298488
-110.70477459112905,84,2298572
-99.19720476775916,127,2298699
-268.99652395810404,132,2298831
-175.233525003632,116,2298947
-65.55349130344311,63,2299010
-83.09610795816033,118,2299128
-134.19864341031712,77,2299205
-117.48448890960668,75,2299280
-276.23367994412854,64,2299344
-285.2385593664625,110,2299454
-100.32067701049502,74,2299528
-125.12979914263683,120,2299648
-150.17536837334086,91,2299739
-487.7394334133868,104,2299843
-49.973984225097254,67,2299910
-133.02707130245503,102,2300012
-200.34476017353498,127,2300139
-75.56198149635063,91,2300230
-6.288327455781683,106,2300336
-288.6426322840581,111,2300447
-123.89960067310282,65,2300512
-86.72043158279122,67,2300579
-254.78338722830546,115,2300694
-90.01674751091491,106,2300800
-234.54828403499855,120,2300920
-130.59247962248168,94,2301014
-246.47548961286824,102,2301116
-158.86464153396707,78,2301194
-261.4840723024448,98,2301292
9.706969026875711,93,2301385
-271.84844083383484,93,2301478
-443.51915713994305,97,2301575
-90.19496599287162,82,2301657
-116.68733065934686,88,2301745
-77.83082396619662,108,2301853
-205.81679783418065,81,2301934
-310.86870270508547,118,2302052
-17.851484297535876,143,2302195
-40.537782418500115,85,2302280
-127.90993933220123,105,2302385
-262.05474713812316,110,2302495
-83.0415038893189,66,2302561
-183.7457726786431,77,2302638
-106.68103433398437,68,2302706
-125.22238114685926,70,2302776
-82.3837002073918,90,2302866
-133.49084727466663,62,2302928
-327.87913899487523,91,2303019
-114.23954373701919,106,2303125
-81.66410502791626,92,2303217
-224.80385191204186,125,2303342
-188.92246154746704,68,2303410
-81.20832074513436,86,2303496
-106.33219348039299,74,2303570
-370.54891574897,90,2303660
-196.40273409564904,68,2303728
-254.25092382442338,71,2303799
-119.02437805536839,88,2303887
-353.5419816094502,96,2303983
-98.66753305166665,107,2304090
-87.73799853599351,104,2304194
-296.31226974289905,98,2304292
-122.71136660712432,79,2304371
-281.97177020779543,115,2304486
-99.00236272143792,110,2304596
-112.6835946689575,94,2304690
-31.960995435656088,87,2304777
-110.37222169738244,72,2304849
-135.54499898176664,92,2304941
-203.59583315445082,132,2305073
-248.7077262054366,98,2305171
-108.02132029511544,88,2305259
-183.02755006480223,95,2305354
-136.2676938596593,73,2305427
-226.77639183152843,120,2305547
-270.1834066980044,99,2305646
-171.17189152273366,93,2305739
-141.08205566085695,121,2305860
-192.22976032307133,110,2305970
-187.3129453394722,79,2306049
-114.8187227324456,113,2306162
-143.16413174507522,69,2306231
-84.44677871209323,146,2306377
-274.66466020977384,78,2306455
-145.61384363204343,62,2306517
-77.99812052982442,91,2306608
-100.58104681541268,81,2306689
-336.1265838613993,115,2306804
-123.52233541336601,109,2306913
-172.53664481848733,108,2307021
-203.96788768525988,117,2307138
-323.01113420962963,86,2307224
-472.4478148543639,99,2307323
-69.02357288918557,64,2307387
-147.6509853008733,105,2307492
-147.7697330037124,101,2307593
-61.07155745582668,85,2307678
-121.75132011830627,134,2307812
-143.76276504930712,97,2307909
-165.93477309925572,139,2308048
-93.26226788049871,89,2308137
-126.9259218653977,83,2308220
-214.02365801493806,115,2308335
-112.85339873950146,112,2308447
-183.77630453186237,54,2308501
-308.1107788669814,75,2308576
-125.7135813044975,70,2308646
-143.46043707129937,93,2308739
-223.33607931906624,80,2308819
-166.3955272057908,100,2308919
-126.37081268977306,89,2309008
-80.29375248793362,121,2309129
-93.67466132618065,121,2309250
-127.44500617676488,72,2309322
-90.81096095182227,65,2309387
-76.76782733858755,107,2309494
-421.46544621300444,89,2309583
-138.64873694934988,98,2309681
-43.386559706036635,92,2309773
-121.85618594979118,91,2309864
-101.52945249613592,67,2309931
-439.8780165677016,92,2310023
-233.52253452938757,123,2310146
-87.2820701223651,59,2310205
-111.05643461527893,93,2310298
-140.63784290601168,116,2310414
-456.330785699133,86,2310500
-88.37020470286605,64,2310564
-116.68620660720256,120,2310684
-328.1778977734465,93,2310777
-244.4622214185522,73,2310850
-139.82203086795863,87,2310937
-115.68285595822258,92,2311029
-107.56689681820136,89,2311118
-77.79526314415173,75,2311193
-378.58424246811813,108,2311301
-180.73844279556545,67,2311368
-102.8156438534618,75,2311443
-265.4082314238666,99,2311542
-56.54785203743975,72,2311614
-117.06211550712906,109,2311723
-186.317154844883,71,2311794
-270.4403856286859,104,2311898
-105.74703551191179,74,2311972
-92.98961161102218,60,2312032
-161.47072808725488,98,2312130
-370.9844076394503,99,2312229
-40.386426376114116,73,2312302
32.64433902210297,131,2312433
-107.81272443101787,88,2312521
-114.96101736358325,82,2312603
-189.31029844852324,86,2312689
-365.78001686446305,137,2312826
-113.60656653242393,109,2312935
-350.8649903647184,137,2313072
-127.96558019155007,122,2313194
-181.21890687207792,63,2313257
-334.1572982325898,82,2313339
-373.2240962658519,114,2313453
-175.69881929894598,135,2313588
-184.692137171806,94,2313682
-440.31373264569004,97,2313779
-129.23169885148758,68,2313847
-72.33219763025973,69,2313916
-140.25160617759389,95,2314011
-243.7148773642956,73,2314084
-185.11518104877513,80,2314164
-73.47091023794408,79,2314243
-342.124230890017,89,2314332
-119.6489660787528,78,2314410
-317.8880006928099,111,2314521
-131.12639511536656,84,2314605
-422.02771912442097,113,2314718
-386.2123622526491,101,2314819
-307.5608140501165,77,2314896
-58.457710280837006,75,2314971
-250.3794880880736,70,2315041
-475.24763484571656,111,2315152
-296.29666813098845,91,2315243
-228.6946929144951,66,2315309
-156.73579315378618,113,2315422
-262.4793933173116,112,2315534
-294.1289814924027,84,2315618
-142.74647952164526,91,2315709
-74.69382413851815,122,2315831
-192.4630334663675,130,2315961
-108.84936485676309,138,2316099
-264.97611576563725,111,2316210
-111.42017496519942,97,2316307
-154.43866744487883,82,2316389
-258.60765655616626,84,2316473
-168.32343822745366,101,2316574
-124.13302490955834,67,2316641
-190.32139474834338,77,2316718
-126.67776769616212,109,2316827
-121.57285461334959,87,2316914
-100.06498161575558,119,2317033
-140.12918367754543,73,2317106
-136.8179975017179,74,2317180
-300.33830589407205,114,2317294
-99.37314109183143,76,2317370
-306.59464422154895,105,2317475
-81.1685757772996,107,2317582
-166.44927121076609,86,2317668
-271.8153111307478,95,2317763
-107.48539266159953,59,2317822
-91.1147270901661,58,2317880
-289.90141421133507,92,2317972
-57.42802947657433,89,2318061
-113.58612371154808,93,2318154
-119.3395385555963,79,2318233
-359.7559348084278,113,2318346
-73.49468066452917,70,2318416
-344.0795532300916,78,2318494
-156.16144062299745,91,2318585
-238.9547537296081,104,2318689
-77.46621766850164,68,2318757
-307.8949898767518,97,2318854
-286.43482682430556,88,2318942
-202.51262958991936,66,2319008
-126.46923281395738,82,2319090
-122.85910208994599,118,2319208
-118.04856469492105,75,2319283
-109.51783110276448,82,2319365
-158.94273149735767,59,2319424
-303.52908918829087,145,2319569
-373.04984914412535,109,2319678
-108.29732588826401,108,2319786
-400.24751697500807,105,2319891
-216.09345012108136,110,2320001
-413.07687166667034,133,2320134
-153.05098880521535,65,2320199
-128.89152886418978,65,2320264
-194.3502207838644,89,2320353
-71.96500824660745,66,2320419
-159.33558541069027,92,2320511
-186.90167486678467,123,2320634
-109.1705323951291,103,2320737
-400.60920528066794,87,2320824
-359.28715849014077,103,2320927
-112.4446787769139,82,2321009
-147.22055730099765,81,2321090
-151.86512665392434,89,2321179
-317.54841377687666,102,2321281
-93.27393455264013,109,2321390
-247.97456715924687,85,2321475
-173.29428679386132,102,2321577
-293.6360729658097,106,2321683
-165.43392614966285,62,2321745
-366.85812994305394,94,2321839
-353.2159742394821,115,2321954
-171.9745250610497,108,2322062
-86.6792684063514,58,2322120
-259.48166175943663,82,2322202
-381.0810161066159,101,2322303
-180.3771120937414,73,2322376
-88.76086563813698,81,2322457
-87.64747882451852,67,2322524
-83.42163978464309,62,2322586
-106.15506023141782,77,2322663
-82.06245758095572,78,2322741
-305.10285020046433,99,2322840
-101.20831097190546,79,2322919
-81.18090636988933,67,2322986
-140.65046578990348,86,2323072
-211.89683272787423,70,2323142
-189.639127960419,95,2323237
-52.62639929330091,75,2323312
-133.36338951687094,108,2323420
-21.525825123523802,111,2323531
-311.12190199779013,96,2323627
-191.66179833832547,128,2323755
-310.83559229618186,103,2323858
-102.05684344620677,64,2323922
-138.5873714852694,101,2324023
-282.42787751335163,102,2324125
-94.09630412124665,60,2324185
-95.4273522542589,68,2324253
-69.17866507068828,70,2324323
-114.81168986602722,139,2324462
-92.46147133581806,99,2324561
-127.0529336797209,142,2324703
-125.3392907288163,67,2324770
-108.98973199560191,105,2324875
-246.759489407111,97,2324972
-108.07940960145653,105,2325077
-252.1629753505032,96,2325173
-207.34520099251563,71,2325244
-96.88707546990886,68,2325312
-77.51644895953669,74,2325386
-99.48676013363315,68,2325454
-143.66198118169606,83,2325537
-146.32767540909265,76,2325613
-52.86865748042929,63,2325676
-185.80862205948887,84,2325760
-175.42453247022297,79,2325839
-145.81887635980462,111,2325950
-367.7817537403055,119,2326069
-59.40153864249012,118,2326187
-352.0508305878129,104,2326291
-281.46781030264117,97,2326388
-121.97455260216937,93,2326481
-35.049969815011735,70,2326551
-422.1271923509149,101,2326652
-86.7352572244214,82,2326734
-129.37801810018456,109,2326843
-332.23645588249514,87,2326930
-277.70793640702107,111,2327041
-125.3633078392852,64,2327105
-81.96288205122121,73,2327178
-110.8784454367569,89,2327267
-100.92481948989088,78,2327345
-9.020756569364124,110,2327455
-114.95551503286353,69,2327524
-89.58757188903621,120,2327644
-141.43788367575536,69,2327713
-479.5774112456152,132,2327845
-94.73151274654847,63,2327908
-117.98769326758648,76,2327984
-159.69042984314288,111,2328095
-200.1342573198658,87,2328182
-141.05797289397182,92,2328274
-9.597568523503128,87,2328361
-181.18134906502516,132,2328493
-110.71359125056144,95,2328588
-383.35893192549383,97,2328685
-130.29457910104043,100,2328785
-115.13449998911864,85,2328870
-81.90513867788516,61,2328931
-79.54965337160331,71,2329002
-88.77234124514884,64,2329066
-231.1574701369317,83,2329149
-180.02230020920925,118,2329267
-215.78169209977548,90,2329357
-88.98764700318259,136,2329493
-378.23634515281947,105,2329598
-68.759453422543,80,2329678
-54.82053234916658,65,2329743
-74.87635470139216,59,2329802
-89.35745614937743,87,2329889
-100.1750747822081,59,2329948
-289.08275079397526,59,2330007
-108.71863177974029,66,2330073
-319.6776692571731,114,2330187
-84.43901865574023,61,2330248
-354.40937737479703,97,2330345
-98.0530689706357,69,2330414
-114.59160548306401,61,2330475
-58.48903899492525,122,2330597
-204.85507734568893,120,2330717
-349.49576902358496,87,2330804
-133.14684856204292,81,2330885
-149.24638168253298,72,2330957
-154.01489496796194,107,2331064
-267.7524599820181,99,2331163
-93.34273991318312,132,2331295
-193.16556299543714,84,2331379
-384.38170350904477,80,2331459
-102.38891204207985,91,2331550
-131.31049038093707,118,2331668
-169.23967777708813,98,2331766
-106.0919951998371,85,2331851
-119.16125217556136,91,2331942
-312.88651829939494,127,2332069
-421.0929952562803,123,2332192
-271.72852969451145,76,2332268
-181.8252121799814,88,2332356
-292.5703533470619,96,2332452
-105.72764744050725,92,2332544
-127.47931965138714,104,2332648
-154.60143062031605,63,2332711
-83.23340559963094,57,2332768
-157.83204166900623,55,2332823
-84.84806910561078,113,2332936
-249.06386640280496,94,2333030
-74.59326436081292,73,2333103
-240.01883726441602,99,2333202
-69.20066294417444,79,2333281
-119.31965448905206,63,2333344
-117.15610241511678,74,2333418
-364.701435013726,101,2333519
-161.19547171270494,65,2333584
-408.2744661693816,97,2333681
-84.40409601145558,82,2333763
-178.401874597885,99,2333862
-89.20945650538843,102,2333964
-90.02734699789985,62,2334026
-146.53452008129278,108,2334134
-119.35406887351435,81,2334215
-97.13268477357612,82,2334297
-172.9840930253884,66,2334363
-174.7791063513652,85,2334448
-302.7001104030861,78,2334526
-169.31820222922,98,2334624
-148.04099096663214,100,2334724
-371.8177929340283,108,2334832
-314.4948058347194,114,2334946
-107.6825509935342,101,2335047
-155.92154738988464,101,2335148
-343.1240415314023,92,2335240
-137.26047137069958,143,2335383
-174.13768189982392,87,2335470
-347.73261795808764,73,2335543
-68.58507146141379,63,2335606
-63.40007691978256,67,2335673
-174.55876571325584,115,2335788
-120.5911872419554,121,2335909
-344.892275547342,91,2336000
-166.65339680587107,129,2336129
-240.58214903066985,101,2336230
-15.510847298690734,141,2336371
-187.24568156618966,108,2336479
-40.04573620926113,62,2336541
-117.65303549000089,60,2336601
-189.99052289805348,96,2336697
-33.515178159157756,126,2336823
-416.23153137044875,110,2336933
-98.13744393540382,99,2337032
-131.7841900864631,116,2337148
-153.57279826168457,80,2337228
-104.27023166393015,65,2337293
-145.41558202718917,73,2337366
-129.83255390212952,78,2337444
-70.5072002175847,79,2337523
-178.37995036993283,130,2337653
-93.39858070402481,103,2337756
-377.8110589354176,100,2337856
-81.05767383155893,100,2337956
-221.80076641003154,115,2338071
-119.26521125326211,76,2338147
-327.8550036897637,81,2338228
-361.5566998567717,100,2338328
-364.57940815452963,110,2338438
-134.73310199708226,84,2338522
-102.58626717029723,94,2338616
-154.07612845352372,54,2338670
-71.1496357490073,70,2338740
-265.9384935596968,145,2338885
-217.53828327035757,99,2338984
-291.2873595224969,92,2339076
-393.77213742718914,88,2339164
-109.19606415714874,127,2339291
-363.8230197600836,87,2339378
-306.17270483814866,78,2339456
-299.7622181898983,67,2339523
-211.31233239462037,102,2339625
-104.57874897236468,106,2339731
-88.53784228379767,71,2339802
-118.34772099232767,75,2339877
-153.74271249309237,83,2339960
-94.39948428695622,86,2340046
-151.19166410701814,100,2340146
-250.41810296487134,114,2340260
-395.8879233997995,74,2340334
-403.53359114976047,107,2340441
-106.56003869024342,96,2340537
-175.61230119814726,112,2340649
-103.41709035930663,124,2340773
-178.36139681350463,78,2340851
-95.4999891155922,120,2340971
-108.51373825551616,53,2341024
-111.59893599251392,77,2341101
-172.92263268187372,84,2341185
-318.2629328279389,106,2341291
-220.50996720823684,106,2341397
-308.5816880632599,98,2341495
-138.0067954810704,82,2341577
-208.0798470465848,127,2341704
-256.1005496094028,94,2341798
-80.572014594925,72,2341870
-92.73583636230377,61,2341931
-105.56693314718301,73,2342004
-92.93311440314874,101,2342105
-66.41171475665388,57,2342162
-133.34211106027533,79,2342241
-248.8018921407253,81,2342322
-132.40108370084405,97,2342419
-74.74162986842134,61,2342480
-232.930386772905,127,2342607
-216.24029614697042,71,2342678
-176.23172943002874,71,2342749
-96.22745677185722,76,2342825
-144.17751556586745,79,2342904
-154.91900365725496,82,2342986
-171.8857245827565,81,2343067
-102.22050427870393,111,2343178
-177.68419267510095,72,2343250
-132.70625399530462,117,2343367
-109.46092186778907,70,2343437
-469.9444109613329,89,2343526
-176.3598880348349,102,2343628
-436.4528017141771,96,2343724
-150.65766839456552,96,2343820
-399.70596446112677,87,2343907
-176.55786554462856,124,2344031
-107.42409330516205,121,2344152
-304.1877912853714,147,2344299
-71.1555354157819,71,2344370
-165.71250014516764,127,2344497
46.306803729096345,143,2344640
-91.19412466849067,71,2344711
-24.13207353445317,74,2344785
-126.93667658218793,92,2344877
-177.01112114371546,117,2344994
-374.83579313554384,86,2345080
-203.70245975837213,111,2345191
-228.98890991632118,61,2345252
-275.3666119873392,58,2345310
-230.67540102366124,133,2345443
-361.5525651813022,77,2345520
-105.08415860780556,83,2345603
-265.05286319460413,70,2345673
-387.12523660014654,100,2345773
-186.09688245158864,94,2345867
-426.9293117818982,100,2345967
-48.735401630257655,60,2346027
-197.59836127049357,140,2346167
-67.86391287939479,71,2346238
-68.19186056211481,61,2346299
-239.9855983867286,110,2346409
-251.7677460768676,97,2346506
-149.4171559666304,64,2346570
-217.18118173577818,76,2346646
-91.15258096024685,102,2346748
-230.93543230740227,73,2346821
-177.96537253121022,89,2346910
-56.12645303070271,78,2346988
-120.32731559681389,77,2347065
-244.7236250578072,108,2347173
-97.94931410584333,62,2347235
-115.07256419295105,86,2347321
-292.7257330251838,101,2347422
-113.75092252260144,66,2347488
-38.222299404820966,91,2347579
-37.85913146611924,104,2347683
-224.12105224135556,90,2347773
-86.44662937162084,78,2347851
-170.01212456342793,65,2347916
-185.53513699593123,86,2348002
-82.91414253845538,72,2348074
-9.462220538415096,73,2348147
-76.70367902627189,134,2348281
-102.76936955915265,94,2348375
-382.1789761083584,105,2348480
-109.13565143106094,100,2348580
-320.4242901210912,84,2348664
-168.73972317545764,95,2348759
-372.56964135822847,93,2348852
-29.34043320707947,93,2348945
-268.34764383942536,110,2349055
-107.50206948113546,59,2349114
-295.27979201065386,82,2349196
-178.29318575782804,79,2349275
-167.16846533768336,111,2349386
-254.3760671431932,80,2349466
-81.23511609223294,77,2349543
-179.69727826222504,89,2349632
-506.0387760427211,100,2349732
-75.0661878839844,99,2349831
-273.4952009376235,104,2349935
-124.79402393559563,104,2350039
-162.42358599285927,128,2350167
-374.4409407679371,94,2350261
-157.32559433003408,62,2350323
-169.11191711447321,98,2350421
-106.12191095378854,74,2350495
-89.88287301458088,84,2350579
-140.72098932921693,76,2350655
-139.196635886046,68,2350723
-112.11355026935658,132,2350855
-167.74773737904462,82,2350937
-58.82425817207851,126,2351063
-392.2702657159209,84,2351147
-134.57677551655152,70,2351217
-143.3538792354499,88,2351305
-102.9005058343147,104,2351409
-458.71231735503443,89,2351498
-83.25654998608398,97,2351595
-184.57179312871833,119,2351714
-182.0396136946086,77,2351791
-178.44272761625697,124,2351915
-86.1228400781749,64,2351979
-301.710199493694,93,2352072
-92.34824393538152,76,2352148
-218.89784732416982,98,2352246
-148.35851658578707,140,2352386
-146.0563438625902,81,2352467
-283.8787623484689,83,2352550
-88.25594469910885,80,2352630
-205.50462680526283,82,2352712
-279.46826275018446,63,2352775
-225.3265759401281,88,2352863
-114.5072009410101,64,2352927
-265.2087321100357,87,2353014
-228.5024240786454,76,2353090
-91.95632714468553,73,2353163
-129.98978346973865,76,2353239
-206.40508364596366,118,2353357
-113.68486347667061,119,2353476
-85.22309664116082,86,2353562
-149.0317596190481,126,2353688
-451.64882400830356,109,2353797
-92.97365153043214,74,2353871
-150.49837129032346,107,2353978
-327.08259058070826,80,2354058
-102.58726056929677,69,2354127
-359.85531311880203,108,2354235
-283.6352488707922,88,2354323
-383.19863033139336,102,2354425
-138.1869195131986,62,2354487
-365.9617319623693,111,2354598
-21.101175571923562,136,2354734
-64.54111139073694,65,2354799
-119.76044186323948,59,2354858
-104.69307315836984,73,2354931
-176.81202835512772,80,2355011
-83.02510026997088,93,2355104
-205.55423797542284,84,2355188
-275.80940502469036,102,2355290
-149.03548778879792,65,2355355
-125.06038226385425,78,2355433
-474.39344632726807,109,2355542
-420.0919422859647,99,2355641
-132.94544789631277,94,2355735
-10.53692237680319,110,2355845
-113.40613784763538,74,2355919
-203.47592868850677,65,2355984
-317.25960667049037,107,2356091
-97.07374629960223,76,2356167
-250.27420362816966,87,2356254
-258.75024680580117,127,2356381
-194.77518022260944,78,2356459
-141.254637673809,72,2356531
-117.9503029121191,82,2356613
-257.4446436751417,102,2356715
-248.020307286781,75,2356790
-95.02682299341434,133,2356923
-80.65540542003795,62,2356985
-276.455954987571,129,2357114
-253.49725198874916,92,2357206
-252.76296196928908,104,2357310
-329.3390513136128,125,2357435
-99.98050956376346,94,2357529
-122.04215162158027,73,2357602
-183.82075056794434,69,2357671
-106.62165154679835,139,2357810
-79.70125778878199,57,2357867
-315.4688741939122,95,2357962
-189.8270111332486,108,2358070
-124.36213026925594,99,2358169
-53.52654137999423,94,2358263
-388.3349817150237,97,2358360
-125.99264063202637,105,2358465
-422.58866403407194,126,2358591
-132.2790172368441,88,2358679
-417.353747235898,96,2358775
-109.16874927925407,74,2358849
-96.06540292943883,66,2358915
-111.35939966257104,90,2359005
-534.20842391944,104,2359109
-154.2032625375365,74,2359183
-23.35046179983489,100,2359283
-339.5539828021948,96,2359379
-172.53961740420178,77,2359456
-79.99363912822021,61,2359517
-258.53670114946476,95,2359612
-254.93114923806436,88,2359700
-121.05729386273893,80,2359780
-291.9045863652304,95,2359875
-122.61054080888132,83,2359958
-118.27598392831484,88,2360046
-244.67157901471546,93,2360139
-173.34300320114414,54,2360193
-190.82626803808205,130,2360323
-138.686168168692,66,2360389
-340.86364606060033,94,2360483
-57.277479311637066,73,2360556
-172.58431909416595,108,2360664
-164.73849772978758,94,2360758
-89.88311626670833,65,2360823
-398.6112332758557,87,2360910
-82.05119179426917,58,2360968
-214.16752955431014,86,2361054
-277.4051864851033,121,2361175
-48.01135700433325,140,2361315
-54.71230353050336,66,2361381
-22.90078283938469,101,2361482
-229.99306334026326,106,2361588
-151.64853190737688,93,2361681
-140.28027859215828,80,2361761
6.117364681614191,135,2361896
-104.22316613757651,83,2361979
-106.79060418216277,119,2362098
-101.70036450414855,78,2362176
-120.40110534658257,85,2362261
-221.00195271189136,131,2362392
-154.97427244055848,97,2362489
-111.09955929382781,115,2362604
-244.80196406492485,105,2362709
-357.1696948925364,89,2362798
-83.18034115651997,61,2362859
-72.95904723812953,71,2362930
-426.34783027748983,106,2363036
-185.04761833962996,93,2363129
-308.5445024581356,96,2363225
-218.7575700911758,106,2363331
-60.502901807650375,74,2363405
-117.06809163752189,89,2363494
-197.9382768564574,95,2363589
-369.8877455531998,95,2363684
-205.802540569755,79,2363763
-114.51748818779227,88,2363851
-73.20907094674811,143,2363994
-352.3381544674917,102,2364096
-297.9472278778077,126,2364222
-102.77280440309335,75,2364297
-237.65089063571102,127,2364424
-298.5808040908786,65,2364489
-457.0538723361699,115,2364604
-362.25177705207295,80,2364684
-136.18419037192592,92,2364776
-405.61349143312475,85,2364861
-198.97460989428615,94,2364955
-149.38045290598185,95,2365050
-377.5206183475194,126,2365176
-233.0035522573931,72,2365248
-271.07599537174053,78,2365326
-62.730382337245636,68,2365394
-99.55664658382511,74,2365468
-129.0982372850574,79,2365547
-102.17970708453335,82,2365629
-99.69711548779372,64,2365693
-361.42484800400075,86,2365779
-367.68975037449104,82,2365861
-130.09872839109943,73,2365934
-119.70464362988412,77,2366011
-363.06780952755753,114,2366125
8.720054157202568,81,2366206
-116.83538367907143,84,2366290
-301.7677845730025,114,2366404
-162.4456462186452,128,2366532
-130.35815702666213,72,2366604
-77.33800220088887,83,2366687
-123.74674183396834,100,2366787
-131.0447209777966,73,2366860
-342.5922213408097,88,2366948
-109.6196521824086,80,2367028
-262.5553539626394,113,2367141
-164.77596845003,82,2367223
-131.4312945633677,82,2367305
-425.1065643175424,108,2367413
-431.5350487841975,98,2367511
-123.98850555408535,86,2367597
-97.54597908215214,115,2367712
-110.27101108153667,86,2367798
-127.90127295588489,74,2367872
-243.14874000967146,108,2367980
-411.96307462264406,89,2368069
-130.64314454916595,103,2368172
-93.41043740602817,79,2368251
-228.63799608893464,73,2368324
-144.25849897776774,53,2368377
-99.08759694680921,80,2368457
-137.29126530148807,104,2368561
-32.8570820971229,99,2368660
-133.96658377246814,84,2368744
-65.99584954933,124,2368868
-191.31864437759572,93,2368961
-247.2320581234788,81,2369042
-125.63004270554534,82,2369124
-79.25480415899236,71,2369195
-138.44889208945028,80,2369275
-104.83004482207335,92,2369367
-167.84038779005428,103,2369470
-252.1952391904754,158,2369628
-264.8889194398437,81,2369709
-368.0600508544136,84,2369793
-213.76165547040196,122,2369915
-291.48888382393807,106,2370021
-118.54210371223338,100,2370121
-272.6911632838961,86,2370207
-105.65609508841509,90,2370297
-325.535813098674,98,2370395
-206.04136508376047,126,2370521
-352.2054867241362,92,2370613
-90.45709821597715,90,2370703
-125.00502390742913,101,2370804
-102.9459960339422,100,2370904
-188.19290029600077,110,2371014
-83.0900498790158,78,2371092
-139.15111142688687,115,2371207
-111.57681472417377,94,2371301
-22.19498963361501,64,2371365
-68.94142343997868,84,2371449
-48.95765152088685,58,2371507
-142.9263372674069,108,2371615
-170.32822737359396,64,2371679
-203.56618999824605,83,2371762
-89.4456685873107,63,2371825
-74.29222089252754,72,2371897
-394.0320884391551,112,2372009
-62.3362335608743,65,2372074
-168.07352983271232,76,2372150
-324.4258157607551,112,2372262
-126.35341630038012,71,2372333
-207.72525794193922,67,2372400
29.570623216831024,87,2372487
-133.63495152997206,91,2372578
-115.56023452736095,82,2372660
-207.9664963555149,70,2372730
-59.43085887417998,79,2372809
-307.948351615247,132,2372941
-101.80105881014501,72,2373013
-132.08245791497112,87,2373100
-65.5785874774742,92,2373192
-86.80714651403864,65,2373257
-85.83427856503683,74,2373331
-169.37976514593328,77,2373408
-148.07139438612955,74,2373482
-79.46073219741949,107,2373589
-266.6004426878146,103,2373692
-41.417031687567224,62,2373754
-136.94272053547468,77,2373831
-259.0477467081382,122,2373953
-192.02482137671427,76,2374029
-412.38335390585974,87,2374116
-105.30337238854665,71,2374187
-121.14563685483259,79,2374266
-153.11601027388875,81,2374347
7.31507263982634,86,2374433
-105.44531817728578,68,2374501
-117.99012651869839,125,2374626
-78.64922669442241,73,2374699
-102.16656907894718,83,2374782
-345.0077900068304,100,2374882
-101.25515126139824,58,2374940
-271.01727370808516,140,2375080
-156.9896191065984,101,2375181
-114.07804728972144,96,2375277
-229.6946742024298,108,2375385
-125.23364977980626,86,2375471
-287.94920663213105,108,2375579
-156.658930205508,109,2375688
-125.57676115964787,99,2375787
-361.01570839330793,97,2375884
-107.54776180398486,76,2375960
-132.35556249028332,87,2376047
-159.83689197158375,133,2376180
-416.62099715026113,104,2376284
-115.4309403779489,78,2376362
-180.78378951085037,129,2376491
-140.09703129186428,68,2376559
-103.84101293161208,74,2376633
-138.97348922572536,140,2376773
-349.8793336284905,142,2376915
-102.31195593845531,100,2377015
-153.86215492315267,143,2377158
-277.6118911252818,85,2377243
-163.35840272984515,83,2377326
-99.42286692855203,66,2377392
-280.1193170006354,128,2377520
-275.6138252246951,90,2377610
-84.88293534321568,78,2377688
-358.67673122237176,119,2377807
-103.0674739876308,77,2377884
-132.22119798256142,91,2377975
-111.31464982986516,63,2378038
-377.28237798702776,115,2378153
-218.1780086286479,75,2378228
-107.69902513002337,100,2378328
-142.01703720919542,93,2378421
-148.1281311861407,100,2378521
-85.54410251648018,75,2378596
-388.68072585076675,101,2378697
-102.07204719404258,69,2378766
-172.2921291054699,94,2378860
-125.78691719040648,60,2378920
-121.72410013398849,89,2379009
-117.78693223780951,81,2379090
-310.1467497234519,92,2379182
2.399030825965781,75,2379257
-104.11533755131302,99,2379356
-302.75566933617336,100,2379456
-170.48139410380048,56,2379512
-83.13582845713864,133,2379645
-79.92664853468746,64,2379709
-103.37733900278246,75,2379784
-75.67928719397663,104,2379888
-232.1048471845767,99,2379987
-178.24047305850786,143,2380130
-396.49021995956093,89,2380219
-83.55584334370364,74,2380293
-342.10671720132143,105,2380398
-222.4475652633898,68,2380466
-144.58353842325,80,2380546
-3.733051427305753,74,2380620
-207.83694957061482,83,2380703
-172.74039987920142,69,2380772
42.232366926975914,154,2380926
-83.67259412462178,118,2381044
-103.64694776984497,85,2381129
-98.37638849059822,70,2381199
13.227287063717199,110,2381309
-221.72512542847574,112,2381421
-146.74171548102333,85,2381506
-321.4196452036546,67,2381573
-94.41064475675871,72,2381645
-161.26226992720393,102,2381747
-141.94097307899068,125,2381872
-77.09134893390755,67,2381939
40.20398805455477,79,2382018
-85.34590439299589,76,2382094
-286.9696755382241,100,2382194
-348.0557381912264,109,2382303
-102.7680705131159,67,2382370
-406.52619161407466,94,2382464
-312.9053101173619,122,2382586
-116.31554731185311,103,2382689
-122.30618681996391,79,2382768
-147.74884698632633,62,2382830
-59.06141017623352,65,2382895
-81.80309126397522,98,2382993
-394.08387128273336,91,2383084
-465.9404328667781,78,2383162
-59.942068066823566,71,2383233
-312.0003168742775,103,2383336
-103.99154423238123,112,2383448
-88.22752920059187,77,2383525
-151.58056816728828,112,2383637
-185.3706718901543,76,2383713
-135.40149212226672,104,2383817
-129.85060163354956,63,2383880
-104.64284054825714,63,2383943
-94.64502336055847,116,2384059
-173.88469796361844,91,2384150
-173.57512329219878,103,2384253
-274.741016926944,120,2384373
-126.5073361560051,83,2384456
-100.24209028996967,84,2384540
-152.6925827256801,85,2384625
-114.856314275928,74,2384699
-123.85938809450887,93,2384792
-162.20309691176175,84,2384876
-121.31799163968203,77,2384953
-116.9464547213647,103,2385056
-127.23944153441798,114,2385170
-99.18438503938374,64,2385234
-411.4268602806262,107,2385341
-178.12929734212074,95,2385436
-121.42455515106141,84,2385520
-199.04463298804114,72,2385592
-30.271934201921823,79,2385671
-109.03142295004318,100,2385771
-113.69126049750504,127,2385898
-263.38685028039316,102,2386000
-242.38733632929498,101,2386101
-342.41051209903094,90,2386191
-84.89071345907075,63,2386254
-127.00034366089545,113,2386367
-145.5026141966331,119,2386486
-303.5117559910036,105,2386591
-132.4758468868755,132,2386723
-354.64701636126637,106,2386829
-112.90000731203504,148,2386977
-114.33703207428917,76,2387053
-500.5872330137927,87,2387140
-75.56749314368393,77,2387217
-292.3877209721553,98,2387315
-116.13884552595208,92,2387407
-225.72594661318078,61,2387468
-96.76845230847385,61,2387529
-91.90332084508732,64,2387593
-119.74400473259668,118,2387711
-438.2193520184266,93,2387804
-311.1935238839219,134,2387938
-179.21979114711803,88,2388026
-63.29567589230611,104,2388130
-158.80799963310662,87,2388217
-354.1738176899946,92,2388309
-98.14903985759156,141,2388450
-110.58585951003872,66,2388516
-99.75891355082186,76,2388592
-113.21751194378541,68,2388660
-219.45670767529103,77,2388737
-92.43956815837954,86,2388823
-129.49613353246832,110,2388933
-233.39653460950726,111,2389044
-125.29383008004189,77,2389121
-34.09171363861212,83,2389204
-87.03432509590809,92,2389296
-212.0916549639535,84,2389380
-421.56867375586114,93,2389473
-156.13345894697272,104,2389577
-356.1902057034323,95,2389672
-108.7993283937576,95,2389767
-121.18221343082479,66,2389833
-81.96901487873876,68,2389901
-63.557300170413356,62,2389963
-84.87506348918149,101,2390064
-123.37842122308022,85,2390149
-409.047822544421,87,2390236
-463.9008436136013,117,2390353
-78.20276266025537,67,2390420
-385.51338662806825,98,2390518
-118.39615067900746,109,2390627
-114.56272014228993,109,2390736
12.865090652412135,115,2390851
-361.45385256761847,105,2390956
-86.07630096412815,79,2391035
-398.4929814177605,77,2391112
-305.09913141515847,87,2391199
-118.23196344285341,73,2391272
-495.42983730513777,88,2391360
-559.1166149437572,93,2391453
24.615545067608664,97,2391550
-325.36930457288713,110,2391660
-153.0427174061762,123,2391783
-231.523394606263,129,2391912
-179.58884626670198,104,2392016
-255.76370076176303,91,2392107
-145.6684865107954,75,2392182
-223.08837801656065,76,2392258
-87.01288583502149,113,2392371
-409.1687235811595,91,2392462
-311.94829260666916,103,2392565
-161.09091684445139,130,2392695
-69.02496429610161,78,2392773
-333.6061400803621,97,2392870
-100.46622019042942,74,2392944
-74.98662867201982,70,2393014
-318.2643041948188,92,2393106
-270.6596560500566,78,2393184
-119.93629403650918,88,2393272
-126.09077992323773,81,2393353
-68.77411706707902,61,2393414
-177.33206435325434,86,2393500
-88.36952962855304,90,2393590
-75.90857930416135,61,2393651
-131.1924732987712,59,2393710
-344.8457905977898,104,2393814
-149.9745799129722,67,2393881
-117.53829496726553,61,2393942
-321.335559132168,87,2394029
-338.6724409989873,134,2394163
-424.0033287850505,98,2394261
-86.30159590434263,75,2394336
-249.66617829324602,110,2394446
-336.8896918763153,132,2394578
-166.35058630106676,85,2394663
-208.96372668031174,66,2394729
-82.21489869441058,92,2394821
-446.9143340799685,114,2394935
-59.093143826832275,81,2395016
-301.60448246892963,80,2395096
-120.2344528656844,106,2395202
-360.45405198084796,96,2395298
-252.00281632713163,104,2395402
-165.23428192922754,61,2395463
-462.49647085637133,79,2395542
-52.210667512901296,91,2395633
-213.99259667870535,105,2395738
-116.24472427149294,71,2395809
-183.72621243213126,77,2395886
-153.12933286666197,93,2395979
-319.66841498378494,118,2396097
-139.63747160865228,65,2396162
-406.72517093254277,90,2396252
-73.91406416784258,57,2396309
-184.46963250310475,64,2396373
-173.87406013096427,107,2396480
-110.93805086350916,65,2396545
-111.48475365062066,91,2396636
-429.0679681889002,110,2396746
-343.46486804496044,119,2396865
-248.12215257069468,76,2396941
-273.2632592254774,120,2397061
-484.7184574735658,112,2397173
-107.66821173333202,120,2397293
-118.5212818246284,130,2397423
-296.6098248241933,111,2397534
-154.61969006505322,101,2397635
-225.63848358384143,127,2397762
-243.94317446961057,109,2397871
-94.33189578040816,78,2397949
-60.56558074020207,74,2398023
-110.18402734657154,81,2398104
-329.703167732858,78,2398182
-321.5896060500269,76,2398258
-129.9339993048778,119,2398377
-106.69960725343012,68,2398445
-434.228752981832,104,2398549
-138.76888069111507,116,2398665
-269.7075590723125,104,2398769
-206.26641209531698,87,2398856
-100.3184044895305,69,2398925
-108.30448556860863,102,2399027
-77.82790097035362,148,2399175
-91.19046259759,104,2399279
-86.0322483180546,64,2399343
-174.52914810700327,74,2399417
-160.12740691297807,98,2399515
-135.61551741002162,86,2399601
-371.02091497990534,85,2399686
-109.00468609065592,93,2399779
-221.53512415965994,111,2399890
-125.94788981554308,62,2399952
-147.83259049244123,62,2400014
-253.38159496047157,95,2400109
-293.4734961994991,63,2400172
-232.00623985030776,88,2400260
-115.48936338151984,95,2400355
-259.04676386250196,111,2400466
-99.18085669422442,113,2400579
-282.4298358978814,126,2400705
-105.67918019243439,72,2400777
-135.79007144129685,85,2400862
-82.10077214608273,81,2400943
-318.3424484664665,103,2401046
-124.87308336973999,79,2401125
-248.3942049487479,126,2401251
-141.1810929463083,114,2401365
-334.2748891417584,112,2401477
-450.6717227274752,117,2401594
-339.88852371905676,118,2401712
-302.7962440428505,108,2401820
-308.77413027580485,98,2401918
-355.4165199247192,93,2402011
-113.18236716939522,126,2402137
-225.26064760307887,118,2402255
-187.79203212350126,76,2402331
-264.9735250793419,100,2402431
-320.384331948356,124,2402555
-87.00652949651196,88,2402643
-161.54217853785178,102,2402745
-70.61756174798431,68,2402813
-347.55974099000116,99,2402912
-153.01402650630925,99,2403011
-385.5226464254084,83,2403094
-121.91638919397744,88,2403182
-163.73809950088742,71,2403253
-165.58795562937735,91,2403344
-66.317000954864,80,2403424
-313.5503029955129,121,2403545
-123.04386419713356,85,2403630
-132.61763010389237,90,2403720
-77.65623053351618,82,2403802
-225.79475952407677,66,2403868
-99.07884431684946,91,2403959
-351.6435699527259,92,2404051
-196.05141460619427,63,2404114
-116.21183613433568,77,2404191
-210.3442884480603,84,2404275
-78.68087699549278,168,2404443
-176.95426837111023,68,2404511
-251.59639178787313,75,2404586
-230.41797724728207,79,2404665
-261.1789495497643,72,2404737
-146.56917656858613,111,2404848
-242.89502244131938,108,2404956
-295.6683134915229,73,2405029
-75.08565912173968,90,2405119
-174.01465387757605,129,2405248
-152.58977953046184,77,2405325
-229.43564604043812,87,2405412
-255.15621734681213,115,2405527
-284.7267138012203,119,2405646
-224.72241202979387,111,2405757
-230.8071995776406,102,2405859
-459.7585266956537,76,2405935
-328.37267152545655,85,2406020
-75.24989960182154,65,2406085
-159.75210863027704,60,2406145
-189.5270656077678,117,2406262
-100.49579612349686,129,2406391
-199.63279054022922,59,2406450
-107.76245500952488,66,2406516
-442.4203213513247,96,2406612
-147.11482627938238,68,2406680
-183.64779075964464,113,2406793
-130.6215942229037,65,2406858
-382.0923895523338,94,2406952
-345.3181721653367,102,2407054
-297.02397932150984,112,2407166
-75.12039065020288,109,2407275
-295.7283066844251,133,2407408
-111.73901953585427,73,2407481
-129.00303093503578,98,2407579
-340.98235885795555,104,2407683
-304.8932918316291,76,2407759
-258.1762212410706,116,2407875
-304.9811914054096,108,2407983
-203.72300047522344,111,2408094
-204.19806459650906,115,2408209
-121.70719171818064,121,2408330
-114.14598331208889,81,2408411
-304.6344178524414,106,2408517
-253.8940106953881,102,2408619
-145.65316483227647,96,2408715
-90.1948858908133,74,2408789
-442.09445608103505,126,2408915
-130.44370046651596,74,2408989
-162.94735397716613,107,2409096
-112.59274249822438,80,2409176
-206.80135035371856,63,2409239
-100.575377175089,69,2409308
-80.62150671076508,76,2409384
-201.99842206819443,143,2409527
-354.0933183344709,143,2409670
-106.04274432048798,60,2409730
-210.79352733688154,119,2409849
-175.5121166432986,82,2409931
-298.8280327460425,97,2410028
-211.76954455512828,64,2410092
-350.4413929248651,75,2410167
-189.21034887496836,130,2410297
-101.25529945226205,68,2410365
-138.9550937789245,80,2410445
-226.5275185474156,100,2410545
-90.59080002037969,68,2410613
-106.54064752402171,87,2410700
-166.29656489773768,64,2410764
-80.31098448640167,103,2410867
-255.94340366436617,72,2410939
-132.3636356041195,74,2411013
-129.13699246328918,79,2411092
-119.19199632979343,79,2411171
-93.69796961558727,79,2411250
-105.92885927518289,99,2411349
-85.66550388853204,71,2411420
-209.11080139308166,112,2411532
-178.34172640673944,90,2411622
-154.3582390719223,77,2411699
-113.32438465097029,78,2411777
-83.27448926370649,75,2411852
-215.93599073266137,98,2411950
-251.27599868926882,64,2412014
-137.70674957081312,99,2412113
-267.679787521579,97,2412210
-235.00050776653842,86,2412296
-67.22384999889115,65,2412361
-160.03141141416248,84,2412445
-232.74220692776402,102,2412547
-259.18931873890926,80,2412627
-184.02479910121474,90,2412717
-447.8070588780812,112,2412829
-290.35013179204896,96,2412925
-133.38699771377742,98,2413023
-181.21185749057213,65,2413088
-507.36550437589887,110,2413198
-326.3360591901792,113,2413311
-76.03471271533007,71,2413382
-144.8339390392454,73,2413455
-128.79829491299964,91,2413546
-118.54186677744828,70,2413616
-113.29601196890987,113,2413729
-146.13943000034232,114,2413843
-235.03795390900322,88,2413931
-100.48400321870496,119,2414050
-217.81521353053483,74,2414124
-197.96012689194527,121,2414245
-58.7986761769441,57,2414302
-98.63459457336548,57,2414359
-239.01257338891494,89,2414448
-328.56642498069345,110,2414558
-202.88291720044495,75,2414633
-357.73365500026796,107,2414740
-66.23512518665966,59,2414799
-208.86136369941704,124,2414923
7.106276459386493,76,2414999
-124.84441845146291,71,2415070
-137.21069298194936,63,2415133
-97.93834316509486,61,2415194
-403.9606958502391,127,2415321
-149.59791186591394,136,2415457
-89.56217482251961,68,2415525
-112.40384648155533,66,2415591
-100.81057509802831,97,2415688
-127.13495661938298,70,2415758
-79.26988374357083,74,2415832
-17.132852941339166,157,2415989
-167.88924830565452,67,2416056
-130.45516476846254,66,2416122
-355.0867769728999,106,2416228
-235.19647500979605,109,2416337
-554.4387196456826,105,2416442
-119.75349666204485,114,2416556
-470.50178147445365,125,2416681
-78.84553828371523,114,2416795
-165.5696718745827,101,2416896
-104.04934629411868,120,2417016
-80.79640375104749,63,2417079
-105.16639682078588,73,2417152
-213.50894000763114,76,2417228
-159.90446711774302,83,2417311
-134.64437595435925,93,2417404
-146.44393321370467,69,2417473
-305.82144504754467,96,2417569
-64.15331969798508,79,2417648
-108.3321152164012,110,2417758
-306.895893187981,111,2417869
-154.02070403306828,130,2417999
-222.03863119129258,127,2418126
-145.67995438200194,63,2418189
-77.62380344372582,77,2418266
-165.60463486547638,107,2418373
-112.47286320578154,70,2418443
-165.85771452176095,96,2418539
-303.27186177448783,92,2418631
-243.15075081321322,90,2418721
-131.17568557451307,102,2418823
-341.368921013613,129,2418952
-269.67228715329384,83,2419035
-134.65252640391896,88,2419123
-208.1645459905008,150,2419273
-145.77864143553703,90,2419363
-33.40220719754521,65,2419428
-152.68948093150513,100,2419528
-212.00104476768215,72,2419600
-497.4183346631162,124,2419724
-302.33257167001057,93,2419817
-108.93421960444374,69,2419886
-111.09260202191768,105,2419991
-146.62910439573312,135,2420126
-187.35270690123247,114,2420240
-104.99638090099953,123,2420363
-426.0270159973408,92,2420455
-122.00343098806479,83,2420538
-123.42412061850291,67,2420605
-113.96874904111527,77,2420682
-101.67722623724836,81,2420763
-157.7282077134883,91,2420854
-104.59291371504418,70,2420924
-190.99282116828954,109,2421033
-340.8586497284735,85,2421118
-156.80639845489586,143,2421261
-161.77401909492298,90,2421351
-385.9353726233677,91,2421442
-58.95977611584287,85,2421527
-80.61468072930906,88,2421615
-88.33849270181055,72,2421687
-146.83897993054205,137,2421824
-126.86777734156152,86,2421910
-137.92332064897616,61,2421971
-116.96097210423594,128,2422099
-148.94816917050235,112,2422211
-232.75740265910198,97,2422308
-106.41208927630376,77,2422385
-353.75910172643904,84,2422469
-124.25922689215369,86,2422555
-127.47909766285183,66,2422621
-177.1611362080974,131,2422752
-251.8316175988312,130,2422882
-118.974183512205,84,2422966
-133.87939809256181,104,2423070
-100.03466907049963,127,2423197
-95.34524661303438,71,2423268
-78.84616547648724,69,2423337
-79.32785063015741,71,2423408
-333.28190262250314,117,2423525
-152.62971993875698,83,2423608
-17.8091949843283,101,2423709
-118.07683295618021,60,2423769
-355.04441718194437,81,2423850
30.637546129178958,64,2423914
-107.4767361235206,79,2423993
-70.32245051475415,68,2424061
-323.6228109674186,98,2424159
-101.86679345257866,128,2424287
-199.92237702500663,72,2424359
-225.4615421447594,97,2424456
-395.6787197359408,92,2424548
-181.81728500746,99,2424647
-156.70561590859882,69,2424716
-335.6626528810532,120,2424836
-164.36561820504755,121,2424957
-150.68591704456384,81,2425038
-143.0286757107109,101,2425139
-113.76537333490774,79,2425218
-245.01211890478345,89,2425307
-82.99107237260105,76,2425383
-171.98940247664865,82,2425465
-395.9693859042523,83,2425548
-106.72279459008031,72,2425620
-389.71548671778476,110,2425730
-209.33124446498152,81,2425811
-462.90407775160486,109,2425920
-282.0039260615765,92,2426012
-125.06800293086685,66,2426078
-258.3778087634614,92,2426170
-173.17622174998098,99,2426269
-84.9004543559774,67,2426336
-277.1675546476429,114,2426450
-310.31272498239673,121,2426571
-112.7855327160796,111,2426682
6.780750580128526,85,2426767
-236.14271094633318,101,2426868
-95.43985984288979,67,2426935
-207.0545945422955,68,2427003
-253.3271593895981,81,2427084
-430.58082814363667,112,2427196
-116.37767487832681,79,2427275
-331.66257574557017,83,2427358
-334.6142184750289,84,2427442
-227.47668930432002,114,2427556
-250.25141008337127,111,2427667
-119.52939847419768,101,2427768
-112.07317995364284,124,2427892
-112.02355593917797,68,2427960
-22.993944702893344,72,2428032
-90.17150677256876,88,2428120
-113.32645887804121,97,2428217
-113.7158673148031,69,2428286
-143.17288235611545,94,2428380
-108.19750125650464,74,2428454
-122.81625075263187,133,2428587
-274.6048937572159,106,2428693
-114.05065788913281,76,2428769
-136.72768406880556,100,2428869
-294.98549902053327,81,2428950
-312.55319425881817,84,2429034
-99.47799900183583,64,2429098
-175.32702194803153,81,2429179
-243.60882010308578,102,2429281
-114.69609881065256,81,2429362
-173.22048173057277,61,2429423
-342.9187799260128,130,2429553
-431.5490388678504,109,2429662
-188.16473772836116,100,2429762
-262.1029601354899,136,2429898
-133.87338933864885,79,2429977
-164.70244656384858,107,2430084
-126.34827005122881,62,2430146
-206.65357553770951,110,2430256
-199.11577728436356,72,2430328
-266.7311774073294,72,2430400
-70.34086744386114,71,2430471
-67.457174806421,72,2430543
-83.56923370479973,67,2430610
-326.84191414818883,119,2430729
-72.89506958138577,89,2430818
-131.17169307945423,81,2430899
-436.79662913269186,110,2431009
-198.8037053061584,107,2431116
-96.89749169728375,88,2431204
-95.55279825613097,88,2431292
-87.13989624881062,64,2431356
-123.06039903388339,78,2431434
-106.21329054350649,88,2431522
-121.33428805916445,89,2431611
-96.71583030025702,127,2431738
-298.5382841081212,105,2431843
-51.89314486165617,75,2431918
-118.1231471840072,74,2431992
-233.7944087241591,78,2432070
-358.7912191290517,106,2432176
-230.24206664828102,75,2432251
-104.1926916068787,83,2432334
-279.47255336651904,127,2432461
-94.88525489515855,63,2432524
-304.1822223176059,105,2432629
-113.06822665502473,81,2432710
-358.88192653122786,108,2432818
-89.60939990750673,68,2432886
-265.8774508749332,68,2432954
-151.31778435085488,107,2433061
-204.7575898081459,65,2433126
-17.04768622543436,81,2433207
-173.72761136221675,103,2433310
-126.75529602485261,89,2433399
-94.60944143218822,108,2433507
-406.6301888927412,113,2433620
-112.04997898063283,70,2433690
-156.67751151162815,61,2433751
-172.06453606753092,61,2433812
-383.31719224076363,87,2433899
-364.81913952965203,112,2434011
-261.43403164776345,103,2434114
-195.54535771026158,104,2434218
-79.55576103564167,60,2434278
-320.15231059381756,96,2434374
-77.47124101559365,102,2434476
-135.46872599236798,123,2434599
-91.68120733245377,68,2434667
-159.17098555156952,85,2434752
-80.63406001322643,107,2434859
-299.0532116609702,120,2434979
26.05916922250968,150,2435129
-103.77401667649106,79,2435208
-198.80098786367842,99,2435307
-85.96814501576299,73,2435380
-117.42938090952478,71,2435451
-72.38211400610302,72,2435523
-94.77267213271944,65,2435588
-130.2845859675099,99,2435687
-66.41050670475333,69,2435756
-106.09103616024959,71,2435827
-97.47597896138353,74,2435901
-144.54909181893908,70,2435971
-345.2324939380387,94,2436065
-334.9190735765253,96,2436161
-103.54492202565636,91,2436252
-246.00917682225247,85,2436337
-420.46132231297474,107,2436444
-391.7025813407845,108,2436552
-165.9607127585188,130,2436682
-105.80393999248236,135,2436817
-212.49462696347933,114,2436931
-304.8219917570266,94,2437025
-214.83739585031617,72,2437097
-179.83650530085293,115,2437212
-124.34100279421105,88,2437300
-87.12530963436387,97,2437397
-317.45405872071615,97,2437494
-98.12340510174396,108,2437602
-172.94887969404152,101,2437703
-123.0516463388286,85,2437788
-151.10827171767107,124,2437912
-93.91519028092374,72,2437984
-160.8711652134835,99,2438083
-310.1473368733545,86,2438169
-242.88464898611923,102,2438271
-243.87534887381506,92,2438363
-220.77573917447972,101,2438464
-167.88635374491622,93,2438557
-133.07275774700375,126,2438683
-12.061856939383077,155,2438838
-94.77317865206297,62,2438900
-77.70252139375904,72,2438972
-253.690722923986,85,2439057
-58.54954823131153,83,2439140
-287.01952191762086,109,2439249
-158.86286583106022,98,2439347
-167.4583209090631,78,2439425
-191.3279189170985,85,2439510
-100.60313998992017,100,2439610
-114.51139186559367,100,2439710
-121.55515595103563,81,2439791
-220.14231531314277,72,2439863
-213.30258616169525,102,2439965
-27.085167859122606,132,2440097
-100.87510851257713,68,2440165
-54.92663763805815,94,2440259
-55.57390932977748,61,2440320
20.8099464252726,69,2440389
-203.11659342382293,121,2440510
-108.22379987307104,73,2440583
-223.14080996772321,85,2440668
-417.9705528692297,107,2440775
35.363249706555564,73,2440848
-197.1233607471171,96,2440944
-107.86844216775248,84,2441028
-153.99099128025293,73,2441101
-89.05592000379876,101,2441202
-89.06556788767521,79,2441281
-199.14968334994848,127,2441408
-264.8479265047763,103,2441511
-75.13541490824718,70,2441581
-316.32254617712374,108,2441689
-330.80377801783965,120,2441809
-282.20126975849314,83,2441892
-60.32267501413018,123,2442015
-52.37173301381546,64,2442079
-219.8202211836051,129,2442208
-267.31356788670456,95,2442303
-76.26697305350396,69,2442372
-293.43423815032065,107,2442479
-357.94660667466064,123,2442602
-380.49047473534824,92,2442694
-134.98484841552673,96,2442790
-149.2934502703353,65,2442855
-316.5616859910224,103,2442958
-386.93545014131166,90,2443048
-426.61241198975847,110,2443158
-280.30921902118723,97,2443255
-147.45880754795223,112,2443367
-250.6227393019554,118,2443485
-65.73452444966966,61,2443546
-435.462440317485,75,2443621
-162.96210808661044,105,2443726
-120.18718451607248,97,2443823
-137.94255848434074,73,2443896
-171.20510539157337,102,2443998
-82.5352493959612,83,2444081
-115.46710559683238,81,2444162
-350.6975282048604,101,2444263
-509.2853445258429,84,2444347
-161.99947500947218,124,2444471
-111.17902687497447,71,2444542
-238.7227231161604,111,2444653
-74.01103906901066,116,2444769
-458.94149111481624,108,2444877
-132.5596150859805,64,2444941
-253.05074558954746,74,2445015
-159.4782610064551,68,2445083
-18.990600457137447,112,2445195
-115.8336245143366,102,2445297
-114.43774704993153,97,2445394
-144.7266934605818,59,2445453
-140.91611039245439,82,2445535
-347.3605120823799,120,2445655
-93.80122674608798,124,2445779
-117.96683603119321,71,2445850
-97.4334905301042,118,2445968
-252.71741692089464,106,2446074
-113.44893401308867,109,2446183
-310.68256244779064,123,2446306
-87.26752421104591,130,2446436
-106.07487050159017,103,2446539
-113.2583263128076,82,2446621
-514.7059634173461,130,2446751
-116.04317440084516,92,2446843
-72.24348852268956,89,2446932
-114.5145993662595,86,2447018
-88.73826250556746,93,2447111
-44.74385204837384,79,2447190
-154.62696291352987,87,2447277
-154.08004577868167,84,2447361
-116.74636890396454,89,2447450
-37.48429928667761,67,2447517
-335.8322821524108,120,2447637
-145.96351734666507,65,2447702
-128.45512571657216,74,2447776
-396.4356310967548,115,2447891
-298.3007735442625,82,2447973
-280.9124810577182,100,2448073
-295.2916299190715,80,2448153
-130.3926829609108,118,2448271
-114.4982319176532,58,2448329
-92.97316382663828,77,2448406
-109.62656650261425,106,2448512
-105.78568613556621,73,2448585
-145.10455231664008,77,2448662
-97.69781856125815,92,2448754
-507.47040795754816,94,2448848
-320.47676689421655,87,2448935
-333.9224449145313,125,2449060
-128.9606158200314,68,2449128
-106.51155875888722,76,2449204
-385.4821735340731,91,2449295
-155.91786599323615,94,2449389
-241.62189097959907,107,2449496
-231.8122846222793,97,2449593
-390.1069080006068,107,2449700
-239.62853125273554,116,2449816
-448.74565747353194,86,2449902
-130.9701479437448,108,2450010
-339.1332191233457,109,2450119
-298.2589809606511,109,2450228
-254.8343912084904,71,2450299
-102.85586310365537,58,2450357
-205.34312593231732,120,2450477
-124.83810327339648,89,2450566
-126.12551012154135,103,2450669
-271.581592283864,85,2450754
-108.47397233612716,82,2450836
-109.4435669184397,144,2450980
-188.4550548486207,128,2451108
-213.07338700116392,110,2451218
-81.98137454210628,72,2451290
-150.81114595052972,115,2451405
-503.0054800929348,98,2451503
-61.12078971764352,71,2451574
-216.18928608269468,89,2451663
-142.5860863805537,81,2451744
-283.35092597311836,91,2451835
-205.42093037511518,123,2451958
-276.6373189312809,103,2452061
-93.24150737933742,70,2452131
-91.18351838629859,116,2452247
-186.2540115300986,123,2452370
-104.41972227692159,70,2452440
-168.6846410680675,66,2452506
-59.930953506988516,103,2452609
-431.2226858214564,91,2452700
-147.13206517176215,92,2452792
-296.8151893551385,143,2452935
-141.69631091409155,71,2453006
-461.0062335672273,136,2453142
-164.95125058355794,90,2453232
-246.98200123540846,108,2453340
-167.91912835332062,127,2453467
-221.23121902666452,102,2453569
-92.04298684829715,60,2453629
-427.0512560032488,98,2453727
-397.4119076098605,85,2453812
-161.84889606941883,109,2453921
-350.0412180223873,97,2454018
-122.56578565821715,138,2454156
-30.527207376431306,82,2454238
-115.74477301054219,84,2454322
-103.71784064066722,92,2454414
-80.75579818263373,70,2454484
-96.30129483834452,66,2454550
-356.55707758878435,78,2454628
-111.00561838881922,58,2454686
-112.63659473175417,129,2454815
-303.23952830044243,103,2454918
-159.89098582820236,91,2455009
-237.86394685695808,110,2455119
-152.98376013849702,89,2455208
-206.28071624009533,77,2455285
-222.13164866892527,67,2455352
-63.79104382212445,81,2455433
-96.66146880810813,116,2455549
-137.89247176264,96,2455645
-167.79301234492655,76,2455721
-115.40935184702225,71,2455792
-76.82672781790299,73,2455865
-212.37697004124823,98,2455963
-199.92266068296982,88,2456051
-151.47780995182944,107,2456158
-107.36601546206528,104,2456262
-134.29840085561028,108,2456370
-230.00255195739695,70,2456440
-125.31863570439994,91,2456531
-134.967709465545,121,2456652
-195.6470061145507,68,2456720
-141.27389811733946,61,2456781
-112.92847489158535,71,2456852
-192.6414181953111,59,2456911
-124.57416639816863,94,2457005
-119.21138059539949,102,2457107
-93.27267846348657,74,2457181
-115.0918164047665,87,2457268
-129.4950530377739,83,2457351
-95.73980543523734,98,2457449
-241.66046605823755,89,2457538
-186.1310213062519,86,2457624
-143.4475128039084,66,2457690
-77.6689768723086,66,2457756
-157.21524247494415,62,2457818
-88.69983177784091,113,2457931
-305.18478203029497,127,2458058
-135.79033132356113,75,2458133
-126.1030460372877,97,2458230
-87.30383390501459,124,2458354
-190.73993966880815,82,2458436
-371.1488056047732,94,2458530
-174.55520971494118,101,2458631
-65.47508697396762,67,2458698
-196.1021109709426,75,2458773
-35.22173231652913,101,2458874
-124.47636695455449,53,2458927
-247.06493775740375,130,2459057
-136.62018993684597,107,2459164
-166.25972298267544,69,2459233
-75.80222513346568,73,2459306
-298.4696719306213,66,2459372
-111.17492601925247,70,2459442
-330.25442033111676,93,2459535
-136.22041578564549,120,2459655
-153.1038841723464,67,2459722
-326.3170714911639,90,2459812
-100.63298891845409,64,2459876
-84.44121275875625,83,2459959
-130.22398555511785,101,2460060
-102.44966810862775,99,2460159
-117.65592691657895,91,2460250
-364.0266966009866,106,2460356
-90.80948007808351,78,2460434
-147.46564434368753,89,2460523
-114.78122925352851,66,2460589
-239.44508388588096,103,2460692
-280.2076198395922,81,2460773
-35.00880144569305,119,2460892
-53.26630727501993,63,2460955
-125.38706274007338,75,2461030
-344.7485073293642,109,2461139
-360.6434035736999,91,2461230
-318.4281147298308,122,2461352
-137.65373445619582,82,2461434
-85.53730954576558,83,2461517
-294.73373116984175,97,2461614
-121.89806906710416,80,2461694
-364.2913068736904,103,2461797
-146.95277951450146,83,2461880
-380.91879061646415,80,2461960
-76.3109514677594,62,2462022
-347.70154408737926,105,2462127
-376.67910431449474,119,2462246
-346.49959344048165,67,2462313
-76.36596657284835,102,2462415
-266.5474820114078,105,2462520
-140.1437221233196,101,2462621
-262.54013018790323,86,2462707
-226.49787142351352,74,2462781
-209.33761481332743,123,2462904
-91.29053347344193,115,2463019
-502.6995379412532,94,2463113
-154.36509312721503,58,2463171
-165.3368880779589,113,2463284
-283.2360474664131,140,2463424
-78.45106403745032,69,2463493
-198.8717591001964,120,2463613
-68.06284673998505,66,2463679
-201.45661137213764,72,2463751
-123.41082166181188,66,2463817
-92.89694484959352,76,2463893
-516.8099487695424,102,2463995
-423.5159964435771,80,2464075
-121.48287163177899,79,2464154
-204.59073191141948,75,2464229
-321.78840219497647,115,2464344
-534.1616001349299,106,2464450
-271.42298155133903,114,2464564
-362.9106166401526,91,2464655
-144.42249708159662,64,2464719
-130.0938639583424,55,2464774
-125.58839277710402,86,2464860
-158.92676005900245,90,2464950
-311.35405068358574,103,2465053
-477.5971446595538,93,2465146
-161.35299620126122,74,2465220
-298.1642927685884,104,2465324
-156.5623164051916,77,2465401
-122.65911168603942,66,2465467
-231.6084665603434,88,2465555
-68.13852816392065,82,2465637
-42.44800175745854,96,2465733
-87.56152644755824,61,2465794
-115.96607876773041,79,2465873
-113.86556545289756,69,2465942
-133.72274623321408,88,2466030
-156.04287107230869,94,2466124
-455.3974091593615,89,2466213
-110.16168303289423,64,2466277
-294.0421834997055,116,2466393
-125.7011571623436,110,2466503
-286.9198279237379,82,2466585
-105.66728656857288,100,2466685
-259.35605173252543,106,2466791
-129.99169508897467,69,2466860
-122.69827285262166,79,2466939
-45.68091629986755,63,2467002
-181.9003072885511,87,2467089
-113.37233087846138,84,2467173
-79.12452498653076,90,2467263
-281.60606701128984,86,2467349
-115.31766005348393,72,2467421
-97.62764720095001,104,2467525
-306.1022873921895,77,2467602
-82.54632880506149,100,2467702
-392.6855749999519,95,2467797
-227.44532941806946,79,2467876
-114.76174139769691,67,2467943
-127.79863817147222,84,2468027
-94.49170606175643,109,2468136
-113.30401784652148,95,2468231
-494.84525521943925,90,2468321
-90.69441545548999,68,2468389
-288.95152105737895,71,2468460
-134.0667045881384,84,2468544
-122.00275367542443,119,2468663
-51.41416124239472,122,2468785
-81.97732120396985,67,2468852
-368.0668295899053,78,2468930
-187.31852297665748,111,2469041
-155.1153282721084,73,2469114
-112.28570721856956,59,2469173
-82.88549008856376,99,2469272
-353.13728802239126,100,2469372
-149.072085623408,87,2469459
-248.5275163725916,112,2469571
-124.2541736472879,94,2469665
-312.295905333791,97,2469762
-130.86748502093087,87,2469849
-299.1645161513734,93,2469942
-117.24095020754102,79,2470021
-5.775847578507609,81,2470102
-288.20885373464273,124,2470226
-141.9882747905054,110,2470336
-497.6022006093672,107,2470443
-220.34414568053558,104,2470547
-364.09702324747104,106,2470653
-115.84313431420338,76,2470729
-116.96660656893721,99,2470828
-107.95856606947308,98,2470926
-216.3172442964174,84,2471010
-284.44078560345963,108,2471118
-173.2785025610172,107,2471225
-50.91002917523343,64,2471289
-124.32416371575438,88,2471377
-29.29283320363494,138,2471515
-156.93114867598536,112,2471627
-182.07938750756125,85,2471712
-114.86843155167722,111,2471823
-284.5912130700408,80,2471903
-135.48544067951826,86,2471989
-89.51520013346007,82,2472071
-240.20239574459563,102,2472173
-100.7656557894252,134,2472307
-129.97186228238235,75,2472382
-251.09190883545367,129,2472511
-88.35822523843217,112,2472623
-116.16438905750388,70,2472693
-99.73101118061497,62,2472755
-105.21609006228773,73,2472828
-103.81860286064102,70,2472898
-357.7207207674358,79,2472977
-146.59064978293412,86,2473063
-143.08850941149157,142,2473205
-106.26429402326079,63,2473268
24.330211696198546,74,2473342
-241.30986135548955,98,2473440
-153.16955164581435,84,2473524
-105.43612082786932,73,2473597
-186.48924565367938,89,2473686
-167.1343691890827,92,2473778
-108.00242886591563,74,2473852
-172.3296118447461,71,2473923
-246.73986272945052,123,2474046
-15.100517488376283,113,2474159
-130.17632424239414,66,2474225
-132.3919724644734,93,2474318
-127.531426908173,109,2474427
-65.77316803499372,76,2474503
-306.7883014579604,86,2474589
-307.1403035145539,91,2474680
-490.48443334335593,139,2474819
-103.38726778432545,77,2474896
-99.53738689776162,64,2474960
-306.20297493344754,93,2475053
-450.3873577703789,127,2475180
-141.78597864904955,86,2475266
-297.37765781030146,99,2475365
-248.73879167039078,74,2475439
-282.6323238614094,102,2475541
-74.75665047386491,62,2475603
-86.11700387474822,69,2475672
-111.41851110873242,83,2475755
-103.61803724720097,111,2475866
-142.05601368622933,81,2475947
-62.280547537658435,58,2476005
-113.2849787336275,94,2476099
-8.503011674138037,120,2476219
-640.6493216755646,97,2476316
-105.38269777450378,114,2476430
-140.58250010664696,92,2476522
-176.150919912027,83,2476605
-72.99732978385778,103,2476708
-212.119630458284,114,2476822
-155.6163282415318,133,2476955
-94.15435334969791,133,2477088
-444.7881604960856,101,2477189
-87.35364007582773,114,2477303
-276.2483323085139,137,2477440
-110.53804867785092,126,2477566
-181.7845278781612,82,2477648
-99.0020269426106,66,2477714
-258.15591846308547,118,2477832
-243.87929104599476,108,2477940
-151.97947157656577,86,2478026
-102.4130550250402,79,2478105
-307.5910636937112,111,2478216
-344.10949906478095,92,2478308
-83.72859913208309,66,2478374
-64.48420431782351,63,2478437
-103.11065405856459,65,2478502
-115.28736960224039,89,2478591
-206.9586919414426,118,2478709
-193.00266742474082,79,2478788
-128.60854135433618,84,2478872
-91.39860945269044,70,2478942
-166.23514499098255,109,2479051
-374.3047808826142,112,2479163
-132.3581039633133,68,2479231
-113.42896848872937,76,2479307
-106.70221468081519,66,2479373
-113.4077205720638,140,2479513
-252.73812810503046,98,2479611
-190.66105099530267,114,2479725
-139.61889028274385,88,2479813
-174.49742572658766,90,2479903
-265.0054987827057,78,2479981
-84.81091633344333,82,2480063
-109.88957465800134,68,2480131
-73.93180449775119,103,2480234
-358.6414891855814,105,2480339
-140.48232090563923,80,2480419
-213.99091605739187,88,2480507
-134.81037501181123,71,2480578
-236.72626064859327,91,2480669
-334.13176969463484,74,2480743
-51.1777046760839,90,2480833
-207.2299505558126,80,2480913
-144.79232395997983,89,2481002
-128.4294799498027,123,2481125
-138.48945783515165,73,2481198
-230.93033594470455,132,2481330
-175.07474374998196,121,2481451
-105.08384120926078,72,2481523
-269.255516564008,93,2481616
-247.77066662945484,131,2481747
-243.6486961916486,83,2481830
-327.8375263854026,94,2481924
-192.64511931810307,127,2482051
-167.6738592765986,67,2482118
-6.0537516754699965,106,2482224
-303.73178648217186,86,2482310
-305.40819340543646,84,2482394
-128.28025455435227,102,2482496
-151.69915042089713,108,2482604
-92.85612046707516,69,2482673
-150.06211734726156,83,2482756
-78.9240256606949,71,2482827
-139.7741470017066,83,2482910
-281.3433694832407,109,2483019
-79.96817111310116,67,2483086
-164.16004757838928,121,2483207
-35.320527385975964,97,2483304
-79.3693042830954,81,2483385
-129.0997029149362,74,2483459
-108.64238157384439,91,2483550
-144.0794727046396,91,2483641
-94.90519330154423,121,2483762
-70.2559144847269,73,2483835
-289.635161344314,102,2483937
-147.33883958154976,83,2484020
-115.24449628393896,124,2484144
-135.2929532617294,76,2484220
-328.66113691012555,112,2484332
-191.21851774466165,63,2484395
-98.77314712859877,64,2484459
-60.61057349344982,74,2484533
-350.1209592400321,80,2484613
-128.0207594609135,120,2484733
-114.97435406127376,87,2484820
-161.174857683207,69,2484889
-165.85963773294634,125,2485014
-198.4568432251263,72,2485086
-60.63252743960217,146,2485232
-118.51735161360264,93,2485325
-386.9290919959992,88,2485413
-109.7592747851994,68,2485481
-127.70528288981662,83,2485564
-113.98395488000286,145,2485709
-319.45934684443154,107,2485816
-408.27026820554016,95,2485911
-188.2039770793712,75,2485986
-163.4000131585476,119,2486105
-42.4231989726988,76,2486181
-70.14358046045857,64,2486245
-110.21206665477877,64,2486309
-76.77833456430207,108,2486417
-309.47881662567073,87,2486504
-135.27114399126518,78,2486582
-83.84977755485555,70,2486652
-111.73828493984155,104,2486756
-133.09022178103402,93,2486849
-400.1094210817688,90,2486939
-304.0706379267085,117,2487056
-88.84413452559836,66,2487122
-121.9427934824854,65,2487187
-153.42375588446373,84,2487271
-160.62616403827127,108,2487379
-286.309296814715,62,2487441
-139.54670437879537,90,2487531
-117.75027417509251,66,2487597
-286.1634313715331,115,2487712
-155.1439003129038,78,2487790
-279.21542263749853,101,2487891
-155.74182765612824,71,2487962
-215.5583917666276,100,2488062
-76.4322056244961,98,2488160
-252.12885458446922,124,2488284
-394.83677812493977,105,2488389
-179.615982382264,80,2488469
-62.76937259369172,69,2488538
-394.1277005724088,92,2488630
-235.4705106108509,83,2488713
-87.9958616790542,90,2488803
-145.00896478637728,74,2488877
-349.6882244860498,93,2488970
-104.33486458667869,76,2489046
-82.2513061337842,113,2489159
-84.07492841974494,89,2489248
-131.89295831142746,156,2489404
-238.80625786672098,85,2489489
-109.27895488885272,69,2489558
-176.48804760778364,83,2489641
-62.85310352643967,81,2489722
-104.71472141305911,94,2489816
-141.84260586537067,94,2489910
-113.81400809729604,89,2489999
3.730443925349107,82,2490081
-204.33089525502177,113,2490194
-106.20489261380065,91,2490285
-217.49732158761032,70,2490355
-122.20307780754774,77,2490432
-125.96736760197146,97,2490529
-87.56179444263611,85,2490614
-238.03572345538387,92,2490706
-88.15594405410208,77,2490783
-71.99354337130227,81,2490864
-159.87323278997252,87,2490951
-192.88073016363495,77,2491028
-155.67558933555685,108,2491136
-264.39342411907364,107,2491243
-204.9385088297813,112,2491355
-299.41765718755994,78,2491433
-384.845974361223,117,2491550
-22.348715366486246,71,2491621
-368.7391312036787,156,2491777
-101.22065983304242,85,2491862
-79.85992701744527,68,2491930
-190.4132253928624,89,2492019
-115.49962157729514,74,2492093
-279.93444860885825,72,2492165
-168.18939535165657,65,2492230
-158.56585823908213,106,2492336
-139.31129168879295,118,2492454
-203.17104208864896,78,2492532
-99.92332366734868,60,2492592
-225.3390250932057,84,2492676
-395.8613698985074,100,2492776
-192.25222549931587,104,2492880
-85.72649546181782,96,2492976
-64.50886899344025,70,2493046
-120.31078370233725,117,2493163
-404.4784783904793,83,2493246
-176.05898831937174,116,2493362
-83.2247882785594,61,2493423
-344.12929067727845,94,2493517
-302.1227247604895,107,2493624
-56.253028147266804,66,2493690
-223.81679648650046,142,2493832
-212.50289250672395,116,2493948
-207.47040345576795,102,2494050
-246.1296144782642,115,2494165
-459.7721090883117,88,2494253
-74.52009584920563,60,2494313
32.253592000584206,88,2494401
-328.8891807569766,78,2494479
-228.09641325265798,113,2494592
-156.7943557570153,90,2494682
-174.21458558171526,93,2494775
-269.1438909486013,107,2494882
-189.1490559936042,83,2494965
-158.0623118057616,131,2495096
-293.17728105662184,82,2495178
-135.91030999595927,144,2495322
-160.12723694216726,65,2495387
-257.89144709436295,131,2495518
-83.18934525440922,83,2495601
-108.13431117575803,71,2495672
15.741246033404693,71,2495743
-254.88458074776196,90,2495833
-258.5905872285165,100,2495933
-152.49939683635816,120,2496053
-93.25989221841701,71,2496124
-60.9561071308495,67,2496191
-413.54129505050753,106,2496297
-80.89550547325192,72,2496369
-182.99192500664725,127,2496496
-56.775607540641886,105,2496601
-376.35914068190135,85,2496686
-32.4217796352123,108,2496794
-221.81063868418119,107,2496901
-376.7496366057041,94,2496995
-201.67621004566965,100,2497095
-259.7586435185227,116,2497211
-204.92361379924137,88,2497299
-144.47187811100628,97,2497396
-99.91124789134767,82,2497478
-82.36696147281347,78,2497556
-239.50237112283384,87,2497643
-193.47103464758302,96,2497739
-130.4449683155316,78,2497817
-218.11250892327052,106,2497923
-115.74241721134172,85,2498008
-472.45851254436747,115,2498123
8.484082542796202,89,2498212
-311.63168257895256,96,2498308
-292.4787378587979,78,2498386
-105.92068071343358,91,2498477
-103.13280377543303,93,2498570
-190.85417704130697,74,2498644
-40.659376026472756,113,2498757
-166.90748240917566,112,2498869
-104.28120637088719,101,2498970
-151.53167112927088,85,2499055
-163.89802924821063,76,2499131
-180.57588284699722,111,2499242
-110.88466514096407,127,2499369
-158.6819312115008,71,2499440
-107.17919737088943,70,2499510
-91.3430690759576,78,2499588
-137.6860052341192,90,2499678
-451.00619622799036,116,2499794
-113.17227115124422,78,2499872
-196.36735566104147,114,2499986
-238.49452387379074,86,2500072
-157.23358499047413,86,2500158
-84.53392337397834,71,2500229
-331.005054104535,118,2500347
-136.7090838130358,102,2500449
-132.181074457873,96,2500545
-141.51946140517157,95,2500640
-365.22267413949055,108,2500748
-499.93374366640813,103,2500851
-136.8404211660435,88,2500939
-355.1816506387105,117,2501056
-313.97207694984655,94,2501150
-473.07562243494937,96,2501246
-326.4047085984273,114,2501360
-319.2215281206534,87,2501447
-116.88841183046682,91,2501538
-76.42703168977064,101,2501639
-103.10691240739591,106,2501745
-472.1096409031893,121,2501866
-126.88643168774988,79,2501945
-257.955360391172,67,2502012
-91.58835475256718,75,2502087
-177.09202706854126,76,2502163
-325.85567104212146,83,2502246
-278.1298796415944,73,2502319
-93.28596449625728,102,2502421
-109.90795284052308,86,2502507
-392.648687193526,135,2502642
-235.96611070389665,102,2502744
-349.88014302552995,113,2502857
-139.32269785524687,86,2502943
-111.38508336532647,84,2503027
-465.4886672416942,84,2503111
-120.69152002116164,86,2503197
-198.49980744287382,91,2503288
-345.5646088028552,109,2503397
-205.00795595806682,87,2503484
-398.3793529098953,84,2503568
-156.269304101543,93,2503661
-140.90909415833113,117,2503778
-196.32384722318676,93,2503871
-395.41421187742355,109,2503980
-98.2963852762047,67,2504047
-347.55381116064905,102,2504149
-231.63713753374253,81,2504230
-184.68537497328498,105,2504335
-176.28305898915062,72,2504407
-210.65954601677902,100,2504507
-123.45542187737615,70,2504577
-142.17856750871618,109,2504686
-255.87054207246072,111,2504797
-93.90538792957956,138,2504935
-322.91092691943686,130,2505065
-107.26453335275826,94,2505159
-112.60586579791817,103,2505262
-100.80727644035225,81,2505343
-146.38338038589575,105,2505448
-369.71194485949104,101,2505549
-272.77809914411125,113,2505662
-92.09575083386608,66,2505728
-387.180675638848,111,2505839
-134.85059711669473,80,2505919
-143.02542491690957,84,2506003
-134.58327138685374,89,2506092
-117.68588060244883,68,2506160
-151.90938295898886,57,2506217
-104.18813294034366,58,2506275
-117.82470140271717,108,2506383
-167.24692886584606,77,2506460
-327.99902617032274,79,2506539
-64.15280773069223,66,2506605
-113.99728241630964,94,2506699
-24.324658231566204,138,2506837
-99.9311752899243,86,2506923
-258.555026773785,112,2507035
-537.551865242288,104,2507139
-181.410219042888,130,2507269
-242.32156075657073,106,2507375
-287.9153367750117,88,2507463
-69.03975237283035,60,2507523
-346.7584819848688,114,2507637
-155.2146225244695,77,2507714
-132.28841787285486,99,2507813
-250.7102596925099,75,2507888
-162.89603081207923,84,2507972
-117.352553468244,130,2508102
-105.74953980456004,62,2508164
-387.3434040133022,118,2508282
-328.9630932760014,77,2508359
-122.14089323327939,91,2508450
-428.46406563560015,105,2508555
-405.2026331301966,100,2508655
-125.63672261912842,95,2508750
-266.42832149611803,126,2508876
-0.45676422845660625,101,2508977
-97.05218278003191,58,2509035
-113.22743912066267,62,2509097
-108.62783438922553,88,2509185
-162.60136508349518,125,2509310
-119.03816908224861,90,2509400
-84.68939894110241,64,2509464
-137.3334912835858,97,2509561
-173.3217268677105,72,2509633
-341.1238237632121,88,2509721
-190.79148770867056,72,2509793
-210.44863948985017,87,2509880
-53.630405012333114,61,2509941
-181.58946699798616,109,2510050
-86.97868210806224,77,2510127
-381.74919206322033,102,2510229
-276.22237730730467,78,2510307
-202.0264678121619,79,2510386
-109.96341781978876,79,2510465
-179.73903855287926,120,2510585
-154.40991474738837,73,2510658
-296.2832876874894,102,2510760
-202.2885887710264,80,2510840
-403.628570358955,103,2510943
-224.84739162085265,87,2511030
-128.14569084482946,91,2511121
-257.18611816193805,96,2511217
-481.0191882891005,125,2511342
-87.68658131399914,65,2511407
-101.51489798278482,82,2511489
-42.809356793035974,112,2511601
-140.5647072447265,65,2511666
-109.40704664225974,76,2511742
-128.00130352161872,73,2511815
-82.5161004259712,65,2511880
-107.50739995832659,122,2512002
-273.5887220433405,118,2512120
-333.85292706508415,94,2512214
-73.56752335107976,136,2512350
-126.97624692614549,108,2512458
-478.3096062892163,92,2512550
-156.52844932916003,100,2512650
11.51156458799045,116,2512766
-169.4402409593407,77,2512843
-174.92255493503774,87,2512930
-407.528388269899,103,2513033
-89.91137476114977,86,2513119
-224.81771619016402,79,2513198
-266.95801236621423,64,2513262
-132.10208910585922,188,2513450
-87.6526309611873,84,2513534
-108.46608107232534,109,2513643
-145.02491317816578,78,2513721
-135.32644389796707,80,2513801
-130.58463678919713,103,2513904
-388.1202298797607,94,2513998
-24.25806694385669,67,2514065
-409.1658314345355,99,2514164
-109.03163471989158,77,2514241
-97.18485016752197,76,2514317
-65.46307056195735,71,2514388
-133.81462651525447,93,2514481
-287.65378409600544,91,2514572
-106.87324634751513,82,2514654
-101.75966651572762,93,2514747
-147.88207944807334,113,2514860
-186.9482845089488,59,2514919
-242.11694807276717,129,2515048
-411.59868817583987,88,2515136
-369.6348523251099,95,2515231
-332.9370654624005,105,2515336
-136.96673718438737,105,2515441
-84.75454598632808,73,2515514
-108.8202862090459,77,2515591
-390.95972888303663,79,2515670
-230.57074815821395,90,2515760
-106.2650425478286,83,2515843
-215.57518143381427,128,2515971
-93.18457402805745,138,2516109
-146.93594123369178,115,2516224
-50.29309942793475,78,2516302
-273.9613618607542,110,2516412
-227.2462454382253,107,2516519
-94.68641979743644,101,2516620
-121.59380475991317,80,2516700
-107.77190512609636,97,2516797
-251.80021367027783,89,2516886
-119.30764819720144,103,2516989
-239.36842269743767,120,2517109
-79.18309082295674,66,2517175
-384.0462771096915,96,2517271
-328.14936139663746,79,2517350
-331.2445565517331,102,2517452
-86.60669121359774,71,2517523
15.938231694772753,127,2517650
-445.47817262364464,94,2517744
-99.34885903811629,109,2517853
-341.1770726469468,72,2517925
-239.98486266267432,126,2518051
-64.19617102944045,68,2518119
-193.25982987601037,142,2518261
-90.25794175279864,82,2518343
-241.61238800919438,104,2518447
-453.74208083577605,90,2518537
-145.07195937519953,85,2518622
-180.74627691618895,98,2518720
-199.11100555557965,84,2518804
-385.34114654166945,95,2518899
-435.608375382844,103,2519002
-87.46167473140443,59,2519061
-82.4397849338078,124,2519185
-132.97601956822714,73,2519258
-159.49612547562361,57,2519315
-233.214559495019,73,2519388
-150.18876424486143,119,2519507
-197.9849213415452,118,2519625
-205.8252146924659,68,2519693
-133.31835780362795,63,2519756
-359.5404058260435,101,2519857
-246.42560009561137,101,2519958
-245.8815411167492,62,2520020
-149.84010679161943,60,2520080
-70.3912501592808,79,2520159
-332.14767181243167,85,2520244
-56.31768716477623,60,2520304
-265.3228568147857,103,2520407
-158.32686507824428,82,2520489
-132.43169012258704,82,2520571
-289.99713011492685,79,2520650
-130.6003729862187,116,2520766
-89.80823249783269,94,2520860
-99.15833258020217,64,2520924
-221.8785188136125,113,2521037
-361.86643805442236,93,2521130
-305.26606957806155,103,2521233
-81.728996888642,82,2521315
-151.3150469427456,69,2521384
-146.61142019347903,83,2521467
-71.08985024956787,67,2521534
-354.72139428064247,91,2521625
-218.83514767149052,78,2521703
-50.017903320779794,83,2521786
-212.62842616419243,90,2521876
-252.89367777794206,116,2521992
-455.7231393249501,84,2522076
-248.05123844760527,140,2522216
-132.58795805314634,84,2522300
-52.76702700536948,85,2522385
-141.209358729976,113,2522498
-13.19001337531526,107,2522605
-345.2469480961244,106,2522711
-49.82195666206602,66,2522777
-199.0154115009756,94,2522871
-150.2751243722634,108,2522979
-34.905923850023896,112,2523091
-118.854469935965,89,2523180
-229.75078147855243,116,2523296
-96.0251280839317,124,2523420
-2.5476824684252506,137,2523557
-160.32490240271767,62,2523619
-230.026705277363,102,2523721
-59.85670446356911,92,2523813
-298.22634706742963,90,2523903
-157.02637728458188,73,2523976
-267.4682326563926,131,2524107
-415.09721456180733,105,2524212
-461.35115643602904,104,2524316
-105.17909469635293,73,2524389
-173.6000374816751,131,2524520
-313.588444298932,68,2524588
-125.25262708058659,95,2524683
-132.52437539482236,96,2524779
-479.48573244544787,111,2524890
-131.49596512567217,69,2524959
-170.60286629905585,59,2525018
-380.26655198874704,81,2525099
-234.06519823031067,116,2525215
-73.56917940451969,64,2525279
-491.0623778688621,97,2525376
-379.53248141888577,95,2525471
-77.53343638976288,81,2525552
-111.38067108674949,87,2525639
-89.75279816127806,71,2525710
-129.75898227948062,85,2525795
-227.5905314857293,144,2525939
-292.2288599577517,125,2526064
-120.0109131558306,117,2526181
-364.0713580933568,106,2526287
-135.19592549038657,78,2526365
-433.46707484231405,116,2526481
-50.63982519580411,69,2526550
-165.41496231325033,72,2526622
-277.0490692403896,75,2526697
-107.82218795719169,93,2526790
-59.61002000067955,61,2526851
-74.71384684752051,97,2526948
-53.674331716878555,134,2527082
-102.98128528657544,80,2527162
-145.33853004761588,66,2527228
-99.32214855125852,100,2527328
-89.58943143683263,69,2527397
-210.10162668504415,79,2527476
-233.79061779524636,74,2527550
-527.5120070241092,109,2527659
-88.70144833983395,79,2527738
-105.3829033934209,90,2527828
-72.23307877513416,79,2527907
-302.3599535575763,79,2527986
-105.21459547322048,67,2528053
-197.46741615826596,99,2528152
-123.94536799660237,95,2528247
-207.14317826031186,63,2528310
-268.21919629458864,118,2528428
-322.42095824104354,111,2528539
-107.65422498993871,70,2528609
-421.4335430924012,96,2528705
-350.2098007364533,111,2528816
-84.34236115525407,86,2528902
-363.8231749410845,135,2529037
-295.09276593231016,98,2529135
-204.12724733205624,59,2529194
-403.4026358544301,88,2529282
-146.3319196558461,112,2529394
-62.81657936887024,65,2529459
-125.35706289960481,97,2529556
-170.59193883933494,81,2529637
-428.9364307669956,106,2529743
-89.93053503870334,62,2529805
-100.67077678333982,88,2529893
-100.74228136884803,86,2529979
-72.64869771310144,82,2530061
-200.69134592484957,100,2530161
-85.5555073984431,68,2530229
-68.99559834885505,58,2530287
-32.547089641124344,70,2530357
-139.8902812576457,85,2530442
-105.02691682486677,104,2530546
-70.25482482153589,62,2530608
-335.139297946181,127,2530735
-271.28029628312356,102,2530837
-471.21450933637874,117,2530954
-108.24579485322508,114,2531068
-138.08537351534517,91,2531159
-305.6930413795816,96,2531255
-120.32535715149498,80,2531335
-85.55459396067741,79,2531414
-90.8433060083928,73,2531487
-342.32500203331426,115,2531602
-136.74696560277397,91,2531693
-211.1162637545604,111,2531804
-337.5284971984362,133,2531937
-231.0222666843917,88,2532025
-227.68825848336814,81,2532106
-329.78612176050876,88,2532194
-92.0114583335669,65,2532259
-50.98179192512458,63,2532322
-104.63908923326024,69,2532391
-104.58848943625351,89,2532480
-73.7039964065819,82,2532562
-340.6391190098223,125,2532687
37.674843573806896,87,2532774
-238.79902527404963,108,2532882
-377.608980404272,90,2532972
-302.0623372809736,86,2533058
-303.49469395384244,95,2533153
19.044377892033907,72,2533225
14.838621250090071,94,2533319
-121.52616954665811,98,2533417
-114.36179127440404,93,2533510
-9.384656906335707,111,2533621
-336.96031665106807,91,2533712
-400.4469814007372,88,2533800
-91.5829801568483,71,2533871
-237.88537732303197,90,2533961
-70.00552471716252,77,2534038
-108.16019666937358,97,2534135
-102.08823147199423,87,2534222
-146.50805097612132,67,2534289
-148.91088761519566,113,2534402
-162.67918281788292,79,2534481
-101.6406016821428,100,2534581
-108.49204812529686,92,2534673
-196.2114367562952,91,2534764
-167.10329528223963,109,2534873
-173.91178965097907,63,2534936
-94.05027047548933,70,2535006
-187.23722051976546,96,2535102
-140.41656883670618,132,2535234
-121.24299550308008,116,2535350
-340.8424168397802,118,2535468
-109.05729864026914,112,2535580
-51.14288457935411,118,2535698
-93.7430387792385,79,2535777
-253.0547985139964,97,2535874
-108.03288754582928,109,2535983
-130.55306638162747,68,2536051
-239.19620361192014,108,2536159
-122.48965191900194,110,2536269
-96.31332933445407,74,2536343
-149.56022484168506,92,2536435
-94.54966198286267,98,2536533
-230.87261473334996,87,2536620
-70.6127693205825,61,2536681
-98.78703535359695,75,2536756
-235.23431141155655,67,2536823
-230.07707576094356,98,2536921
-352.8935444756773,124,2537045
-188.88281219828497,73,2537118
-91.64461355595907,106,2537224
-69.63575478464944,67,2537291
-54.58833095881407,69,2537360
-212.40669720856053,65,2537425
-359.0596823648674,110,2537535
-58.8965335161445,62,2537597
-76.98469789399542,74,2537671
-113.99964583588003,72,2537743
-219.26124419615218,98,2537841
-100.56330780835013,73,2537914
-197.74024411907982,67,2537981
-93.66561078949917,64,2538045
-128.50188578433452,100,2538145
-409.5075658958484,129,2538274
-136.4452012412233,125,2538399
-151.21871413361495,81,2538480
-73.40379522783522,71,2538551
-92.39137358238021,59,2538610
-137.1124337227151,100,2538710
-93.02956875928555,62,2538772
-101.70839853194418,105,2538877
-106.51595205660327,79,2538956
-196.89859846735436,99,2539055
-108.90792385041695,107,2539162
-393.60245962047685,133,2539295
-75.18411534498946,67,2539362
-226.56369506287493,93,2539455
-168.1228567434183,69,2539524
-178.57390524817905,62,2539586
-116.12772582853407,68,2539654
-275.1814987071771,95,2539749
-117.9458941563817,114,2539863
-110.33421393183588,106,2539969
-129.49241411408985,99,2540068
-146.87448954587262,95,2540163
-114.66767552160998,62,2540225
-359.5083520521125,77,2540302
-185.1830883805789,75,2540377
-227.67998646284084,89,2540466
-121.67393365015383,76,2540542
-88.35946746951016,65,2540607
-160.53850688295347,91,2540698
-310.9024669673991,90,2540788
-136.56805109205808,80,2540868
-147.23504959619245,102,2540970
-373.6811617278905,93,2541063
-255.65395235953963,92,2541155
-89.5211076654154,77,2541232
-84.55719551788812,76,2541308
-126.35627469658453,72,2541380
-124.01324833378196,100,2541480
-83.46540168842651,70,2541550
-120.77292481612426,118,2541668
-335.39261078140134,72,2541740
-239.40126407424495,82,2541822
-105.5793090402173,90,2541912
-99.98910864210146,63,2541975
-59.37933905755692,101,2542076
-306.3710649235298,81,2542157
-85.58544906299143,91,2542248
-141.07112690416992,105,2542353
-102.81291073182379,70,2542423
-66.8001109580874,73,2542496
-72.08661724364353,65,2542561
-174.96009539720075,99,2542660
-398.8394873836832,106,2542766
-118.8554093875378,71,2542837
-131.09346635428363,96,2542933
-224.51657209461789,69,2543002
-364.2966051404362,93,2543095
-183.51755131632137,75,2543170
-115.3666507446247,66,2543236
-85.5603586174404,78,2543314
-87.08547378577856,74,2543388
-143.78754077787676,77,2543465
-146.76753031191362,86,2543551
-119.54031932925514,81,2543632
-251.877665315354,130,2543762
-53.46534970086876,67,2543829
-204.05339288200477,87,2543916
-6.522865417155103,140,2544056
-115.27978916481347,72,2544128
-331.2399545969454,91,2544219
-82.87641454868265,97,2544316
-151.22874822634898,124,2544440
-254.00560459922605,106,2544546
-106.50699346142068,130,2544676
-113.48291441294216,100,2544776
-88.08362173932761,92,2544868
-347.3871102818657,110,2544978
-219.4094837922886,118,2545096
-353.42241641411357,101,2545197
-133.24297843578705,124,2545321
-293.56028190035624,103,2545424
-236.22774154318145,112,2545536
-125.90607977990325,94,2545630
-121.15838844152944,117,2545747
-73.31342259823037,144,2545891
-165.8517200217829,74,2545965
-89.51946837484742,60,2546025
-173.27559204404432,68,2546093
-387.17538705789104,111,2546204
-128.62656823000444,84,2546288
-237.9875192402234,78,2546366
-159.83249125136462,116,2546482
-82.96238433845726,71,2546553
-198.21996870524532,143,2546696
-121.53422441953788,66,2546762
-212.75942783261945,87,2546849
-414.7773990081928,112,2546961
-123.28838849499316,79,2547040
-107.72685125136728,71,2547111
-67.92408302033068,79,2547190
-145.70649901079923,113,2547303
-204.8350699368341,65,2547368
-85.30488076867776,72,2547440
-117.43429299560086,99,2547539
-211.5745312089228,72,2547611
-130.57673743368085,132,2547743
-266.78218587680135,112,2547855
-226.2969206462973,70,2547925
-283.2875517029307,106,2548031
-181.16497858366264,108,2548139
-401.5848742286884,119,2548258
-219.7092868026565,104,2548362
-399.52342117754085,111,2548473
-86.89677156969087,64,2548537
-135.60119284844941,100,2548637
-85.37222291715263,67,2548704
-131.57577381909138,97,2548801
-167.194021720319,68,2548869
-120.36838927700408,124,2548993
-149.9496149726524,95,2549088
-119.96458182558949,77,2549165
-135.08487817462944,81,2549246
-94.0136596015497,90,2549336
-216.04354550419575,77,2549413
-310.94345720134606,71,2549484
-468.8646757413182,103,2549587
-58.45429277971482,65,2549652
-355.2095887034553,97,2549749
-136.72652520191514,88,2549837
-433.0658833814749,105,2549942
-175.86494289118116,141,2550083
-108.7678794102356,84,2550167
-125.40707418113112,99,2550266
-35.134409952414714,126,2550392
-141.33413912032518,116,2550508
-117.66552603841174,59,2550567
-376.433964749139,93,2550660
-105.85851035973536,91,2550751
-207.23466291748247,89,2550840
-151.6317856246345,95,2550935
-184.2050346722838,108,2551043
-102.18233242159175,73,2551116
-438.18516636004176,90,2551206
-239.3856016721897,68,2551274
-482.5471662185307,104,2551378
-358.36244291828217,99,2551477
-5.295338314449893,115,2551592
-98.92276542912319,74,2551666
-411.2954810662668,123,2551789
-124.74894890908357,80,2551869
-390.3246859483512,114,2551983
-222.4345418282902,130,2552113
-387.32256421278026,98,2552211
-468.5568767280927,90,2552301
-105.73869848559039,73,2552374
-181.17803656214866,69,2552443
-167.8225324672713,135,2552578
-132.4123557699392,65,2552643
-197.2575694675674,75,2552718
-89.19485651482012,61,2552779
-88.67327618982566,62,2552841
-108.97409375027586,84,2552925
-107.75834426462792,86,2553011
-387.0902037942117,96,2553107
-123.25337801935144,79,2553186
-314.958639947774,105,2553291
-192.04455962931002,66,2553357
-128.13320321378458,118,2553475
-211.69072198118533,57,2553532
-179.97461429439153,121,2553653
-380.795096293644,89,2553742
-452.2244072336836,111,2553853
-221.68615408686878,93,2553946
3.0919120967824654,118,2554064
-239.0376503549039,66,2554130
-51.477124382194766,68,2554198
-288.74979884378297,72,2554270
-216.56391890576066,72,2554342
-118.69265911376323,126,2554468
-211.7394506832245,86,2554554
-203.35242112899385,71,2554625
-12.608110180413291,102,2554727
-118.3179836300611,68,2554795
-205.63283753469977,65,2554860
-5.282846537065822,67,2554927
-138.6182566713617,80,2555007
-79.26531683203041,65,2555072
-110.92911018114157,112,2555184
-332.025950549203,100,2555284
-298.6816127619907,105,2555389
-218.64492267255827,59,2555448
-143.11237050728553,92,2555540
-321.3025183712381,104,2555644
-254.74289303699987,105,2555749
-94.85171285796564,63,2555812
-159.92803050896194,117,2555929
-259.4091863809888,124,2556053
-360.08418012263036,87,2556140
-206.9554713151602,88,2556228
-150.9765150407734,99,2556327
-141.6050958651674,134,2556461
-127.50519668545473,71,2556532
-162.62223090778355,86,2556618
-261.23422254778177,107,2556725
-70.56999475536746,74,2556799
-82.76571783690234,71,2556870
-74.62450695042395,67,2556937
-403.8805328167874,117,2557054
-136.822675128858,122,2557176
-110.45262441365503,86,2557262
-322.82527193043745,123,2557385
-257.75330767208374,122,2557507
-116.77685159772042,92,2557599
-99.33510546313293,55,2557654
-313.10797135699113,92,2557746
-118.7393461714928,81,2557827
-107.1771875850588,64,2557891
-82.09335134716692,81,2557972
-120.78156323003185,68,2558040
-288.2366834985687,98,2558138
-127.47786991984646,63,2558201
-133.08951714583299,128,2558329
-60.46961648917308,91,2558420
-364.7706848967198,89,2558509
-130.58667860889216,116,2558625
-227.58193606793043,114,2558739
-334.41963733896876,125,2558864
-70.91871937935832,77,2558941
-58.96326870535644,62,2559003
-330.54620517736544,98,2559101
-98.62533369292294,88,2559189
-245.34234060097262,89,2559278
-119.26716681098122,70,2559348
-249.04513536122178,101,2559449
-165.28153934497072,111,2559560
-159.33378770715473,85,2559645
-88.97157510879394,89,2559734
-126.40333831288635,107,2559841
-135.1812793911699,111,2559952
-71.07787149938314,74,2560026
-170.21603284792332,157,2560183
-78.12713251456971,71,2560254
-266.0490092186446,152,2560406
-147.93084476976648,113,2560519
-391.85969653631855,81,2560600
-102.61249818132482,98,2560698
-137.28540947453365,117,2560815
-230.09960263171394,123,2560938
-104.54672661445962,72,2561010
-155.88055325283102,75,2561085
-143.37385262557228,112,2561197
-237.78704911003254,91,2561288
-198.2972625038384,90,2561378
-125.67431549211133,123,2561501
-125.79274887783734,107,2561608
-86.56711801309373,84,2561692
-309.13110736960596,67,2561759
-72.29376269517925,73,2561832
-228.0538655548252,76,2561908
-158.04094255268845,132,2562040
-209.53154185738134,62,2562102
-88.12879010688894,70,2562172
-189.90119513989853,96,2562268
-77.58461432124605,60,2562328
-131.42361738921937,114,2562442
-241.1377437691616,72,2562514
-70.33666644641194,82,2562596
-72.4481663018159,95,2562691
-354.49503858372555,93,2562784
-109.44010431404973,64,2562848
-56.26853706731042,65,2562913
-77.35334821006735,72,2562985
-299.2098969172837,150,2563135
-110.34943968967329,77,2563212
-426.8727145387886,101,2563313
-124.1621186752869,73,2563386
-102.48406490552777,72,2563458
-289.2112635479925,111,2563569
-126.61153127644465,136,2563705
-477.2970123625165,114,2563819
-120.60204808218685,73,2563892
-211.77691957888192,74,2563966
-380.60063428140245,93,2564059
-253.14196863967868,93,2564152
-25.07815513292755,90,2564242
-195.4805200914874,106,2564348
-102.54712150353194,66,2564414
-120.9333453664473,116,2564530
-98.29591268895437,79,2564609
-30.51925017911975,109,2564718
-69.70311030486837,68,2564786
-94.79000598212245,125,2564911
-104.14867902508588,98,2565009
-140.6437960164726,70,2565079
-132.09067688448027,142,2565221
-150.22475151037207,66,2565287
-88.58194266728033,72,2565359
-212.7267604160209,96,2565455
-380.4898688033302,101,2565556
-95.30987156831272,96,2565652
-325.7596305021843,76,2565728
-93.67730914116575,71,2565799
-94.7434344052381,68,2565867
-520.0228891174398,97,2565964
-107.65736817320118,72,2566036
-111.64380757093839,93,2566129
-62.35653538108407,84,2566213
-55.53176924752091,131,2566344
-139.77304730387584,131,2566475
-177.92038203400034,105,2566580
-163.36369702453004,68,2566648
-384.6996726411915,100,2566748
-272.7775841226533,74,2566822
-130.2298970289072,58,2566880
-325.09376419525427,102,2566982
-69.77839791084197,64,2567046
-250.86176453666516,124,2567170
-256.1060912820322,88,2567258
-81.59837627865569,79,2567337
-169.83319885087116,69,2567406
-86.41298411965873,68,2567474
-145.6261165656295,95,2567569
-63.120693174735095,70,2567639
-225.02558259028268,78,2567717
-102.94555230361655,120,2567837
-129.74053749222224,73,2567910
-309.42428693787605,95,2568005
-140.58369144024988,80,2568085
-158.77728235623582,59,2568144
-148.62838650804522,95,2568239
-500.7135561737219,81,2568320
-118.71569181592818,82,2568402
-55.748433585658674,68,2568470
-106.42139553428096,70,2568540
-192.27191555903516,59,2568599
-328.49795861452264,72,2568671
-85.84041455650842,109,2568780
-163.62298113338778,132,2568912
-99.04149333448309,84,2568996
-129.46566082904272,90,2569086
-165.60113115644384,64,2569150
-194.16350321710354,86,2569236
-68.12598242216956,64,2569300
-243.86746112918266,81,2569381
-112.17431789421369,92,2569473
-323.7175035220713,84,2569557
-273.7232102754691,108,2569665
-119.96497077578833,83,2569748
-127.94411969270888,109,2569857
-126.17442643575149,78,2569935
-365.1360907424669,89,2570024
-223.5545892091419,137,2570161
-210.1595651629044,111,2570272
-144.71050744270337,77,2570349
-330.88780334806245,87,2570436
-221.16392960615087,107,2570543
-95.48470006838261,65,2570608
-2.485083861592102,142,2570750
-137.80739377793526,72,2570822
-394.0422615213219,87,2570909
-63.23729933361739,82,2570991
-82.8868633347171,67,2571058
-147.34485363504194,151,2571209
-126.66543194342073,81,2571290
-196.7346219423743,71,2571361
-214.39255316543301,68,2571429
-56.25336602618011,86,2571515
-368.3035647651156,121,2571636
-159.05566999946092,73,2571709
-247.96819060452015,123,2571832
-200.60777073021822,86,2571918
-152.41617833609058,109,2572027
-170.147634022465,59,2572086
-225.31179298717785,107,2572193
-120.84905814363384,105,2572298
-141.25301603578458,110,2572408
-102.00463636556869,94,2572502
-197.93034318150097,69,2572571
-247.6785452522629,90,2572661
-67.66800621384543,91,2572752
-274.6236007601651,106,2572858
-153.8291742819859,84,2572942
-279.77072199910003,93,2573035
-299.92266722973727,112,2573147
-171.57479161570205,74,2573221
-110.10588083903444,68,2573289
-97.79171218995651,74,2573363
-148.22350875673357,99,2573462
-102.38689447395231,69,2573531
-149.29937008109718,82,2573613
-223.95637819818734,106,2573719
-179.50647858239682,60,2573779
-103.49263291406201,102,2573881
-113.2252677837268,100,2573981
-72.48046381306814,83,2574064
-207.12645598770584,103,2574167
-101.66616851939861,107,2574274
30.906570777498445,82,2574356
-54.70854536296747,80,2574436
-150.75827814499254,129,2574565
-78.74616575611002,70,2574635
-65.94957786740785,138,2574773
-95.5400117766174,101,2574874
-260.1552615195567,110,2574984
-80.6912725135176,67,2575051
-122.35588470174973,115,2575166
-100.6878794880465,104,2575270
-99.37618914387055,65,2575335
-240.18397757364542,90,2575425
-173.11117073958462,106,2575531
-524.514913584864,106,2575637
-11.841256100430286,94,2575731
-184.46567954842828,78,2575809
-254.3324988924397,80,2575889
-115.32053228857444,62,2575951
-170.1237411692569,101,2576052
-81.6596504809632,71,2576123
-400.4147361477039,112,2576235
-370.35660209100155,92,2576327
-154.95945232030414,124,2576451
-269.04498850200844,92,2576543
-54.516313704259204,61,2576604
-100.57631332582072,70,2576674
-43.68960607955502,91,2576765
-190.5166516808327,74,2576839
-117.671532644757,92,2576931
-126.78236089772096,76,2577007
-149.97125777937447,75,2577082
-230.54296428217572,105,2577187
-162.3655362856323,121,2577308
-213.77383323659336,113,2577421
-209.38349313645628,121,2577542
-14.696924307909711,109,2577651
-358.0250854970751,94,2577745
-152.81108613143985,81,2577826
-401.9698126180972,83,2577909
-404.38732660593615,93,2578002
-112.93761321268485,66,2578068
-81.65670600408012,61,2578129
-306.3992068494151,101,2578230
-144.11019084183658,93,2578323
-110.07866472027818,77,2578400
-333.7940826111436,96,2578496
-64.04746801104082,60,2578556
-332.13469069202813,98,2578654
-90.52259203272361,85,2578739
-95.87258139400919,74,2578813
-163.3230130267429,89,2578902
-103.34115153532049,61,2578963
-104.21791322008126,74,2579037
-124.10433637245647,129,2579166
-139.26210363056381,99,2579265
-166.4793287027745,118,2579383
-122.57085014293163,105,2579488
-124.00552073751996,63,2579551
-89.27164203743237,67,2579618
-82.43918603184156,89,2579707
-207.16925955522674,111,2579818
-107.06687976070772,71,2579889
-110.2935264237669,85,2579974
-373.9851143921161,93,2580067
-59.50912095304718,64,2580131
-184.49642698529715,106,2580237
-201.67407871699578,96,2580333
-254.95646882853603,131,2580464
-170.7235802206049,107,2580571
-425.231982714349,88,2580659
-174.321644642683,102,2580761
-321.59949198220255,96,2580857
-264.21194508760294,77,2580934
-105.69167663755711,76,2581010
-107.47567535764722,80,2581090
-120.19822749659365,124,2581214
-101.49909531614706,109,2581323
-112.76213557064695,63,2581386
-2.5970842193324586,84,2581470
-125.58475604003364,79,2581549
-116.51822885704617,98,2581647
-119.22385603644008,96,2581743
26.008625114473958,68,2581811
-294.14280902616224,91,2581902
-98.93081704050923,117,2582019
-112.71717243892553,102,2582121
-96.1948104681315,72,2582193
-88.74724946134648,57,2582250
-109.96099705988021,101,2582351
-116.86856614051574,67,2582418
-77.83500576114226,68,2582486
-125.73925370777448,65,2582551
-89.34343704178514,62,2582613
-84.93428039312717,88,2582701
-121.82877213915904,71,2582772
-157.12193124416387,68,2582840
-111.85779125724451,84,2582924
-171.2622689790786,79,2583003
-133.377306424805,96,2583099
-394.62979476035684,118,2583217
-145.74329390090517,143,2583360
-173.65576558026973,112,2583472
-398.3463284879534,100,2583572
-232.51441712605686,103,2583675
-137.73229728446725,83,2583758
-166.41952527882893,107,2583865
-119.30909523233927,94,2583959
-153.22289286911985,69,2584028
-166.72153622422977,108,2584136
-112.97104509704413,84,2584220
-373.2783732451491,109,2584329
-215.36850564280894,133,2584462
-100.67896802407998,67,2584529
-308.3368406335715,127,2584656
-99.56201161821254,71,2584727
-365.6506156314671,89,2584816
-87.85439088744886,67,2584883
-122.2037617305877,102,2584985
-124.47392217404449,109,2585094
-100.9799431693997,62,2585156
-205.21272950281082,100,2585256
-113.51485352494458,81,2585337
-170.70721385904073,111,2585448
-261.7497993176552,105,2585553
-72.23018613769432,133,2585686
-266.66600050826526,116,2585802
-108.51029591367652,72,2585874
-242.57521113030873,100,2585974
-89.15544453146185,59,2586033
-229.7918048388617,85,2586118
-94.87092971523411,81,2586199
-139.6156587460023,61,2586260
-130.68945997201803,69,2586329
-277.1945198062658,76,2586405
-99.95488416786847,66,2586471
-126.62454030594505,79,2586550
-159.68187138973073,132,2586682
-365.5056274278586,98,2586780
-101.02908227325108,84,2586864
-160.3767586486609,70,2586934
-133.5835963966465,96,2587030
-290.18012099609655,103,2587133
-98.15336880356405,100,2587233
-115.57054392144374,97,2587330
-120.61018095470942,109,2587439
-87.1394076015801,103,2587542
-137.31307567482204,120,2587662
-152.57592721783692,96,2587758
-244.6249475188053,97,2587855
-365.8955387877499,94,2587949
-404.1471858362454,93,2588042
-95.67561081232343,115,2588157
-66.14977848632596,72,2588229
-73.95915688805562,67,2588296
-141.08407423354947,103,2588399
-129.0717749623022,117,2588516
-272.02207392209834,95,2588611
-148.38812681631464,109,2588720
-147.07163513378157,92,2588812
-52.09580750754262,67,2588879
-68.88450607008446,61,2588940
-131.0050919363572,76,2589016
-88.04116077155325,77,2589093
-471.02588389997743,93,2589186
-311.10423739106534,108,2589294
-109.48286498362233,95,2589389
-101.39755192999006,87,2589476
-360.73165243512165,122,2589598
-181.49663257911754,72,2589670
-188.84459121120736,70,2589740
-160.91343625431034,83,2589823
-265.6431115967533,122,2589945
-235.6591260485236,77,2590022
-260.65919831207907,101,2590123
-103.72547067805436,84,2590207
-136.0083919977311,60,2590267
-275.808016367093,98,2590365
-98.35151404167748,63,2590428
-313.6067225126709,101,2590529
-105.74344114184912,96,2590625
-170.43727759470295,101,2590726
-59.462593946520286,74,2590800
-45.41642361736429,110,2590910
-221.39385655914955,113,2591023
-111.73632013302938,105,2591128
-81.74821428659605,113,2591241
-102.22524112476958,63,2591304
-182.397871709794,78,2591382
-92.55073690086064,70,2591452
-110.08322392045947,71,2591523
-281.7976088614007,118,2591641
-489.0064719420559,101,2591742
-158.99797254751402,87,2591829
-95.59072332863546,146,2591975
-268.7442841927403,105,2592080
-118.52220837391239,77,2592157
-180.7987921519897,111,2592268
-370.70706589685625,97,2592365
-255.88406935943536,129,2592494
-72.80129628251342,62,2592556
-244.23750861552742,103,2592659
-154.404204776607,81,2592740
-86.16316773175846,67,2592807
-149.29543069946126,105,2592912
-3.3521421280767214,133,2593045
-80.0612595447263,67,2593112
-192.67833311912977,84,2593196
-75.57312127713192,89,2593285
-102.83802146351725,75,2593360
-122.29479494803101,93,2593453
-119.93387905451092,70,2593523
-147.67357043617073,69,2593592
-344.9654898020864,92,2593684
-203.0817974183555,95,2593779
-285.39795544204685,101,2593880
-190.3927050389229,83,2593963
-204.19008336651694,101,2594064
-94.90801799480943,76,2594140
-67.73561579124873,106,2594246
-131.08415719097428,99,2594345
-139.68749360599088,148,2594493
-62.00949940267619,69,2594562
-132.04470870073425,63,2594625
-130.49077459086337,66,2594691
-107.87330513603561,78,2594769
-93.18570925575014,66,2594835
-95.92579410588858,84,2594919
-290.8425347891038,104,2595023
-155.06273760066694,99,2595122
-253.31236519908418,107,2595229
-117.96211636716176,63,2595292
-244.61707592207276,109,2595401
49.84499007297415,1000,2596401
-84.515747967896,66,2596467
-141.35819953783607,102,2596569
-89.89678845838584,64,2596633
-111.38478955316253,80,2596713
-126.50158729900252,106,2596819
-239.401750964618,103,2596922
-138.8228386494564,101,2597023
-148.780582888888,127,2597150
-214.9587671438942,61,2597211
-400.47160464988525,93,2597304
-148.3188588830905,79,2597383
-219.82331288580207,79,2597462
-67.68911160353863,85,2597547
-145.33924404501533,91,2597638
-108.938125768139,70,2597708
-71.84643509291405,59,2597767
-206.7625223982722,80,2597847
-91.84371396002618,115,2597962
-239.3161468125382,63,2598025
-111.04806028049258,143,2598168
-112.86863750423915,89,2598257
-107.14963253027895,74,2598331
-188.82023509352678,90,2598421
-147.66622986696325,72,2598493
-80.22841338205878,58,2598551
-63.194244435906526,58,2598609
-367.2198247437277,110,2598719
-99.9714755070445,94,2598813
-134.2373570906903,76,2598889
-169.59869799536244,70,2598959
-135.13812795766847,94,2599053
-209.28383708455732,117,2599170
-36.64836655456452,76,2599246
-79.25074781369167,62,2599308
-129.34828411396242,82,2599390
-102.47735171630951,86,2599476
-353.80569738588747,99,2599575
-100.55005231133474,65,2599640
-449.97525135262265,122,2599762
-108.9246910511005,89,2599851
-128.8630065425914,87,2599938
-186.4978931261209,112,2600050
-281.6551657720785,90,2600140
-190.37894360346417,60,2600200
-378.5499042081869,123,2600323
-159.22470955887704,87,2600410
-97.44694865103195,77,2600487
-48.75078898282654,65,2600552
-86.613232485167,71,2600623
-396.1005756686926,84,2600707
-106.01383935320035,78,2600785
-133.48131319323915,71,2600856
-352.07038304487145,105,2600961
-254.66443404389744,73,2601034
-155.02642347308398,67,2601101
-377.17650795323704,97,2601198
-407.8094087079079,88,2601286
-200.49934072076914,98,2601384
-340.8734942674762,84,2601468
-235.5545187018233,88,2601556
-478.590102614142,84,2601640
-92.8822087640159,72,2601712
-232.36567393507872,82,2601794
-192.97568905706305,58,2601852
-128.65248945209436,63,2601915
-162.138760654718,91,2602006
-254.5393530881985,118,2602124
-101.0822654934359,63,2602187
-97.58303571306455,60,2602247
-13.752990013052809,72,2602319
-93.38351009133774,75,2602394
-197.11604175533404,73,2602467
-115.11451656245191,76,2602543
-116.54317423768495,85,2602628
-299.9530793650577,81,2602709
-383.8686889517388,97,2602806
-177.1955987074869,79,2602885
-104.12204534250452,56,2602941
-166.37917207268126,66,2603007
-113.87968390991028,82,2603089
-15.482749509447231,127,2603216
-136.4140888043519,89,2603305
-324.06638044743715,121,2603426
-301.8406099883396,130,2603556
-365.4511671479341,126,2603682
-104.58569760110805,110,2603792
-154.08387818457066,68,2603860
-96.01281334617177,58,2603918
-107.38363308338808,113,2604031
-425.0949805553764,112,2604143
-392.6517532435407,108,2604251
-148.9849608913707,114,2604365
-150.3235980814159,86,2604451
-144.3538469731709,68,2604519
-156.0283442611124,85,2604604
-151.82962800292012,86,2604690
-75.71742810099428,76,2604766
-160.90822903010218,97,2604863
-162.02338491619378,120,2604983
-245.4340004792249,105,2605088
-162.854558526427,144,2605232
-201.5863276705748,77,2605309
-119.81417873251068,73,2605382
-126.73757206689228,122,2605504
-143.822654670632,90,2605594
-330.81076638406125,104,2605698
-246.4792254850026,104,2605802
-166.94233852343652,51,2605853
-127.49696061207837,68,2605921
-460.682163596341,85,2606006
-113.28138716948457,77,2606083
-128.10748569735972,135,2606218
-391.91531599334587,96,2606314
-89.4622344517462,65,2606379
-283.62179699373246,125,2606504
-98.67040269195158,117,2606621
-302.6829053641337,64,2606685
-86.0402991394523,64,2606749
-117.81339442272852,85,2606834
-224.93751946113608,86,2606920
-85.22959215670363,59,2606979
-344.82614573481135,91,2607070
-230.59009066376973,115,2607185
-534.2476509398588,119,2607304
-110.47810901720334,62,2607366
-121.41124257922438,94,2607460
-280.76063674873274,131,2607591
-338.9687735359588,142,2607733
-190.68684270917757,113,2607846
-89.05998455776754,63,2607909
-95.2879900003654,120,2608029
-121.63179418241916,90,2608119
-337.1334821798158,90,2608209
-181.74482342649378,68,2608277
-204.7134608303556,71,2608348
-115.77329242540716,63,2608411
-240.88041995199032,96,2608507
-292.04072324816417,89,2608596
-149.704021639548,87,2608683
-76.49351418625585,82,2608765
-220.86398559263068,73,2608838
-121.62030508644472,78,2608916
-331.9991779524213,124,2609040
-137.30823147213965,69,2609109
-128.6473518957784,67,2609176
-274.428904576983,99,2609275
-332.4458368559741,102,2609377
-133.42195143973936,84,2609461
-381.2269908665217,94,2609555
-269.54684773092583,69,2609624
-130.73336111377012,90,2609714
-215.9387230661607,91,2609805
-247.01968543686684,83,2609888
-114.91009600915454,108,2609996
-154.65729982983117,87,2610083
-294.73103569568184,121,2610204
-147.7916308051644,90,2610294
-351.38949093172903,101,2610395
-287.7358411845901,86,2610481
-119.99819072258276,74,2610555
-151.0201042808254,106,2610661
-189.50601330205825,113,2610774
-238.98081311298202,63,2610837
-70.31122890367384,64,2610901
-74.04081239555254,69,2610970
-134.00693265565198,92,2611062
-100.5277971143513,68,2611130
-191.68585430269002,68,2611198
-79.68146446471846,61,2611259
-210.3121115812503,81,2611340
-112.48808674804809,66,2611406
-301.6017503698504,92,2611498
-66.66471234908406,73,2611571
-208.72692598481513,127,2611698
-163.62738692597438,73,2611771
-125.1043187833777,77,2611848
-346.00650768963936,95,2611943
-277.7380228517162,122,2612065
-103.96176124557245,68,2612133
-204.76883889890019,104,2612237
-262.987904598985,75,2612312
-18.965596387047455,63,2612375
-159.06121747121446,124,2612499
-314.27153824610116,102,2612601
-139.89851448222302,70,2612671
-58.45428057229561,99,2612770
-112.79772041516524,134,2612904
-150.39175054055153,115,2613019
-100.24513299138435,80,2613099
-91.30126282523717,78,2613177
-232.97036081735473,79,2613256
-347.19147876540734,78,2613334
-39.17567779586331,105,2613439
-153.47415541699732,67,2613506
-325.0602915685618,80,2613586
-141.7313846274769,60,2613646
-239.25341441246016,81,2613727
-102.30035736417976,72,2613799
-101.08073032310267,63,2613862
-83.987571868703,69,2613931
-363.1572502960914,82,2614013
-371.7892524869073,95,2614108
-208.99108659920464,122,2614230
-94.99106624858109,113,2614343
-352.64292386258853,99,2614442
-313.1096067300002,90,2614532
-258.0254314750296,106,2614638
-130.11266885082884,109,2614747
-112.64371397750031,78,2614825
-94.2376587772994,90,2614915
-375.04385945729297,78,2614993
-164.25263630610158,83,2615076
-100.18309438539087,96,2615172
-79.19475739185569,65,2615237
-165.07730528442954,91,2615328
-84.33367961400275,66,2615394
-114.91622090688388,84,2615478
-393.8818004917664,95,2615573
-123.56817602406952,104,2615677
-220.16423281222637,86,2615763
-182.85578893356808,104,2615867
-447.0217076151512,149,2616016
-279.95736035301513,65,2616081
-379.872218241509,98,2616179
-304.15592249460667,88,2616267
-123.66746158740061,69,2616336
-103.59742848516095,100,2616436
-88.54566305781177,74,2616510
-114.67480438952414,111,2616621
-47.28609157634773,76,2616697
-237.59069989586624,92,2616789
-176.56062437889477,81,2616870
-79.02325119951942,70,2616940
-97.64782914521639,66,2617006
-278.05697249697016,125,2617131
-105.05823910634481,81,2617212
-108.21820848815248,136,2617348
-151.36012723057348,114,2617462
-87.77375554286797,69,2617531
-119.1842705416593,106,2617637
-109.88859837110564,78,2617715
-73.75150142535924,80,2617795
-538.8037997068625,114,2617909
-118.61867765458723,99,2618008
-98.9515091261647,77,2618085
-63.33384541559712,113,2618198
-192.44631339862588,90,2618288
-183.05509059953545,136,2618424
-137.0940596871115,115,2618539
-99.82829306519993,82,2618621
-82.99628059183655,95,2618716
-219.83825312345544,106,2618822
-402.78321896914906,110,2618932
-82.61420180854348,76,2619008
-122.68027439939401,85,2619093
-93.90671563869311,70,2619163
-228.81395329761935,87,2619250
-117.1929599870868,114,2619364
-172.6164016057785,58,2619422
-113.56385532075141,90,2619512
-106.83071739603271,54,2619566
-360.8877940694504,96,2619662
-330.9718985337817,102,2619764
-200.5958785631892,77,2619841
-197.8860653842466,128,2619969
-383.3618508666017,97,2620066
-352.44922230004255,83,2620149
-113.62616308809795,64,2620213
-137.8796317280573,99,2620312
-125.42052162756436,95,2620407
3.9477578308139982,94,2620501
-405.5458752976324,96,2620597
-293.81150506674817,131,2620728
-60.33067182679394,74,2620802
-241.9386530803017,91,2620893
-280.6192887534892,100,2620993
-281.40754471001105,109,2621102
-223.84858049148772,106,2621208
-283.6880672194817,115,2621323
-138.10701420657236,66,2621389
-101.52336617488548,85,2621474
-171.89978658681883,67,2621541
-96.86136179327899,73,2621614
-96.66504849362578,66,2621680
-138.45164315199412,80,2621760
-84.87438863803563,58,2621818
-303.966284855654,102,2621920
-176.09601944049038,113,2622033
-106.7034250373105,72,2622105
-283.6598420573853,97,2622202
-80.36057088736297,76,2622278
-197.38505453783762,95,2622373
-372.625271563965,87,2622460
-113.20863486971938,73,2622533
-278.635098249708,102,2622635
-297.0021393647487,108,2622743
-152.0186410499956,129,2622872
-148.04782824006608,64,2622936
-155.78260523610612,84,2623020
-210.41027218109647,65,2623085
-126.13598521495061,91,2623176
-393.25180683206,104,2623280
-117.44283381795702,71,2623351
-64.46708279072071,65,2623416
-178.66911016730046,115,2623531
-172.3733954667058,114,2623645
-179.1046592144752,109,2623754
-109.64633447297473,86,2623840
-109.69043698153166,120,2623960
-61.944306079422965,67,2624027
-55.519524605501104,121,2624148
-359.9139616060259,110,2624258
-55.451436415034266,68,2624326
-267.7850496575794,97,2624423
-109.55208248987407,67,2624490
-147.98589950012172,71,2624561
-85.24893980428217,71,2624632
-168.32163421413816,62,2624694
-203.34656420229942,103,2624797
-124.59597836512509,85,2624882
27.11663510083376,116,2624998
-269.5087453176528,100,2625098
-94.16096268098774,78,2625176
-238.97144725291741,123,2625299
-89.9034246755109,68,2625367
-105.27258885463428,84,2625451
-64.01114082111143,102,2625553
-273.1316125127371,95,2625648
-104.285872945687,100,2625748
-261.66450636688546,116,2625864
-97.42565530497633,71,2625935
7.352080669716713,96,2626031
-332.9423082358113,88,2626119
-215.07540337246553,108,2626227
-87.89879692076947,72,2626299
-407.501016912625,94,2626393
-67.95863845744103,72,2626465
-132.0520003328944,79,2626544
-123.13624513967702,64,2626608
-205.15703989541092,73,2626681
-125.13441450221313,90,2626771
-171.5657017849231,79,2626850
-77.3860374725597,59,2626909
-91.8265688781548,97,2627006
-124.94439145322823,85,2627091
-266.084011797372,79,2627170
-83.67713274955933,60,2627230
-121.5427554211771,123,2627353
-75.37931929964414,59,2627412
-292.98079927027106,103,2627515
-18.24216869736604,115,2627630
-229.7767941837758,109,2627739
-191.65443827942846,127,2627866
-125.51128893910713,110,2627976
-309.3721273506899,92,2628068
-116.8760680343009,103,2628171
-124.33762372771498,66,2628237
-102.02164324873925,73,2628310
-179.72302440481525,169,2628479
-172.10994383349504,154,2628633
-262.82421041912505,113,2628746
-303.98825590207383,129,2628875
-158.91707174064732,102,2628977
-109.50726813031577,94,2629071
-57.87805191893541,107,2629178
-127.02801995593741,67,2629245
8.0339599551328,91,2629336
-328.5220457961765,110,2629446
-74.95789578395147,67,2629513
-105.67441357355507,99,2629612
-124.86667802766173,90,2629702
-197.9111343403444,106,2629808
-92.09033542236259,65,2629873
-281.4787241570791,105,2629978
-97.9446144123796,78,2630056
-185.81362515169621,63,2630119
-327.27419214374527,86,2630205
-440.54964946121316,100,2630305
-218.42076513866655,98,2630403
-173.5567766180415,74,2630477
-88.84981311588638,74,2630551
-316.719424835334,127,2630678
-92.05778995237672,63,2630741
-430.92342055818733,106,2630847
-40.33451966189906,96,2630943
-94.87876496335525,61,2631004
-161.42641289067393,77,2631081
-99.36754480922816,77,2631158
-363.9148553019249,105,2631263
-90.52461839850746,68,2631331
-227.9402469291774,134,2631465
-165.78054152974812,112,2631577
-330.56227188155106,143,2631720
-302.50590709709854,90,2631810
-189.35022240919017,90,2631900
-157.73174441287375,88,2631988
-241.92849188192494,122,2632110
-57.49440846822611,81,2632191
-311.6413509368249,93,2632284
-41.34202524542354,102,2632386
-86.65542187432763,90,2632476
-388.183716234243,85,2632561
-347.31770798705236,90,2632651
-124.60628618094597,102,2632753
-163.92024104631128,77,2632830
-90.16815920468177,75,2632905
-109.91392007767973,71,2632976
-274.6574961647882,122,2633098
-437.3561076581769,99,2633197
-148.58373834291757,69,2633266
-86.08954541239103,89,2633355
-57.29574769268242,74,2633429
-361.26759754880095,90,2633519
-84.51317154747096,62,2633581
-105.17120286374823,109,2633690
-332.26070709353064,95,2633785
-101.13041463532569,107,2633892
-244.14366954681105,75,2633967
-60.8016188748912,62,2634029
-183.0184325557406,108,2634137
-125.90359392083111,109,2634246
-95.33065055079258,74,2634320
-120.1963080191317,77,2634397
-91.19531762060382,117,2634514
-116.41131093863562,109,2634623
-271.7106578714016,95,2634718
-87.01478656944775,95,2634813
-182.86917827638672,62,2634875
-163.5341133889566,93,2634968
-102.57191798038555,70,2635038
-74.39716509831618,83,2635121
-282.55999108776564,77,2635198
-130.98752046196122,76,2635274
-67.0229244435677,72,2635346
-32.55440132572292,93,2635439
-81.60491206073233,68,2635507
-77.46257418058525,70,2635577
-137.08275303920377,88,2635665
-128.1571959436157,71,2635736
-130.81443614990883,103,2635839
-237.17082589399763,108,2635947
-146.46498577202289,100,2636047
-55.01697616291029,81,2636128
-238.65893342153035,95,2636223
-110.88149881156549,118,2636341
-147.5419511884885,81,2636422
-201.0906973065402,77,2636499
-210.23765518024754,108,2636607
-73.87819719357272,64,2636671
-204.93952702091585,115,2636786
-179.71053459819956,72,2636858
-234.93826996161056,118,2636976
-140.50704234881775,102,2637078
-182.69853676983723,90,2637168
-166.9677594672512,66,2637234
-135.37545265634478,111,2637345
-209.7226400807766,73,2637418
-294.58642309147854,101,2637519
-133.03273720184393,100,2637619
-269.04623809145255,83,2637702
-98.15566527792181,82,2637784
-153.5014020804348,87,2637871
-105.25494516395689,121,2637992
81.82906414790021,1000,2638992
-453.9635693370426,102,2639094
-141.15867921552206,81,2639175
-208.9909623799046,80,2639255
-80.07219870942859,98,2639353
-139.8515387455938,107,2639460
-189.24009958537476,109,2639569
-121.54252867468458,70,2639639
-125.8335225878171,69,2639708
-298.43859477464986,88,2639796
-182.77954940538027,88,2639884
-87.31808830773869,75,2639959
-144.2854645064915,112,2640071
-407.7902870514394,84,2640155
-79.57790870229968,77,2640232
-329.0139168323965,107,2640339
-92.79972401490983,88,2640427
-111.47039176103743,62,2640489
-160.24852201056933,109,2640598
-158.79629334118158,85,2640683
-191.2881745619071,101,2640784
-330.42575892739865,106,2640890
-183.9019044083407,103,2640993
-190.749213724046,78,2641071
-345.5806856491114,115,2641186
-112.36456913018827,55,2641241
-328.96350065536546,89,2641330
-127.61352615016682,106,2641436
-119.58831719862232,98,2641534
-112.31708908645828,76,2641610
-119.43809403448134,77,2641687
-483.4565912049951,83,2641770
-244.0742238181684,127,2641897
-119.60590098883421,81,2641978
-84.41242125891,79,2642057
-120.26988564357617,77,2642134
-523.0687313197063,115,2642249
-114.9970628111589,74,2642323
-103.84226689917999,61,2642384
-136.05727613189322,69,2642453
-145.88643843641427,100,2642553
-106.66244655224166,81,2642634
-107.54828603626943,75,2642709
-224.6672826961917,95,2642804
-273.0824170528314,86,2642890
-122.78552471543853,118,2643008
-369.85677351636974,73,2643081
-371.4149762051711,114,2643195
-402.28902649918916,86,2643281
-95.04706163828875,64,2643345
-134.54792401509283,90,2643435
-102.55490647415111,69,2643504
-60.74754869126218,68,2643572
-128.4595985038277,96,2643668
-185.7861324682641,69,2643737
-496.19987147263555,107,2643844
-94.40150272068354,73,2643917
-181.30249031676706,101,2644018
-354.61516813421474,88,2644106
-120.18397037086629,76,2644182
-94.22917067817248,70,2644252
-88.10275134018123,120,2644372
-97.27241173383092,74,2644446
-405.8204627385569,122,2644568
-114.07131905406204,82,2644650
-112.55634254525364,100,2644750
-143.04869627045593,73,2644823
-87.71034818758696,101,2644924
-181.8039350945513,68,2644992
-63.27615748615783,77,2645069
-365.2745982290849,117,2645186
-373.06109526140426,88,2645274
-158.6729452258374,107,2645381
-151.58425348239558,71,2645452
-78.89656091283527,111,2645563
-78.29537883624155,68,2645631
-184.55331476344497,76,2645707
-326.31417516938893,94,2645801
-175.46414605645762,83,2645884
-111.42342907348868,84,2645968
-257.2689746433696,85,2646053
-62.99547220503028,97,2646150
-348.0000828456962,108,2646258
-184.5353574532125,80,2646338
-104.23085431572092,68,2646406
-126.51321000070897,74,2646480
-69.30733477526191,82,2646562
-132.27953861349027,93,2646655
-125.64393303972881,98,2646753
-209.3033978573012,112,2646865
-309.3095384607678,104,2646969
-84.36210632257661,98,2647067
-92.42258613410733,85,2647152
32.55873859636014,142,2647294
-126.54435698084043,104,2647398
-293.2521415601691,86,2647484
-145.2684942314812,79,2647563
-147.3123331490009,114,2647677
-120.02614428826308,95,2647772
-442.46347108164036,115,2647887
-353.79162324249296,91,2647978
-233.7501380572806,73,2648051
-127.06449974439103,131,2648182
-93.20588668928632,62,2648244
-136.23346540789979,90,2648334
-93.72022811767059,76,2648410
-188.1512388769791,88,2648498
-362.8198975619232,99,2648597
-186.20001426324248,104,2648701
-103.04884959034324,68,2648769
-112.07316739789576,103,2648872
-225.23492831253665,88,2648960
-118.44730843402468,80,2649040
-180.14907927010398,59,2649099
-122.30106363448445,65,2649164
-177.51564762807078,117,2649281
-117.99432201810001,99,2649380
-83.99881591025098,64,2649444
-143.83501213313457,116,2649560
-365.6752868906618,73,2649633
-169.22151664557384,120,2649753
-363.4657081954887,120,2649873
-140.98676460869666,105,2649978
-82.20742290738642,63,2650041
-245.77410999419828,111,2650152
-193.37881193025424,64,2650216
58.27923113829495,1000,2651216
-61.45006608734443,70,2651286
-131.1793864649604,112,2651398
-131.09935343076228,95,2651493
-185.27350569173427,78,2651571
-104.15431624413384,69,2651640
-165.72926796435013,71,2651711
-216.99365353060693,120,2651831
-326.9684978340831,86,2651917
-86.80206245721557,66,2651983
-153.71653376721608,93,2652076
-245.06764764278233,72,2652148
-105.77900068942907,95,2652243
-80.30697311929794,74,2652317
-73.50466258784945,108,2652425
-211.5107485270281,109,2652534
-231.77219278283482,150,2652684
-78.58559649689656,66,2652750
-105.18520593376601,85,2652835
-456.72058360993293,111,2652946
-115.17696824399873,92,2653038
-211.88671336981483,72,2653110
-121.43583936334858,72,2653182
-113.12801268092174,106,2653288
-333.0504447109181,100,2653388
-100.23787571689917,127,2653515
-115.46315838157862,97,2653612
-110.97584744136995,123,2653735
-120.12189088000567,78,2653813
-86.79092438225895,129,2653942
-362.82037831413186,132,2654074
-205.57236719752188,90,2654164
-17.28587867240256,102,2654266
-292.1251005567724,111,2654377
-310.6972921167369,82,2654459
-241.77011414875562,69,2654528
-248.67345172106687,91,2654619
-133.30496186961653,123,2654742
-171.73108288494532,63,2654805
-77.73088140070813,72,2654877
-235.9852197587887,100,2654977
-134.85146399411477,78,2655055
-69.8000227905732,93,2655148
-101.59750590449934,71,2655219
-103.66455629616641,109,2655328
-290.16566484178566,119,2655447
-373.11494662175323,84,2655531
-100.8978807669085,77,2655608
-445.882565080722,132,2655740
-212.9861373638959,85,2655825
-327.09564486984993,130,2655955
-171.12876470206623,106,2656061
-300.9337411323198,74,2656135
-207.07086084903193,111,2656246
-222.70114912502146,106,2656352
-58.56026435396625,110,2656462
-195.5205376496868,75,2656537
-93.93844432813233,73,2656610
-296.17704165864006,95,2656705
-107.89985633296668,103,2656808
-228.76728773453885,111,2656919
-106.52502433310373,84,2657003
-103.31597279997669,103,2657106
-245.38888959497768,121,2657227
-106.39364731619274,65,2657292
-399.6095524522064,105,2657397
-88.41854757511658,66,2657463
-173.31410912154922,69,2657532
-180.7054329731002,149,2657681
-306.86562542607373,100,2657781
-231.1156129399996,94,2657875
-196.4539529650618,79,2657954
-194.1168763239445,79,2658033
-2.769864702666837,80,2658113
-413.7551944256244,108,2658221
-283.364997957749,76,2658297
-189.73125517501245,101,2658398
-105.31396536492404,98,2658496
-108.76823921306799,66,2658562
-103.64115566235333,97,2658659
-238.6824863813346,75,2658734
-224.2537542582734,118,2658852
-105.98185430328951,80,2658932
-70.1747235823554,83,2659015
-131.02449323030947,59,2659074
-139.81048416032445,104,2659178
-85.60705982595154,62,2659240
-180.45582605581035,77,2659317
-128.82575812311987,106,2659423
-96.43946348896189,70,2659493
-108.5441322513372,115,2659608
-112.82187000476019,85,2659693
-197.93118879237923,60,2659753
-130.05431568649539,99,2659852
-74.95117530234894,61,2659913
-76.4507031551975,120,2660033
-399.7789187154276,96,2660129
-297.14076068345184,65,2660194
-111.49002866327251,99,2660293
-284.7921302574759,127,2660420
-176.76424902639033,93,2660513
-160.85108979913048,97,2660610
-299.8562996694495,88,2660698
-118.54482471367353,93,2660791
-229.5969760688016,64,2660855
-88.79930658040065,85,2660940
-316.6318142018106,111,2661051
-452.2955461396275,120,2661171
-241.25413589730218,121,2661292
-113.33363839825545,73,2661365
-227.90261790729267,87,2661452
-108.23054921279397,56,2661508
-224.86762412247325,77,2661585
-141.87781613557718,80,2661665
-244.28657332720354,86,2661751
-206.62692306282753,117,2661868
-331.3660315862268,104,2661972
-98.52815815966731,77,2662049
-346.5489145270907,112,2662161
-252.8633927320526,92,2662253
-205.85721075920958,96,2662349
-109.75131654862577,94,2662443
-75.27142186139497,79,2662522
-386.18387837548465,77,2662599
-94.06724493979992,91,2662690
-113.18548732914681,89,2662779
-106.90709763383312,73,2662852
-102.60850229940425,77,2662929
-104.17568798806376,67,2662996
6.144679255488285,63,2663059
-230.67647879707255,113,2663172
-101.53675504496465,72,2663244
-134.90867638556182,110,2663354
-93.89207432119811,69,2663423
-182.2778951489978,101,2663524
-157.64603875668922,70,2663594
-73.78286939621357,119,2663713
-96.08920918105245,75,2663788
-235.75425762914654,70,2663858
-395.68902075733365,91,2663949
-342.0124242926332,110,2664059
-139.02217437963589,90,2664149
-134.42509975981787,101,2664250
-89.85294604259941,79,2664329
-78.72304627769284,101,2664430
-70.21940083839786,62,2664492
-330.7047428301507,85,2664577
-87.31232637838812,71,2664648
-123.96368578163118,70,2664718
-115.61224765893542,78,2664796
-324.0134096699287,126,2664922
-240.03376839809908,94,2665016
-147.70466419864408,97,2665113
-133.51082392646583,99,2665212
-646.6726095534717,119,2665331
-216.15346456704577,107,2665438
-398.79096926737543,96,2665534
-197.091933823479,91,2665625
-177.82954682676234,110,2665735
-345.83097090574825,107,2665842
-98.1671016108896,107,2665949
-89.80387892727418,63,2666012
-99.35793521923678,129,2666141
-343.86354693816224,133,2666274
-403.0179929985541,100,2666374
-81.3552214867562,56,2666430
-81.13360372729308,87,2666517
-228.56868937867824,112,2666629
-108.33117679355128,66,2666695
-15.015903581881872,166,2666861
-128.6830655300967,90,2666951
-435.3939622797689,101,2667052
-115.77944618374339,93,2667145
-90.74008262209918,77,2667222
-106.11120796432279,136,2667358
-316.7411162564498,101,2667459
-96.67408488088525,76,2667535
-66.89915882718256,73,2667608
-264.6172808301043,102,2667710
-254.9130374374158,115,2667825
-403.87966607307953,109,2667934
-241.15396112238835,88,2668022
-375.8005444495052,102,2668124
-288.1818312523807,76,2668200
-123.85409690973789,92,2668292
-275.03880895022564,107,2668399
37.01474112531827,65,2668464
-274.90183718245737,100,2668564
-120.53087727131029,99,2668663
-98.03358093726264,80,2668743
-322.71762697960673,104,2668847
-310.36998908647706,126,2668973
-108.74141199035127,137,2669110
-91.4513962493586,60,2669170
-328.61858262661826,102,2669272
-216.77295819996482,84,2669356
-339.3613855663444,89,2669445
-286.91888353444494,95,2669540
-122.93912493787627,88,2669628
-159.14141260916068,70,2669698
-141.9301017565075,133,2669831
-122.26514229114024,88,2669919
-236.4725888937021,66,2669985
-171.2621796869867,66,2670051
-109.4320544036632,76,2670127
-273.23756351770817,122,2670249
-406.88869578390677,90,2670339
-371.0147930766439,117,2670456
-155.84039565113486,62,2670518
-80.23987412869006,102,2670620
-145.6543455773329,124,2670744
-106.11592932024938,70,2670814
-168.94963334491405,108,2670922
-330.1478833866638,113,2671035
-148.70420751756006,71,2671106
-298.4854867079058,72,2671178
-39.93002738501427,70,2671248
-243.60277370203818,98,2671346
-206.90498144612627,91,2671437
-157.19863859712046,132,2671569
-184.81021032175036,67,2671636
-137.0893845085347,116,2671752
-114.46540534045519,96,2671848
-272.81442742825055,64,2671912
-83.9604471608801,78,2671990
-154.85989989463297,80,2672070
-109.79500475123079,119,2672189
-128.88132658480006,89,2672278
-158.01529652974904,128,2672406
-91.9060150312811,67,2672473
-153.90679567071226,55,2672528
-367.94508140821097,109,2672637
-71.61972177171076,64,2672701
-109.63876940268199,99,2672800
-256.7707761194544,167,2672967
-120.50292665410963,78,2673045
-151.8525397887525,65,2673110
-105.2385877441819,80,2673190
-423.6899525477382,90,2673280
-68.64148583339168,117,2673397
-196.70374571915144,73,2673470
-149.01961577101417,134,2673604
-128.59615534457075,71,2673675
-133.38807527640373,121,2673796
-73.75642591012465,75,2673871
-102.01867965593459,99,2673970
-202.43837851544689,64,2674034
7.423341691724815,83,2674117
-246.7252509676672,69,2674186
-179.12474295965848,90,2674276
-93.28156066255566,78,2674354
-56.464495004119456,80,2674434
-214.63510803189024,102,2674536
-415.15665877186643,88,2674624
-131.82689763022347,107,2674731
-144.224918548927,71,2674802
-118.93588801796632,67,2674869
-208.22854937391136,89,2674958
-149.61354758858295,108,2675066
-327.9638029728584,102,2675168
-298.4610402957197,89,2675257
-83.1533656503714,69,2675326
-208.6588559554587,119,2675445
-139.7548707539366,140,2675585
-142.33315462252895,104,2675689
-332.10256735299265,127,2675816
-42.50017635424821,88,2675904
-319.7412201099128,102,2676006
-175.4186665951675,90,2676096
-94.04073096131539,125,2676221
-180.69806297206065,98,2676319
-206.99916131514766,83,2676402
-236.22806496568208,105,2676507
-326.9046433261167,104,2676611
-335.5332701934404,80,2676691
-196.04295805945884,74,2676765
-262.8894010395411,103,2676868
-128.56876504212818,85,2676953
-226.09853260638863,134,2677087
-159.4005703671384,76,2677163
-126.06054166981752,136,2677299
-72.25936505492388,64,2677363
-48.78461657547402,113,2677476
-490.11213290383546,125,2677601
-80.94229995778602,87,2677688
-113.0491363327692,102,2677790
-144.8405570896038,88,2677878
-444.1423400490069,96,2677974
-154.9404704042796,66,2678040
-138.82252123780907,123,2678163
-83.55830635012941,64,2678227
-104.89237110458117,82,2678309
-100.05359307097521,80,2678389
-99.99347537575238,71,2678460
-125.21083529420905,63,2678523
-257.4939933778918,85,2678608
-120.01732436816806,76,2678684
-77.72775802334235,68,2678752
-112.47554372682237,78,2678830
-152.45469878979816,113,2678943
-133.9542341398542,82,2679025
-140.12467484834158,93,2679118
-399.66923435480726,108,2679226
-322.11795329139755,112,2679338
-59.51254871221803,66,2679404
-343.7325958809427,123,2679527
-279.52258099310814,123,2679650
-252.12772202721501,102,2679752
-92.67083350988231,68,2679820
-102.40119207975161,86,2679906
-117.0230245918686,83,2679989
-185.0970261202461,76,2680065
-73.20736323127258,63,2680128
-97.2422086912093,85,2680213
-477.90624745164996,127,2680340
-91.89898093964847,89,2680429
-75.43925774262055,81,2680510
-226.45626455547475,115,2680625
-120.84414281388052,69,2680694
-228.7608315876195,83,2680777
-371.8761464217153,104,2680881
-267.6976756415421,108,2680989
-101.68687393767765,95,2681084
-176.31572159455388,108,2681192
-237.42436551112976,71,2681263
-94.18171434058672,65,2681328
-80.0687003544155,59,2681387
-367.26427255836103,109,2681496
-331.5773250252202,93,2681589
-157.61778475437222,131,2681720
-75.79916197481089,81,2681801
-150.33158958274316,75,2681876
-152.51476005527218,83,2681959
-102.12200015521202,70,2682029
-7.186892766825309,126,2682155
-386.4143018293597,146,2682301
-338.6399820697369,85,2682386
-89.78789440624506,125,2682511
-80.7907749692338,68,2682579
-135.94979310355066,77,2682656
-230.0366468063639,120,2682776
-292.9442496773436,109,2682885
-93.56497753698693,75,2682960
-134.88303717965096,62,2683022
-342.2551847691982,107,2683129
-267.52468283294127,108,2683237
-162.3487190191306,137,2683374
-134.51719586667008,88,2683462
-115.35448966335973,74,2683536
-157.68338996960165,76,2683612
-331.9433962130977,93,2683705
-234.78525687112497,70,2683775
-274.74855361289826,117,2683892
-101.17480795123336,81,2683973
-195.62848792372245,125,2684098
-123.84205990788534,91,2684189
-176.70524071892183,62,2684251
-151.16414010588926,83,2684334
-155.0861088393563,93,2684427
1.9444517862086457,140,2684567
-110.48213620813179,82,2684649
-102.4824736299924,100,2684749
-124.74215966837012,91,2684840
-420.2936177243889,140,2684980
-117.02392434883143,58,2685038
-183.42009239705573,103,2685141
-234.46634402434435,72,2685213
-121.7255660280799,102,2685315
-87.61929741728927,71,2685386
-87.02333218849179,129,2685515
-295.67096597014825,92,2685607
-100.06682767094087,58,2685665
-298.00810202974344,94,2685759
-84.49528511638913,117,2685876
-236.668983317526,62,2685938
-70.63970283213855,63,2686001
-84.22013200891996,97,2686098
-78.9850698742664,97,2686195
-261.2812520496914,90,2686285
-238.57759643328987,126,2686411
-129.0536727136332,73,2686484
-14.142654765244671,126,2686610
-259.10921490256294,83,2686693
-142.60678510281952,59,2686752
-69.7022216633778,66,2686818
-100.54598179227969,96,2686914
-87.14229264674356,86,2687000
-91.72854404836625,62,2687062
-103.05320603769464,85,2687147
-106.41560717170105,73,2687220
-91.27638681147815,63,2687283
-167.93513485806378,111,2687394
-77.07669595217715,86,2687480
-117.8588083453178,82,2687562
-218.43403374667517,96,2687658
-66.75681037979834,66,2687724
-366.7545592799035,100,2687824
-96.03544236797816,75,2687899
-124.83112958118593,114,2688013
-124.94436745257585,85,2688098
-139.80097893731295,96,2688194
-188.62894881741488,111,2688305
-371.0299217826772,87,2688392
-132.7797727556516,125,2688517
-190.49560478293535,99,2688616
-313.5828530918778,93,2688709
-272.68915483512103,103,2688812
-117.93213850851372,70,2688882
-305.10246862831787,78,2688960
-116.22442418258049,66,2689026
-115.63095088154121,67,2689093
-76.82918148740188,97,2689190
11.505617278451055,91,2689281
-124.06924423728275,70,2689351
-296.56059543525384,93,2689444
-53.52892616366164,105,2689549
-240.85096329580148,77,2689626
-300.49636964418767,78,2689704
-119.60673115706325,77,2689781
-219.43258265634202,120,2689901
-354.02069027524016,93,2689994
-122.48048705854472,70,2690064
-159.67965834289336,62,2690126
-200.60098604652813,108,2690234
-108.61711744109142,62,2690296
-89.61287901468718,96,2690392
-81.7484205280892,96,2690488
-199.1886922037537,83,2690571
-93.51057523528259,86,2690657
-123.34092528160377,67,2690724
-271.31871345212903,89,2690813
-114.78348205175082,80,2690893
-110.66988707560651,69,2690962
-135.92879545435028,93,2691055
-310.2264162257377,140,2691195
-97.74685404420404,106,2691301
-110.09297229554706,90,2691391
-399.05226778965,111,2691502
-202.00302705788397,72,2691574
-97.41693993147798,66,2691640
-314.39314543731166,106,2691746
-128.19292247622064,131,2691877
-107.1717326418355,115,2691992
-71.40193604987044,64,2692056
-244.03588138993905,112,2692168
-412.9861118267634,117,2692285
-111.95272888913195,68,2692353
-256.3170029139284,116,2692469
-300.19207683079117,92,2692561
-263.01129795129543,122,2692683
-107.74460588501795,73,2692756
-353.2379187099706,136,2692892
-230.8631329524471,130,2693022
-348.38207675393414,90,2693112
-240.1341169141228,93,2693205
-288.33525727744603,79,2693284
-90.67850646694971,61,2693345
-141.70075981668788,73,2693418
-69.1071550358633,62,2693480
-96.06456692211331,65,2693545
-142.1889036267135,122,2693667
-141.6415888398247,93,2693760
-103.19860709653723,72,2693832
-115.38349827653849,100,2693932
-136.26735208454966,82,2694014
-90.0853537071217,66,2694080
-117.63035957357391,76,2694156
-200.625918649043,135,2694291
-136.53276816581882,78,2694369
-189.9901856332926,91,2694460
-289.17049621621914,75,2694535
-92.2802316622554,65,2694600
-297.75558010974623,104,2694704
-252.98401134581104,131,2694835
-159.94731275177082,114,2694949
-273.48283666228593,123,2695072
-78.02470739888261,72,2695144
-69.2099477044097,65,2695209
-308.37643876796096,117,2695326
-217.41122218100435,85,2695411
-65.12444903839003,73,2695484
-328.2258059612406,70,2695554
-98.87516425678923,65,2695619
-153.38194107408972,118,2695737
-126.32394300173743,92,2695829
-271.8931329153643,116,2695945
-92.05752648115248,65,2696010
-299.7768748217915,88,2696098
-85.61645731809637,116,2696214
-336.97628075987114,97,2696311
-105.96508834889781,81,2696392
-119.85734208343636,71,2696463
-124.08988203089876,100,2696563
-186.52201987244635,125,2696688
-97.15129793915828,92,2696780
-81.25119967401344,70,2696850
-132.54558234699914,101,2696951
-76.16107698004427,85,2697036
-435.72576963145906,95,2697131
-223.2753646600214,97,2697228
-106.26235141085165,98,2697326
-206.69636163267336,80,2697406
-42.354703767481226,70,2697476
-368.49163592558534,99,2697575
-116.98674827608426,83,2697658
-170.8717874945574,62,2697720
-107.77045089693321,108,2697828
-142.8217579195548,114,2697942
-294.13527503734815,137,2698079
-358.50524732708243,92,2698171
-159.97505678294135,68,2698239
-288.3347618554311,84,2698323
20.58563590270309,165,2698488
-121.38236842984516,60,2698548
-463.4807642276012,106,2698654
-97.24447811347143,70,2698724
-375.0201829425006,118,2698842
-111.90404925192338,99,2698941
-169.9381174161999,102,2699043
-330.5382228953946,86,2699129
-356.9312800118226,104,2699233
-64.17710572741544,71,2699304
-340.16150207061673,81,2699385
-226.9878441943461,101,2699486
12.8949431259461,85,2699571
-101.97672189631868,120,2699691
-320.6126356744963,75,2699766
-157.90711990367163,74,2699840
-131.1835492946274,62,2699902
-193.45750440255384,97,2699999
-224.45357938133566,142,2700141
-124.95882615376199,83,2700224
-417.4317505248812,104,2700328
-84.98400905149683,96,2700424
-109.15395864011663,143,2700567
-110.80418426594728,75,2700642
-103.25311245812064,60,2700702
-217.03042181126497,113,2700815
-355.3971448568984,89,2700904
-106.795668701729,95,2700999
-162.6483117036268,61,2701060
-168.93773257077507,115,2701175
-79.07499616202763,61,2701236
-177.58987389071933,73,2701309
-88.27078735275728,63,2701372
-119.4383214478374,77,2701449
-357.0031874068745,99,2701548
-133.85309334406782,135,2701683
-48.63469127428377,61,2701744
-172.0414272988293,78,2701822
-322.2349694595863,96,2701918
-136.65092432753437,108,2702026
-117.60884372417209,105,2702131
-127.75591144606706,99,2702230
-382.1122363058864,78,2702308
-46.00619708486471,65,2702373
-208.25048486275034,105,2702478
-147.25920919998515,75,2702553
-96.31209440982673,56,2702609
-250.96085238375608,93,2702702
-266.30202537861504,98,2702800
-228.85219610043185,141,2702941
-145.19663455714652,85,2703026
-95.03386452354101,73,2703099
-220.6202179776675,99,2703198
-369.28573815374494,99,2703297
-298.7947300678207,95,2703392
-93.94298027637696,66,2703458
-144.34058631562866,97,2703555
-206.66530164762636,75,2703630
-282.26570905063807,103,2703733
-64.19092842744122,120,2703853
-68.05243065087149,111,2703964
-132.51632705192623,80,2704044
-281.0774575614416,110,2704154
-339.18730594293754,86,2704240
-138.73758295752594,61,2704301
-346.12735472538077,112,2704413
-125.78940766574127,96,2704509
-115.09776246652697,73,2704582
-218.7002717548777,83,2704665
-105.51270472286997,80,2704745
7.598893716456061,95,2704840
-91.32775236783554,116,2704956
-107.23420817936467,81,2705037
-140.98770819239815,103,2705140
24.35620450091504,98,2705238
-103.1117338794574,73,2705311
-207.43717938100082,69,2705380
-236.97018629654272,113,2705493
-116.33376653812749,70,2705563
-124.8125495715172,90,2705653
-126.16192090787848,84,2705737
-108.87912152381655,88,2705825
-278.76232501145444,81,2705906
-109.04167058974592,70,2705976
-193.14030483251003,128,2706104
-421.15546183460765,100,2706204
-62.36110596763335,82,2706286
-519.4878303866135,98,2706384
-136.5687661064858,71,2706455
-338.89705000736774,112,2706567
-69.75394337710983,80,2706647
-165.60208777910142,66,2706713
-375.97234648341237,99,2706812
-293.11406382938867,106,2706918
-44.401904048751575,179,2707097
-237.52561849755463,121,2707218
-81.5373098590423,62,2707280
-55.353263173400094,113,2707393
-331.6779040884623,109,2707502
-49.67326365221601,77,2707579
-247.9679591422061,68,2707647
-249.5680832335939,129,2707776
-253.8469023677036,80,2707856
-160.31033542101312,110,2707966
-81.94880216863996,103,2708069
-212.77223946115015,62,2708131
-172.56936731457034,75,2708206
-136.7163771608129,123,2708329
-98.26760890672985,72,2708401
-103.16285764674582,92,2708493
-71.75683190699189,58,2708551
-33.00449269637154,93,2708644
-128.0808498278603,74,2708718
-155.8965979428154,112,2708830
-1.2032736103116122,96,2708926
-152.51668212768507,105,2709031
-176.9226461122817,104,2709135
-85.06958779668985,69,2709204
-65.48458991896894,80,2709284
-272.08797437628505,103,2709387
-85.37178464417983,135,2709522
-84.33358568633139,84,2709606
-110.6196045581869,84,2709690
-335.8438655804191,98,2709788
-72.69852672237178,64,2709852
-45.689862933543026,104,2709956
-62.525282438977534,82,2710038
-116.2746486098076,80,2710118
-178.58649344122352,61,2710179
-175.46052447904106,109,2710288
-134.20058896435265,75,2710363
-277.72645727864705,86,2710449
-90.60471044261524,66,2710515
-145.09435844691848,83,2710598
-68.26290958503212,118,2710716
-21.929360362840853,76,2710792
-366.9656216812404,114,2710906
-100.73820552658644,93,2710999
-122.29361581992742,95,2711094
-137.23008122455445,86,2711180
-364.90038782485044,133,2711313
-144.0894975302486,78,2711391
-46.871218147229314,129,2711520
-91.29783780195643,69,2711589
-111.76767019741685,70,2711659
-74.61003538288209,67,2711726
-98.88699577267684,68,2711794
-102.21211834436947,72,2711866
-296.9566565804181,113,2711979
-127.53561589874411,109,2712088
-101.21514428202644,72,2712160
-307.5166468904316,115,2712275
-339.74236639525304,94,2712369
-63.29969536752589,67,2712436
-404.73025183790946,108,2712544
-54.71342628406035,59,2712603
-207.2959068126891,89,2712692
-287.9551734898968,112,2712804
-349.0458346475888,94,2712898
-216.56567150046672,85,2712983
-89.17257032889722,63,2713046
-158.75604607234231,105,2713151
-117.64538021879639,64,2713215
-81.26495705965746,114,2713329
-412.2785912912608,94,2713423
-410.46216144543297,105,2713528
-178.20764294090952,121,2713649
-203.59896964842682,69,2713718
-73.77612629779414,100,2713818
-235.24492606309067,108,2713926
-403.41390854470836,111,2714037
-125.07237807477719,74,2714111
-53.97925574382904,76,2714187
-181.4897547341168,99,2714286
83.8334905336092,1000,2715286
-54.47304662019273,62,2715348
-371.5810480318585,118,2715466
-110.76100931194802,79,2715545
-187.02165927113026,108,2715653
-71.79751103415686,89,2715742
-334.5919108226715,134,2715876
-243.08065043478138,73,2715949
-123.37267835139653,94,2716043
-91.14723747081962,83,2716126
-214.29969210524493,98,2716224
-121.92146107668468,91,2716315
-117.19601112585798,85,2716400
-209.2808387525751,91,2716491
-125.64622995443314,70,2716561
-251.50394297422127,107,2716668
-221.83136031399673,65,2716733
-104.56816949647418,89,2716822
-142.32556878870844,68,2716890
-276.33813372414824,104,2716994
-111.71322065546583,83,2717077
-143.51621265261588,88,2717165
-276.57641359457784,104,2717269
-140.54061958497243,98,2717367
104.43104008282457,1000,2718367
-78.81897265586886,61,2718428
-189.46564329230242,105,2718533
-25.022021454959827,111,2718644
-273.4278764965886,95,2718739
-300.7873320625429,118,2718857
-91.39859628667847,68,2718925
-517.9950248064204,144,2719069
-98.98963982387014,83,2719152
-126.30871067852601,72,2719224
-116.19980725357003,97,2719321
-120.5944185932921,64,2719385
-496.77726111900637,90,2719475
-64.38284145575363,63,2719538
-371.57733777584417,104,2719642
-316.06430843625185,81,2719723
29.945350786373098,75,2719798
-473.74776497359215,139,2719937
-458.3067985788181,92,2720029
-311.5696232655255,102,2720131
-358.4864183314318,88,2720219
-50.480004050009356,75,2720294
-127.88706125138569,92,2720386
-124.66896626498828,124,2720510
-378.2164319778944,112,2720622
-92.28661757920041,71,2720693
-263.9086775003773,62,2720755
-130.79678405552374,63,2720818
-158.62134724010153,100,2720918
-381.73057318019454,95,2721013
-255.37677626483463,110,2721123
-248.8313333018708,119,2721242
8.344873709023403,108,2721350
-84.40327722488665,101,2721451
-82.94554464040601,100,2721551
-560.5895235101077,99,2721650
-101.01662194090092,78,2721728
-71.59379441798477,78,2721806
-105.01690347876581,79,2721885
-306.4766101674831,121,2722006
-229.85166203065822,112,2722118
-202.97183708856292,80,2722198
-91.05767719514755,62,2722260
-394.27187742321155,105,2722365
-322.23691589256885,108,2722473
-129.2312824184065,103,2722576
-384.90145392657087,122,2722698
-238.93369541069885,126,2722824
-124.59286153113445,103,2722927
-309.2198931412087,99,2723026
-180.70005491139665,121,2723147
-220.2379608563661,97,2723244
-127.01563318007453,91,2723335
-83.79410677632653,73,2723408
-334.4080352169484,78,2723486
-323.4762661397602,132,2723618
-290.12067187883815,96,2723714
-8.98675762934289,65,2723779
-235.86523867496638,62,2723841
-111.05963298425422,81,2723922
-120.16608995103277,67,2723989
-160.53386511480824,93,2724082
-145.52858432132206,80,2724162
-193.20528123353148,117,2724279
-91.56216351169131,97,2724376
-186.01394228406065,77,2724453
-68.8584589042289,63,2724516
-322.67279753542687,80,2724596
-61.80075855919759,70,2724666
-205.42475866638335,93,2724759
-154.42313197812135,77,2724836
-146.4923234752849,108,2724944
-122.55579067180396,67,2725011
-253.0394255643606,89,2725100
-135.8803476610869,111,2725211
-210.0754786783256,81,2725292
-86.70959332623553,71,2725363
-54.39447714438391,78,2725441
-67.04521428716335,75,2725516
-339.2970640846213,115,2725631
-95.24535937543128,77,2725708
-289.9887433185713,66,2725774
-166.0016821528955,116,2725890
-186.58257429224813,107,2725997
-109.53036496820063,67,2726064
-394.62748648520585,91,2726155
-102.83620240546583,68,2726223
-210.26339857484737,85,2726308
-103.66469664897163,119,2726427
-99.86166138501684,116,2726543
-101.69910206725595,108,2726651
-223.45833762365638,75,2726726
-387.55927005741614,122,2726848
-74.75396759413411,67,2726915
-42.4504008479949,126,2727041
-244.55176528579833,137,2727178
-314.6932906168346,96,2727274
-152.53730006521008,82,2727356
-112.61624637630646,74,2727430
-135.5189237207452,91,2727521
-75.8169301335858,64,2727585
-151.98310290977676,61,2727646
-91.21998075761343,78,2727724
-78.19241413868531,75,2727799
-109.11613775400929,135,2727934
-282.5879379568568,85,2728019
-331.39062776354217,84,2728103
-189.32536453506145,118,2728221
-86.4389660017151,76,2728297
-409.77779125606037,121,2728418
-236.75716100871483,108,2728526
-251.99795361754428,118,2728644
-82.59394427661252,81,2728725
-71.11704864872466,66,2728791
-178.35711916962237,84,2728875
-103.5017307569625,87,2728962
-118.44810686415184,97,2729059
-180.31767391770148,79,2729138
-307.9486005065705,120,2729258
-208.31827202954497,76,2729334
-98.8245270005112,64,2729398
-402.13987122559183,120,2729518
-90.84921380434469,74,2729592
-322.7988042071561,103,2729695
-328.2426474450049,99,2729794
-86.10337866280321,65,2729859
-364.11931021008417,108,2729967
17.32977194416158,100,2730067
-86.02906648174847,123,2730190
-382.8069926754952,101,2730291
-85.69481827451177,62,2730353
-361.0733134684827,119,2730472
-177.68964964733658,120,2730592
-95.90527674519018,67,2730659
-98.59122225708114,55,2730714
-121.74466792685848,74,2730788
-148.0918697504285,88,2730876
-107.90926952648478,105,2730981
-207.14111171326425,108,2731089
-112.83924129578457,84,2731173
-124.0216608959102,97,2731270
-182.71775472569897,72,2731342
-439.6069454330445,104,2731446
-100.05721021128737,64,2731510
-439.6070628042605,115,2731625
-268.43679892545754,115,2731740
-136.51008065086103,93,2731833
-166.5242482382845,113,2731946
-107.23284412236876,113,2732059
-292.2979616777005,94,2732153
-36.43304644994289,69,2732222
-247.46691791676025,97,2732319
-292.0836929738223,100,2732419
-266.01691531781813,106,2732525
-98.19215533099238,106,2732631
-96.37201455119602,82,2732713
-484.07989894724597,103,2732816
-88.06510908873378,90,2732906
-87.2945900698859,65,2732971
-122.51596851018432,69,2733040
-132.77268779474315,74,2733114
-166.2138707755478,116,2733230
-118.4621602275663,83,2733313
-200.25321615463713,115,2733428
-93.54503862627351,100,2733528
-129.80922181898265,94,2733622
-136.69841050700444,81,2733703
-87.35360634132968,82,2733785
-108.6148415443779,87,2733872
-451.1736512170338,91,2733963
-77.0266990633671,86,2734049
-136.5267218458321,67,2734116
-96.61880746066659,77,2734193
-79.08727742937083,73,2734266
-120.28089057174235,109,2734375
-82.64987869987338,59,2734434
-108.39636935761834,67,2734501
-193.39409010544762,72,2734573
7.1926021581896435,83,2734656
-315.51722890021733,98,2734754
-119.35596831696532,64,2734818
12.712349541339222,91,2734909
-202.25393066897522,59,2734968
-60.728160002626495,105,2735073
-126.13474663192575,83,2735156
-88.87272654554977,96,2735252
-197.70990543555035,78,2735330
-209.29383183661977,86,2735416
-119.5702299492345,76,2735492
-125.06286608287085,89,2735581
-133.27791460941123,106,2735687
-8.709643921259428,92,2735779
-107.64376104096534,71,2735850
-115.14305850683233,63,2735913
-406.8454004809482,128,2736041
-149.18504507366038,78,2736119
-405.53173969864406,111,2736230
-101.02899534235631,73,2736303
-88.82922197273187,62,2736365
-97.05591357836636,68,2736433
-201.9765504721147,81,2736514
-118.4641041630775,74,2736588
-77.41512574112716,67,2736655
-149.14083408232494,101,2736756
-214.75572988034313,111,2736867
-340.674765842605,122,2736989
-216.30004301865273,86,2737075
-100.08079095768633,78,2737153
-154.9117791618127,114,2737267
-349.5742919665459,133,2737400
-387.51741518975376,135,2737535
-138.00969041057527,60,2737595
-96.63826987511104,72,2737667
-98.42921353423898,82,2737749
-198.51397429883053,109,2737858
-124.26768474763452,76,2737934
-177.84761875409544,90,2738024
-106.82472366405774,85,2738109
-256.6864890688353,122,2738231
-136.51685470328735,64,2738295
-260.7685129006778,91,2738386
-204.70550991151435,114,2738500
-186.630627322461,106,2738606
-290.0200107156111,91,2738697
-132.25778089865165,120,2738817
-298.89636827379206,90,2738907
-79.09296717319214,56,2738963
-116.0411413363328,75,2739038
-111.65528603529981,67,2739105
-290.6690733662678,101,2739206
-467.9428892293168,109,2739315
-145.40098281923463,119,2739434
-95.39157891012513,87,2739521
-132.33198382343483,82,2739603
-194.1941354495372,119,2739722
-89.98258937504367,60,2739782
-105.54789499509761,72,2739854
-83.34446568203806,64,2739918
-18.259874942142133,99,2740017
-426.85178812720363,92,2740109
-74.19978928974493,66,2740175
-133.721450409023,78,2740253
-350.9955826753414,111,2740364
-135.5535847051163,68,2740432
-236.11375141843536,89,2740521
-8.486529141817854,73,2740594
-262.1799127178942,63,2740657
-97.22897575388447,95,2740752
-149.3799579284879,105,2740857
-163.96825332917382,109,2740966
-334.97907973464726,148,2741114
-180.13424565361714,68,2741182
-179.8167461843862,94,2741276
-358.72261710756266,92,2741368
-120.7940457281376,115,2741483
-247.7120945743423,85,2741568
-87.66968403689242,106,2741674
-344.67607035648837,99,2741773
-108.42657034570992,60,2741833
-81.73931078676071,69,2741902
-155.65843566464423,73,2741975
-120.32250404674097,65,2742040
-112.33010858853812,92,2742132
-191.75814169393556,84,2742216
-215.19119642287515,85,2742301
-112.98916074225086,73,2742374
-138.3370508300376,84,2742458
-259.69690510003437,72,2742530
-57.065733676594434,102,2742632
-323.225345987638,91,2742723
-96.27522901293916,76,2742799
-163.7282410157206,62,2742861
-343.0534311077937,71,2742932
-325.9039504991331,97,2743029
-352.56305602801615,144,2743173
-114.8937287783276,60,2743233
-115.55176486827638,96,2743329
-475.5244479528224,108,2743437
-238.5778200537872,72,2743509
-383.2807300367258,90,2743599
-485.16290977790845,114,2743713
-420.1476920744423,106,2743819
-235.4700330014727,98,2743917
-317.8714948290433,94,2744011
10.861458155519514,85,2744096
-85.88601832413109,72,2744168
-329.3268302777841,126,2744294
-18.917310699570976,69,2744363
-158.74591785370274,60,2744423
-81.19518941949653,64,2744487
-74.14031394743785,66,2744553
-312.96468712560124,108,2744661
-196.34617421713432,81,2744742
-387.84194951126835,92,2744834
-221.0714400581731,75,2744909
-183.92570153620122,98,2745007
-71.12400312350391,67,2745074
-193.87339172512992,77,2745151
-435.85447916425784,101,2745252
-371.7299933346148,116,2745368
-385.8778555044261,94,2745462
-116.58310743715676,114,2745576
-91.08526187506376,95,2745671
-203.3027352986967,87,2745758
-369.9280696308732,89,2745847
-349.0291016010006,96,2745943
-211.60326545080787,93,2746036
-154.42124732062067,68,2746104
-78.92618953927071,60,2746164
-87.93397578919519,84,2746248
-83.38959314713782,67,2746315
-191.44737409507653,82,2746397
-296.96487211686735,97,2746494
-142.8077892397057,85,2746579
-189.93943670906805,106,2746685
-281.0744596650144,95,2746780
-60.54554879822443,105,2746885
-209.4888761099998,98,2746983
-259.8483901572998,82,2747065
-148.52820415222428,65,2747130
-347.23694282591566,116,2747246
-110.80411735891977,59,2747305
-170.86164085099728,66,2747371
-91.71445040837892,65,2747436
-223.12263925084488,120,2747556
-275.8039085340014,72,2747628
-159.81586996400185,117,2747745
-402.0275105211639,133,2747878
-89.64214548947167,76,2747954
-91.34416782289686,82,2748036
-167.41803116124922,101,2748137
-259.79306271529634,85,2748222
-121.05818826758389,58,2748280
-84.04828920189445,66,2748346
-199.6451243405778,100,2748446
-189.9367583590153,98,2748544
-82.88860180108283,104,2748648
-210.92289229071628,93,2748741
-108.36976998448966,65,2748806
-152.0094299437697,120,2748926
-276.42913569070225,113,2749039
-220.72251132405228,106,2749145
-271.88526256544435,125,2749270
-257.4848312836616,101,2749371
-264.98866697341134,121,2749492
-393.30037456211795,90,2749582
-321.43159471683583,100,2749682
-148.42303527880273,68,2749750
-69.79468986471898,63,2749813
-297.65358582066153,97,2749910
-206.38705411510057,67,2749977
-58.65215777219365,129,2750106
-194.17723920621995,105,2750211
-139.86845370394695,73,2750284
-125.77003289337524,77,2750361
-85.96566368043202,71,2750432
-123.68683464055573,99,2750531
-95.7185850843108,64,2750595
-116.20186493291608,76,2750671
-368.27255631792053,108,2750779
-179.45050849862486,84,2750863
-298.0744186352981,77,2750940
-104.91865173688127,85,2751025
-138.34132560214184,98,2751123
-139.2080553761454,92,2751215
-186.02783711518543,78,2751293
-436.62853148356527,110,2751403
-279.37174860104267,129,2751532
-392.4261981436085,106,2751638
-379.9834767877278,121,2751759
-34.53724901043944,117,2751876
-69.47357005190159,62,2751938
-211.53402136542218,136,2752074
-220.8337926288027,100,2752174
-374.04892072653723,90,2752264
-114.73891092007905,104,2752368
-190.0602814504164,104,2752472
-79.53101876989406,98,2752570
-48.67503179433091,63,2752633
-88.17997859440642,84,2752717
-101.66388112923465,81,2752798
-85.22628765599018,89,2752887
-295.9464926505022,102,2752989
-185.38909296915034,67,2753056
-119.0997816274914,116,2753172
-174.96784514499484,107,2753279
-93.95489074665294,61,2753340
-95.33795239336109,94,2753434
-149.30423461861443,101,2753535
-91.99556277518417,72,2753607
-79.18047696354631,133,2753740
-185.25869106097997,137,2753877
-115.4220407696128,72,2753949
-98.46321098098282,67,2754016
-256.2382788944534,96,2754112
-134.4461753595828,84,2754196
-105.21870231952587,104,2754300
-90.55772745148003,111,2754411
-204.45437726117854,95,2754506
-98.53701260453863,89,2754595
-111.77067370478514,98,2754693
-221.91292608742276,74,2754767
-76.99570367169177,113,2754880
-244.0150855728637,65,2754945
-182.41403343276076,91,2755036
-97.67692940099006,120,2755156
-252.23423115269816,70,2755226
-124.75493021252842,119,2755345
-122.44399342320334,66,2755411
-169.06687363234397,119,2755530
-342.3859162927526,123,2755653
-129.57793093593156,67,2755720
-97.36737446198754,70,2755790
-151.37868217406233,88,2755878
-149.9796339125606,86,2755964
-348.83367010392044,107,2756071
-373.29864747105347,115,2756186
-151.4578773833371,109,2756295
-120.04924204279818,95,2756390
-217.457576205677,73,2756463
-426.5906321638198,85,2756548
-340.72520388701923,86,2756634
-126.08104637686961,58,2756692
-83.81370054232752,74,2756766
-119.51038579637223,131,2756897
-176.77430419948504,90,2756987
10.085753519586007,91,2757078
-344.7312916737334,116,2757194
-90.19184155387588,81,2757275
-76.95192090192833,62,2757337
-299.4371522051973,123,2757460
-341.42830881957275,92,2757552
-103.47611042314203,82,2757634
-375.0911130912204,129,2757763
-91.56727076999043,62,2757825
-104.5445093519555,87,2757912
24.798170738946283,133,2758045
-231.6687169499639,106,2758151
-154.20383767038857,76,2758227
-318.02769181648324,98,2758325
-175.45884283353726,133,2758458
-453.85155153431674,91,2758549
-102.80347563817922,66,2758615
-98.13362283444528,80,2758695
-143.38525078392402,80,2758775
-211.8676970178895,82,2758857
-329.4935738688391,109,2758966
-55.61835813939386,64,2759030
-131.47542976576108,93,2759123
-265.11558668415114,142,2759265
-167.87260888023957,85,2759350
-141.14114079308348,96,2759446
-198.85465733470053,56,2759502
-300.2128002514809,98,2759600
-110.77909269331349,110,2759710
-119.90838526875709,68,2759778
-191.20948259742133,100,2759878
-278.33904178728517,102,2759980
-233.95746030377398,90,2760070
-261.4259803547781,107,2760177
-71.45475527747595,60,2760237
-541.8682113915047,118,2760355
-73.0963011154409,66,2760421
-158.6283132846354,98,2760519
-111.33196687263042,127,2760646
-307.13727345379255,99,2760745
-85.58158509280925,78,2760823
-89.96269459286478,118,2760941
-129.550521642295,94,2761035
-196.89256094141848,123,2761158
-267.6030784250042,93,2761251
-199.22919670332823,103,2761354
-223.3057338950559,105,2761459
4.8391249275540105,96,2761555
-236.78732674665443,89,2761644
-211.36582846025328,88,2761732
-89.02850301398647,72,2761804
-115.06714574955906,104,2761908
-13.939113863622765,117,2762025
-190.2741062713778,78,2762103
-324.2178103402591,79,2762182
-148.77960636257268,61,2762243
2.7603080884673687,112,2762355
-321.93843409412875,117,2762472
-493.51890215517835,107,2762579
-203.46557803718724,131,2762710
-91.84146176110299,64,2762774
-449.63648304705623,93,2762867
-404.66956702092995,131,2762998
-301.06701949431283,113,2763111
-98.32427344273465,112,2763223
-89.10980470691221,87,2763310
-226.8794636052512,119,2763429
-229.55903290804198,100,2763529
-267.38628176265235,90,2763619
-139.4513416792745,97,2763716
-257.17535627395984,127,2763843
-181.81768901815468,65,2763908
-240.10769694217976,112,2764020
-149.8030783442989,79,2764099
-262.9922995597444,108,2764207
-82.07137531069604,78,2764285
-106.49445145071067,108,2764393
-126.81572974629236,86,2764479
-93.86786312330419,97,2764576
-135.43459874087017,98,2764674
-433.0229644512832,94,2764768
-178.13426491039837,99,2764867
-192.72211365586816,75,2764942
-119.25509132136479,63,2765005
-286.2262689379264,88,2765093
-118.97310139216137,104,2765197
-126.55507523665347,79,2765276
-85.36421968886134,82,2765358
-109.59644139316774,62,2765420
-145.17685125181993,53,2765473
-274.58127748754976,118,2765591
-416.09725450877414,111,2765702
-83.29074645925887,68,2765770
-132.99379941706536,105,2765875
-123.831717452162,95,2765970
-324.0980643724089,78,2766048
-96.26187093708349,77,2766125
-99.47326617232528,123,2766248
-225.60767804057946,107,2766355
-99.02589398893224,91,2766446
-187.8118929131595,132,2766578
-444.73697816484736,93,2766671
-74.58113790379673,89,2766760
-92.73486952052,112,2766872
-334.93507914768645,126,2766998
-303.8042801942197,109,2767107
-120.3716090073677,140,2767247
-322.45681257991356,102,2767349
-88.24598283217951,66,2767415
-397.9350582077522,98,2767513
-164.80046151138964,65,2767578
-290.4909714166887,99,2767677
-95.59671086949399,94,2767771
-318.4989409786016,101,2767872
-254.9491258949747,80,2767952
-203.57422798114607,105,2768057
-115.85757645840894,131,2768188
-369.22400792986565,88,2768276
-200.5853593706565,106,2768382
-168.78513217283088,79,2768461
-165.39278750522953,144,2768605
-259.25428985386714,88,2768693
-140.04569979591042,118,2768811
-123.89708141833843,78,2768889
-150.93374420505916,90,2768979
-93.75645636668217,57,2769036
-35.20418829241261,64,2769100
-83.23939657245334,68,2769168
-118.30384762803898,78,2769246
-288.4407999135509,110,2769356
-141.31386701309833,111,2769467
-264.29643577352374,111,2769578
-158.28921738262477,99,2769677
-193.07068077958792,85,2769762
-78.79057799882045,63,2769825
-334.4895731920545,96,2769921
-160.60242257583946,70,2769991
-84.77289074861757,67,2770058
-245.88111047754788,94,2770152
-195.9650069816613,120,2770272
-407.68214642570626,86,2770358
-125.42227447277206,65,2770423
-129.83060184290628,99,2770522
-103.24946800675706,79,2770601
-183.58785351885788,79,2770680
-256.98457802004776,63,2770743
-101.48311541622533,100,2770843
-67.30376323573256,62,2770905
-228.56638876007264,77,2770982
-44.460020863826415,69,2771051
-229.58922095467798,103,2771154
-505.23903242229966,121,2771275
7.761335837713872,130,2771405
-261.24129872192725,125,2771530
-72.66150106396478,119,2771649
-180.49705504841455,76,2771725
-186.91240987303166,89,2771814
-213.45909488196563,99,2771913
-215.41897478189895,116,2772029
-209.68958296825554,78,2772107
-143.58648075852443,111,2772218
-168.39801345398757,80,2772298
-116.49308502313897,88,2772386
-246.87629180304305,89,2772475
-90.48401074416174,95,2772570
-249.08343385151684,90,2772660
-92.87593052948031,77,2772737
-146.64845698130048,93,2772830
-112.80298987628889,83,2772913
-91.63700980081012,69,2772982
-476.0755325598046,115,2773097
-171.40517286317817,95,2773192
-291.11343259385717,112,2773304
-88.47166571272072,78,2773382
-310.4164071600078,124,2773506
-177.24860655237774,138,2773644
-124.97719160156552,63,2773707
-102.21718997808102,107,2773814
-109.21779817186352,70,2773884
-303.3683208960789,89,2773973
-107.29371808045684,75,2774048
-96.24015454627813,108,2774156
-112.52647840948144,68,2774224
-217.99130215403676,66,2774290
-372.98900119224874,101,2774391
-115.92648251288077,96,2774487
-150.8651986806596,155,2774642
-149.62999039944958,108,2774750
-174.75000173762209,97,2774847
-95.69670581173098,65,2774912
-71.05853713297076,76,2774988
-117.21961593893991,76,2775064
-85.72368006693036,81,2775145
-226.8771473056354,70,2775215
-64.67174715618025,133,2775348
-105.99155817522023,74,2775422
-260.1852432032075,94,2775516
-95.91022051973526,61,2775577
-139.10602165746909,92,2775669
-136.6259727895764,119,2775788
-390.08337975408074,88,2775876
-128.45604285946897,83,2775959
-395.83757950295075,108,2776067
-249.60301672203056,110,2776177
-310.9491804399563,112,2776289
-94.78028470202271,92,2776381
-37.99960113763224,74,2776455
-56.47200246058119,65,2776520
-103.19440736701786,101,2776621
-107.73943871829779,120,2776741
-176.16296531854925,83,2776824
-115.85161070338691,85,2776909
-78.97522832600244,87,2776996
-146.2067886258926,104,2777100
-80.96587588059282,151,2777251
-248.22024906616738,65,2777316
-226.89562562195127,105,2777421
-2.03095728468638,82,2777503
-164.34089859534583,76,2777579
-210.52981546579718,110,2777689
-402.44036861346535,79,2777768
-192.52042174088007,98,2777866
-218.02138067458813,85,2777951
-143.47089981674856,82,2778033
-142.0230527809213,114,2778147
-110.55039159178237,86,2778233
-349.5637499122463,82,2778315
-277.02522843013037,102,2778417
-202.84432940310722,88,2778505
-177.15420265647322,75,2778580
-109.64086458974714,79,2778659
-332.79967800132306,92,2778751
-169.63096626989756,113,2778864
-117.61159090028718,82,2778946
-193.95503801884882,112,2779058
-118.9115309722479,116,2779174
-148.7912651284964,124,2779298
-443.70856031283705,96,2779394
-210.14590012770623,66,2779460
-260.06033290444043,97,2779557
-127.48042304291883,105,2779662
-96.18366702113862,69,2779731
-53.025919067698126,98,2779829
-44.27620579655007,68,2779897
-83.15279771997167,86,2779983
-112.42956314871395,74,2780057
-16.610669000314616,113,2780170
-201.61944219611564,84,2780254
-260.76669242766906,66,2780320
-114.54450168442014,67,2780387
-152.98213027758823,69,2780456
-116.96335982424347,80,2780536
-137.93158725568708,80,2780616
-120.09157632795609,59,2780675
-86.7976088679982,130,2780805
-122.82572788523271,96,2780901
-169.53094061269246,73,2780974
-115.683961817367,68,2781042
-93.53972445605075,71,2781113
-420.2947243800923,93,2781206
-189.8558596234209,87,2781293
-70.80127767067472,61,2781354
-177.61276168481493,81,2781435
-78.99876493113604,72,2781507
-458.9378498239227,103,2781610
-135.1632619634961,79,2781689
-246.74492976469313,108,2781797
-82.46430084560096,64,2781861
-129.55817898645083,67,2781928
-241.31134981160753,106,2782034
-92.29518764371603,117,2782151
-223.36685552149248,122,2782273
-238.06374928501347,78,2782351
-404.3856924246455,94,2782445
-208.37171227054927,106,2782551
-364.92421803743366,103,2782654
-436.281722167933,89,2782743
-166.39428672846898,110,2782853
-91.54150300667033,79,2782932
-232.50648467185854,68,2783000
-247.27636421682416,84,2783084
-142.35152023127966,127,2783211
-117.42577503968698,76,2783287
-115.53946772483364,80,2783367
-94.50796589821273,70,2783437
-175.5478565333166,101,2783538
-145.66202955684975,76,2783614
-97.13836656019288,72,2783686
-475.39476032535754,100,2783786
-90.49912242474058,132,2783918
-145.61330155032454,116,2784034
-142.04441139995345,68,2784102
-193.4071216516706,96,2784198
-147.86360023482965,112,2784310
-112.22166293397227,83,2784393
-100.89086066513238,101,2784494
-102.48169010809701,97,2784591
-207.96591640409767,106,2784697
-111.8114749331834,122,2784819
-480.8440048035361,96,2784915
-126.50196031030447,74,2784989
-144.9092962859193,88,2785077
-103.60168729374128,74,2785151
-137.56015692928383,69,2785220
-96.50464738308594,69,2785289
-112.96096907833497,81,2785370
-248.54243049681224,117,2785487
-70.79424687137549,93,2785580
-153.51442201019486,96,2785676
-53.226422718802276,77,2785753
-83.53624614207803,123,2785876
-304.1515280171997,100,2785976
-76.71825050179368,77,2786053
-96.63803006199454,93,2786146
-201.1430547572732,93,2786239
-75.12922517169541,56,2786295
-167.29636068160877,91,2786386
-98.14847836603563,57,2786443
-136.0419461268134,101,2786544
-217.9528516866264,79,2786623
-263.3828252593779,83,2786706
-109.82849990402876,90,2786796
-248.81008690541674,90,2786886
-180.36833865514913,101,2786987
-269.06668077698015,74,2787061
-184.18270038208368,91,2787152
-265.3678848050673,95,2787247
-88.05864400360939,88,2787335
-180.77756403613589,120,2787455
-151.79780350276945,95,2787550
-120.61302507116159,108,2787658
-77.62284005888313,69,2787727
-89.59642800518183,75,2787802
-199.8525142898918,66,2787868
-134.46706465155785,76,2787944
-23.26112755377582,100,2788044
-85.41624676906906,98,2788142
-106.45668454086696,143,2788285
18.15372893682884,79,2788364
-57.423541076155274,153,2788517
-270.2927204236171,73,2788590
-86.70419899033357,61,2788651
-390.94022524469483,115,2788766
-243.57114563235305,74,2788840
-295.2725703460912,88,2788928
-129.5621189982013,84,2789012
-243.0438917802656,68,2789080
-128.46870207255333,100,2789180
-181.33425736751474,77,2789257
-88.5685195587027,80,2789337
-165.47276986447673,86,2789423
-115.56055763384451,90,2789513
-416.05494234501515,121,2789634
-127.33054687079172,59,2789693
-254.62588426080586,118,2789811
-150.5044408662393,98,2789909
-372.22199164527336,109,2790018
-338.0218465207713,104,2790122
-106.08211411582552,78,2790200
-257.80924265968787,92,2790292
-105.43036852603679,65,2790357
-233.55623390727766,128,2790485
-120.23718642367501,76,2790561
-237.91403046306866,112,2790673
-104.1366674071447,89,2790762
-172.67057130162456,110,2790872
-207.92693919629755,74,2790946
-150.8371363399677,69,2791015
-100.65825014214387,58,2791073
-199.6311905179329,94,2791167
-275.6592974873504,97,2791264
-147.7651022176201,78,2791342
-68.80870470808162,56,2791398
-229.77573246334396,121,2791519
43.16708691540609,93,2791612
-136.69543613212943,99,2791711
-94.68882834653515,110,2791821
-81.67916443794242,66,2791887
-487.6743281457848,99,2791986
-74.90980308083746,66,2792052
-71.42565811390337,81,2792133
-74.79372606177247,77,2792210
-119.12515253725013,70,2792280
-146.92320543348978,108,2792388
-67.73757057350029,95,2792483
-115.3413739147503,93,2792576
66.14690650205895,1000,2793576
-104.6364450551141,101,2793677
-355.5422220285353,110,2793787
-345.2558268897898,85,2793872
-110.49322619507785,68,2793940
-117.94544408896472,83,2794023
-162.50542792628252,134,2794157
-161.05825563574905,105,2794262
-102.18950004370717,66,2794328
-121.76738006081874,93,2794421
-114.32058970950268,115,2794536
-261.35988139420834,99,2794635
-64.8327637609191,70,2794705
-239.6563960862019,134,2794839
-166.93101174357577,123,2794962
-284.3949515774789,82,2795044
-177.69135213576436,107,2795151
-338.1892851769829,92,2795243
-300.5367753398949,73,2795316
-111.31342018210465,68,2795384
-246.17934443011538,113,2795497
-368.86954740120495,144,2795641
-372.1901075543537,81,2795722
-220.72964622687385,96,2795818
-163.65098487374493,112,2795930
-240.40181031140324,84,2796014
-118.72390451179501,111,2796125
-173.706070561923,83,2796208
-224.41892365197185,127,2796335
-373.31553548294255,99,2796434
-101.70085953941346,67,2796501
-346.6674699671927,82,2796583
-269.09528334940177,105,2796688
-147.27952168252193,141,2796829
-241.25666035812688,96,2796925
-141.1391621288254,64,2796989
-217.59336981221443,90,2797079
-256.41634728828944,111,2797190
-139.30833842845908,85,2797275
29.350044648939445,75,2797350
-113.01582758409373,80,2797430
-272.319755731516,97,2797527
-35.496976388077684,68,2797595
-280.55992922293865,79,2797674
-527.7076747482039,135,2797809
-155.58012255398472,115,2797924
-147.59457235208845,78,2798002
-51.675438074436045,119,2798121
-330.5064205993588,98,2798219
-211.27033701881874,119,2798338
-265.72236430466506,83,2798421
-243.91503731676914,101,2798522
-138.31745503774795,65,2798587
-138.32293703256764,91,2798678
-197.00229979895647,96,2798774
-133.20434485153348,101,2798875
-69.81622631078699,61,2798936
-106.1997934540234,64,2799000
-266.669921099975,93,2799093
-251.56171884384892,111,2799204
-88.47861271714402,64,2799268
-169.03643020245642,102,2799370
-340.2231332075421,91,2799461
-240.67706920323099,87,2799548
-151.101411012181,74,2799622
-105.93580157117597,81,2799703
-98.93600107559838,87,2799790
-140.87587224193362,71,2799861
-112.79314047781094,140,2800001
-79.1414827261936,85,2800086
-120.90235286090748,108,2800194
-157.09684897315194,90,2800284
-127.6788515257032,106,2800390
-124.77735048560257,98,2800488
-239.83678633260195,70,2800558
-68.21052357839758,60,2800618
-121.738415612486,83,2800701
-236.76833513402204,119,2800820
-82.94708902748974,68,2800888
-323.82534767071036,94,2800982
-72.838180351949,94,2801076
-70.99687304522575,66,2801142
-113.08661621296133,104,2801246
-267.2929979838807,98,2801344
-307.54707975724443,113,2801457
-330.09289987125646,110,2801567
-62.5440434699114,69,2801636
-208.04682821621503,108,2801744
-433.10113584938864,89,2801833
-70.74982765545296,67,2801900
-76.3869741600609,83,2801983
-47.2859887369958,75,2802058
-5.4669775619669565,87,2802145
-89.8300895996788,81,2802226
-242.016621061957,96,2802322
-100.36352742737367,76,2802398
-39.465954251427384,68,2802466
-83.30116257714947,86,2802552
-31.71727558624569,135,2802687
-189.19935232494117,83,2802770
-177.7151559554374,92,2802862
-226.8516488787136,98,2802960
-111.99266929301366,94,2803054
-295.3931392526946,76,2803130
-191.24871420797388,113,2803243
-101.847074424545,104,2803347
-308.2650164101303,109,2803456
-134.7728546956144,131,2803587
-79.99694539000402,80,2803667
-102.85515380642886,67,2803734
-261.9666971275062,102,2803836
-133.4808446974128,64,2803900
-85.13931176230057,95,2803995
-115.16147784778735,90,2804085
-254.65449069600496,91,2804176
-221.99063777489226,82,2804258
-91.57568528188852,118,2804376
-303.27891415162225,85,2804461
-168.7410234765369,109,2804570
-103.04236154542131,66,2804636
-156.2438575612301,134,2804770
-203.88511058553033,97,2804867
-231.02113068775515,84,2804951
-277.4954665134452,88,2805039
-189.62568282454902,155,2805194
-124.8620137467494,91,2805285
-106.71339112999419,71,2805356
-79.3821319244017,58,2805414
-268.0095257091025,104,2805518
-209.56766300658566,90,2805608
-148.47782759354354,104,2805712
-330.5489276425778,80,2805792
-471.0547091762442,120,2805912
-187.2286836912241,84,2805996
-65.13572504297055,65,2806061
-323.6697127624443,97,2806158
-191.463842131508,69,2806227
-88.38285599585511,105,2806332
-127.33002982353713,128,2806460
-155.9512414543223,73,2806533
-149.72844002017493,162,2806695
-259.36711794065354,75,2806770
-77.48059266993538,59,2806829
-163.94910962516354,134,2806963
-198.74278592546887,77,2807040
-255.74046687815738,84,2807124
-59.73218396679058,81,2807205
-120.81718592372113,82,2807287
-357.2416597034582,118,2807405
-395.673780172887,93,2807498
-70.69613133721825,67,2807565
-225.05872128968446,73,2807638
-230.748476345587,107,2807745
-88.88874161923266,91,2807836
-98.39492402868656,69,2807905
-118.6669682400684,65,2807970
-98.70065339646993,124,2808094
-57.03786659325209,104,2808198
-258.1550132260292,95,2808293
-132.89425697443124,90,2808383
-174.3048778081387,110,2808493
-25.969572940922944,104,2808597
-256.7307470288624,154,2808751
-306.95395851521494,83,2808834
-179.31982785262858,141,2808975
-212.15020365908146,93,2809068
-140.53832072055206,101,2809169
-44.20358566448749,62,2809231
-143.40361426284528,132,2809363
-206.50589644120842,71,2809434
-258.31306742327126,98,2809532
-145.87005920343336,90,2809622
-98.97754856515122,84,2809706
-135.77329256406486,92,2809798
-118.67906254247072,101,2809899
-110.2585204387209,113,2810012
13.722370271693649,75,2810087
-130.01640746877038,79,2810166
-379.5049605541341,92,2810258
-349.23677443471456,111,2810369
-130.95782102811526,83,2810452
-86.51333121591199,146,2810598
-237.50609618799996,120,2810718
-208.69463262395024,109,2810827
-224.96115151411482,95,2810922
-1.0057881067863121,78,2811000
-209.70325582370938,139,2811139
-232.62535164092702,85,2811224
-256.8867385897943,104,2811328
-122.21624619465487,81,2811409
-142.5902378131766,79,2811488
-107.16237339419766,72,2811560
-150.13059016757143,73,2811633
-114.26709979493162,107,2811740
-323.48950411889575,102,2811842
-202.85935981068207,120,2811962
-242.21384688216415,98,2812060
-277.1091459961476,117,2812177
-157.33732707349662,116,2812293
-346.089970450275,97,2812390
-296.16747567790196,94,2812484
-26.780898158263284,109,2812593
-245.1458458784279,106,2812699
-150.8547966231651,71,2812770
-378.4248005011452,101,2812871
-441.1882513698791,87,2812958
-271.63308646551826,135,2813093
-68.25227892893548,89,2813182
-154.00491204711324,102,2813284
-240.41701661810993,95,2813379
-102.30490663065869,122,2813501
-324.3615185401983,76,2813577
-184.17745377866112,95,2813672
-309.15018086662803,146,2813818
-279.94534545466433,90,2813908
-297.06845369426367,96,2814004
-200.85275620826,86,2814090
-367.23158118459463,100,2814190
-272.87592863467444,104,2814294
-510.56381407842775,107,2814401
-89.96317417157692,75,2814476
-91.45238834683325,79,2814555
-128.21081444708668,111,2814666
-273.5529473800885,81,2814747
-129.1367626433359,106,2814853
-357.03464164577315,88,2814941
-57.84793914750539,79,2815020
-458.3141878605637,113,2815133
-380.0133317342234,124,2815257
-150.73670018153214,79,2815336
-114.03966982995759,80,2815416
-206.18340640096233,132,2815548
-101.77280313238104,77,2815625
-134.39082513011175,66,2815691
-394.2002026920729,91,2815782
-341.0621519576541,87,2815869
-187.34478388442085,94,2815963
48.484119577695225,82,2816045
-7.338291533839012,67,2816112
-292.58620567165383,80,2816192
-284.22610562580684,131,2816323
-134.60354651047294,77,2816400
-105.24189627309266,87,2816487
-131.92289989294602,136,2816623
-172.9185746903417,161,2816784
-47.87917320168721,68,2816852
-84.32344430629448,73,2816925
-211.58593486044742,74,2816999
-82.38968961629578,99,2817098
-337.5387037095743,112,2817210
-97.05770145268339,68,2817278
-379.17674132331825,97,2817375
-133.87236474735894,66,2817441
-208.80452044073343,113,2817554
-95.8960047315617,117,2817671
-75.97868219651373,70,2817741
-236.25055244098922,132,2817873
-174.16837133181673,69,2817942
-105.82339912600982,110,2818052
-160.48654401891002,80,2818132
-197.47175735474255,102,2818234
-214.10231997063735,118,2818352
-76.88347477546257,83,2818435
-116.80086752559484,64,2818499
-228.05463990175787,75,2818574
-119.565284459342,74,2818648
-178.5273165734802,147,2818795
-135.14206966343994,112,2818907
-258.9958888356733,92,2818999
-145.1431188689035,108,2819107
-391.6283697267257,111,2819218
-170.11738162957175,90,2819308
-214.25454247295983,90,2819398
-193.75741942186843,81,2819479
-239.96268479912672,107,2819586
-111.95588534604066,74,2819660
-87.28503158167875,125,2819785
-103.99254034255365,100,2819885
-53.25499515874735,78,2819963
-334.17926620077947,110,2820073
-156.42956511040782,134,2820207
-299.66200667618415,151,2820358
95.33509125662428,1000,2821358
-212.66385709328677,69,2821427
-73.45697033832084,82,2821509
-64.09369969161138,72,2821581
-233.1320956598165,128,2821709
-102.16230601612834,125,2821834
-354.0453926256403,107,2821941
-108.10918045989395,64,2822005
-105.90554794086795,72,2822077
-351.61281266836875,82,2822159
-264.6826125330734,120,2822279
-326.57739891517525,122,2822401
-216.77807777126674,114,2822515
-245.57456902370348,162,2822677
-59.65487651508225,60,2822737
-148.2472409152875,103,2822840
-54.004402969618006,123,2822963
2.1670803043644327,109,2823072
-379.40592465466676,100,2823172
-356.9878818386908,105,2823277
-133.00946948427705,121,2823398
-168.8711378469917,69,2823467
-171.57087800917876,70,2823537
-105.58392663360945,110,2823647
-134.37234635661048,62,2823709
-223.9591254058154,149,2823858
-257.25387556161013,70,2823928
-298.15544757617613,105,2824033
-184.13848102913636,127,2824160
-126.57345442226871,62,2824222
-114.21489729376336,85,2824307
-345.5176527005861,87,2824394
-91.49864317834248,66,2824460
-117.81916962397483,122,2824582
-164.4193091327031,80,2824662
-355.6433066509079,98,2824760
-70.07674488952739,87,2824847
-212.12618914914268,104,2824951
-85.84508775868711,81,2825032
-71.88355676987392,62,2825094
-240.3411491761439,110,2825204
-280.6844181270576,92,2825296
-202.74485333038487,67,2825363
-99.88062621500447,79,2825442
-415.19496874168976,103,2825545
-277.04831235235963,109,2825654
-33.150890880041544,82,2825736
-251.90482560513334,95,2825831
-148.30625129880775,115,2825946
-190.39408723916142,115,2826061
-424.47086308034636,126,2826187
-78.54303264423908,79,2826266
-180.5429551021703,74,2826340
-192.8495908144293,72,2826412
-56.08963605834823,65,2826477
-79.84466390504807,101,2826578
-64.12455623297006,65,2826643
-174.14174882177633,69,2826712
-141.72465993228406,89,2826801
-107.53752870412467,62,2826863
-120.64286348263491,76,2826939
-57.0510579914889,62,2827001
-161.05520156378378,89,2827090
-104.698202973604,65,2827155
-84.35796845820565,67,2827222
-119.53402880667154,115,2827337
-97.61734781451315,70,2827407
-214.569991721517,71,2827478
-102.85714654865552,75,2827553
-335.5754865511607,108,2827661
-353.7893922197661,88,2827749
-333.6504781883202,88,2827837
-109.5988320935789,57,2827894
-98.78948496161752,93,2827987
-120.34819898541073,82,2828069
-260.79164331392974,113,2828182
-53.0367905084924,97,2828279
-116.6128070393381,85,2828364
-118.04651722387666,73,2828437
-287.12642997600926,81,2828518
-118.3674143192298,113,2828631
-190.98251020676116,120,2828751
-265.1410759555496,102,2828853
-315.5022833113276,88,2828941
-84.88477021134135,76,2829017
-92.27304596917998,77,2829094
-145.70105269525683,84,2829178
-73.61307629974507,72,2829250
-87.00718719655771,71,2829321
-89.17042431766572,98,2829419
-320.38200481540855,78,2829497
-64.89848013820037,124,2829621
-190.8059200991419,87,2829708
-123.41715243130773,66,2829774
-302.35885847672324,102,2829876
-238.83342630069453,126,2830002
-152.85942949012946,117,2830119
-511.53848338383807,102,2830221
-82.68042009950742,68,2830289
-481.73307154294275,98,2830387
-117.06445926969452,87,2830474
-75.75048978238199,80,2830554
-295.22824867696454,103,2830657
-199.1048521510853,109,2830766
-477.56009855396684,106,2830872
-263.8507254149489,133,2831005
-111.33221058649838,85,2831090
-183.27760713798423,102,2831192
-98.30677185273483,71,2831263
-91.21690288901112,107,2831370
-140.24502376276973,93,2831463
-21.17899932358368,102,2831565
-122.94727934323835,93,2831658
-57.89552406517599,62,2831720
-157.94943246862434,98,2831818
-93.03974573822101,71,2831889
-282.9845356635034,92,2831981
-228.3922521561181,84,2832065
-123.64587861167675,70,2832135
-138.47382873086488,63,2832198
-277.9136259199197,86,2832284
-336.22156863896134,73,2832357
-38.33518342799957,130,2832487
-105.52022619009459,93,2832580
-123.05070462526804,66,2832646
-173.93745905197233,107,2832753
-343.6748899479371,121,2832874
-91.21261563310483,74,2832948
-32.114497448582,91,2833039
-226.75534384404583,106,2833145
-306.5262257904865,108,2833253
-116.55801283322758,123,2833376
-181.20420018484742,94,2833470
-115.38345444371612,69,2833539
-114.0476810656336,94,2833633
-273.0993720885374,121,2833754
-103.24266542339777,66,2833820
-297.803992911452,107,2833927
-90.52330705717222,80,2834007
-89.57323384589995,61,2834068
-120.54342344715585,114,2834182
-105.34250250325846,88,2834270
-78.59194691478484,57,2834327
-233.61453376462154,132,2834459
-100.76843411932538,84,2834543
-465.10806026270666,99,2834642
-101.25038141949936,83,2834725
-98.73567721499936,97,2834822
-145.23437858044758,71,2834893
-221.68868616067036,67,2834960
-188.60343683447618,112,2835072
-118.32200700111147,81,2835153
-75.56241332541848,65,2835218
-413.2103423141848,117,2835335
-125.50551334523425,70,2835405
-405.7818414211359,95,2835500
-128.22678000105535,96,2835596
-110.30231355916514,61,2835657
-121.51665957369578,67,2835724
-153.1641596210206,85,2835809
-298.48588080751153,109,2835918
-109.44607387087325,70,2835988
-130.59241648154486,60,2836048
-109.13499783959328,92,2836140
-221.31821780829497,63,2836203
-104.20187418694677,65,2836268
-366.67369001731834,78,2836346
-322.07482594852445,97,2836443
-45.99257344589826,77,2836520
-209.90948887125194,89,2836609
-104.07197427146545,77,2836686
-100.14485218543025,70,2836756
-368.66155521217865,104,2836860
-151.86280117361235,114,2836974
-156.61674735840634,79,2837053
-147.82627278694181,79,2837132
-232.0941942805696,94,2837226
-325.5666761071768,84,2837310
-95.49940699830117,85,2837395
-103.45019644255846,78,2837473
-140.06011846043037,92,2837565
-225.885628526169,81,2837646
-76.7841381398525,111,2837757
-79.33921103793291,76,2837833
-194.45019205130285,66,2837899
-440.50502523683735,119,2838018
-300.35528392654817,123,2838141
-228.15435431510974,92,2838233
-224.2424018781984,98,2838331
-129.22237822992616,76,2838407
-422.7995924223513,113,2838520
-223.15894286264577,115,2838635
-110.19718887645645,84,2838719
-324.3197932682019,105,2838824
-199.67862952068683,69,2838893
21.57305087078369,117,2839010
-121.8780117629771,111,2839121
-438.8706164185198,78,2839199
-105.65864668031408,79,2839278
-219.72894135758543,94,2839372
-92.60322473761029,70,2839442
-142.4953790462372,85,2839527
-223.66940595128168,96,2839623
-109.70547936362726,65,2839688
-133.9128145638653,93,2839781
-45.62696830180076,151,2839932
-285.59681151293046,75,2840007
-73.30147536901588,63,2840070
-108.33521089484951,66,2840136
-85.05597578217893,125,2840261
-335.36826000886333,134,2840395
-284.97019933673477,109,2840504
-82.09614859179129,105,2840609
-213.96056298706498,97,2840706
-233.64354977967707,79,2840785
-109.18798963987973,61,2840846
-21.600018860281693,82,2840928
-424.0208784085905,123,2841051
-96.60951706399808,74,2841125
29.852208793787355,167,2841292
-270.3874164006353,106,2841398
-201.60455481400874,83,2841481
-90.63410151974527,74,2841555
-177.39323933997792,83,2841638
-61.51200610809184,71,2841709
-147.09722122947161,97,2841806
-143.03612015578187,99,2841905
-74.93657645577589,76,2841981
-108.29657058960842,78,2842059
-258.3977379502941,84,2842143
-80.92100732118703,78,2842221
-256.61026252350996,99,2842320
-258.21429088348845,105,2842425
-395.12419408947255,129,2842554
-126.02304645356548,76,2842630
-401.99958045107167,129,2842759
-398.1055607052027,92,2842851
-56.69103275177972,69,2842920
-213.49167006196652,105,2843025
-93.8227506335097,86,2843111
-56.41402320625206,64,2843175
-81.39666056133345,90,2843265
-111.39087995837492,92,2843357
-67.4112103400791,77,2843434
-89.1784143060246,94,2843528
-171.90689629268172,72,2843600
-110.57734150602258,91,2843691
-213.2705946175657,71,2843762
-227.62702446701434,80,2843842
-70.8412777185033,118,2843960
-455.7995536901831,91,2844051
-107.05475314676173,77,2844128
-168.11670647953662,87,2844215
-84.22944248291716,80,2844295
-80.68251834033325,65,2844360
-118.01016307357656,76,2844436
-110.88098868897836,60,2844496
-209.38156547577725,72,2844568
-386.2059951243056,96,2844664
-85.49300376773228,58,2844722
-397.74450594234736,153,2844875
-220.8350762283891,126,2845001
-156.756418772398,117,2845118
-101.03826001522992,71,2845189
-80.76561118375892,75,2845264
-284.39785298434856,116,2845380
-399.57115238217335,87,2845467
-109.86240755537466,102,2845569
-163.33576793019984,88,2845657
-375.70643127406777,125,2845782
-513.2766082722583,103,2845885
-305.3327177773518,83,2845968
-344.27540169392853,116,2846084
-307.013632939872,80,2846164
-115.0251554501634,113,2846277
-182.5746821620445,120,2846397
-148.87730809841304,81,2846478
-195.60239411232536,67,2846545
-261.8533266183846,100,2846645
-82.81750023472593,70,2846715
-186.26710111234308,122,2846837
-50.21837826689962,93,2846930
-100.404645575297,94,2847024
-234.31964903573126,80,2847104
-137.4672286798941,72,2847176
-161.00445500929516,121,2847297
-79.83575160710586,55,2847352
-287.76999080551104,90,2847442
-230.7345164863317,81,2847523
-70.19717560178447,70,2847593
-302.67418999707365,97,2847690
-252.18954960721052,93,2847783
-370.0954658096644,79,2847862
-192.21821705755377,104,2847966
-118.97139302020757,123,2848089
-129.2962000615325,71,2848160
-211.6994856332085,84,2848244
-331.9154821291383,91,2848335
-119.12658107652841,112,2848447
-88.30145124223759,93,2848540
-154.51904525091825,90,2848630
-394.85926102938566,107,2848737
-198.56867786635445,75,2848812
-316.5878719531512,114,2848926
-411.7352036523881,108,2849034
-341.14733100410535,97,2849131
8.239778913126102,137,2849268
-201.4774302173117,102,2849370
-376.8822561242749,98,2849468
-198.40641768898524,69,2849537
-136.7070794673862,80,2849617
-79.97349897379014,65,2849682
-87.12777231201713,84,2849766
-180.99388194585342,99,2849865
-510.4465272365947,93,2849958
-207.48187872592172,81,2850039
-388.4571810803052,84,2850123
-199.5989857787297,126,2850249
-381.7275936864449,101,2850350
-171.64941462854063,114,2850464
-192.95402626780754,130,2850594
-160.6488817998847,55,2850649
-204.32501678195115,77,2850726
-120.61967432042466,133,2850859
-132.7448247803266,78,2850937
-140.6214168915368,91,2851028
-82.432630080788,128,2851156
-253.99952318113978,111,2851267
-159.80781603213654,64,2851331
-154.11140319846328,75,2851406
-113.66283248318494,81,2851487
-429.3057699298497,94,2851581
-127.14690634684669,79,2851660
-160.3085500410021,87,2851747
-279.892558638035,81,2851828
-221.23692164783665,113,2851941
-111.10174952142292,72,2852013
-434.26208573422747,94,2852107
-105.75502499546592,61,2852168
-88.05705262300434,75,2852243
-75.99243459507107,74,2852317
-258.57866397112093,95,2852412
-86.38223391048058,69,2852481
-162.9007065988236,120,2852601
-266.7141449725549,100,2852701
-100.06530097561239,94,2852795
-310.29274423991853,82,2852877
-219.03958521653232,90,2852967
-94.47867804704958,86,2853053
-73.05478335409539,63,2853116
-103.34316865275288,75,2853191
-79.63068892964488,106,2853297
-72.14733329853229,85,2853382
-101.7959292452905,81,2853463
-137.19322609467272,74,2853537
-104.56911332726128,87,2853624
-412.65382836756663,98,2853722
-132.61153485847765,65,2853787
-237.8323510205764,99,2853886
-149.0085008451593,73,2853959
-116.02579576206509,66,2854025
-167.103514925225,100,2854125
-101.14622786684713,64,2854189
-474.4982647201532,103,2854292
-130.4931635006464,106,2854398
-279.8145994600757,108,2854506
-28.69533026233725,124,2854630
-61.40784013329445,73,2854703
-114.36940165078519,121,2854824
-280.93672599413657,110,2854934
-103.36543382335434,117,2855051
-330.09858041024745,114,2855165
-107.48813837877896,124,2855289
-51.243451837987166,59,2855348
-149.61030912520937,81,2855429
-291.4578677582365,75,2855504
-385.2044029367506,103,2855607
-154.16470118149476,106,2855713
-153.52035987422948,111,2855824
-366.70720311114036,93,2855917
-189.78854766277382,122,2856039
-91.95197703677908,71,2856110
-257.835497349741,109,2856219
-102.90733567558713,78,2856297
-109.83550525862604,111,2856408
-115.6133080581047,73,2856481
-92.49878937274579,69,2856550
-353.8662952042842,119,2856669
-331.77769320037316,107,2856776
-124.68148160009359,117,2856893
-100.2120835335439,78,2856971
-257.4662463160797,110,2857081
-68.60744837832169,90,2857171
-98.57633142372535,85,2857256
-147.46482149531607,83,2857339
8.490524608814184,139,2857478
-184.43817007730408,82,2857560
-231.1329597864603,79,2857639
-67.47262174174,74,2857713
-467.4037647756274,118,2857831
-380.28813318775826,116,2857947
-123.79271537775884,100,2858047
-161.20203445061793,121,2858168
-460.3082458134169,99,2858267
-75.1012650761989,81,2858348
-171.65326553908383,117,2858465
-185.43091073515194,111,2858576
-139.81871138724824,94,2858670
-370.0383449152303,92,2858762
-20.801758304025014,142,2858904
-211.00288157694138,68,2858972
-151.64484547141598,88,2859060
-67.38703100116857,115,2859175
-89.38884155526952,83,2859258
-632.1774179366331,104,2859362
-96.59766020888283,131,2859493
-108.71577022612604,91,2859584
-99.32657691918547,91,2859675
-226.9035392446678,130,2859805
-236.00425041150368,122,2859927
-101.76081356084383,72,2859999
-212.11768474251733,67,2860066
-362.69323478054764,91,2860157
-91.97190432847138,109,2860266
-211.05856034905125,130,2860396
-203.95568745047552,73,2860469
-179.54425663760628,85,2860554
-241.00212175770213,115,2860669
-262.3986208741238,104,2860773
-176.84601800795028,115,2860888
-86.53763546003908,64,2860952
-66.46795625649733,70,2861022
-94.69537909046576,93,2861115
-105.38941906588634,75,2861190
2.5179781603032865,147,2861337
-351.31577012847197,108,2861445
-364.89368905358276,87,2861532
-89.86662337456085,57,2861589
-102.58793788041478,88,2861677
-125.39589129895094,77,2861754
-277.33158753323517,92,2861846
-80.98383857985195,101,2861947
-66.15500946896887,69,2862016
-190.3911127922046,112,2862128
-330.7179614559529,94,2862222
-535.8226265099622,93,2862315
-103.55688906787903,84,2862399
-84.95304483817438,91,2862490
-59.749727344220936,66,2862556
-117.85601636731357,82,2862638
-247.0891009940646,119,2862757
-76.51343589855982,115,2862872
-137.0081088940177,83,2862955
-211.64148000429662,75,2863030
-104.49369355801471,64,2863094
-227.363143039113,86,2863180
-206.7737160075373,114,2863294
-161.23543139956945,95,2863389
-98.08345334593298,91,2863480
-169.2570433574371,97,2863577
-181.99165943599235,93,2863670
-65.67959328898709,80,2863750
-119.87217440773162,69,2863819
-269.1661358760419,121,2863940
-70.65821670856491,60,2864000
-199.41867526236393,95,2864095
-97.23322438800427,83,2864178
-464.00703207744783,94,2864272
-157.71455031079915,98,2864370
-186.0593961944228,125,2864495
-236.40575676325284,93,2864588
-150.82744405058205,75,2864663
-67.86964479511903,84,2864747
-265.9424559208344,72,2864819
-109.98150426729384,111,2864930
-175.9603323238593,115,2865045
-232.35118369469882,103,2865148
-170.83501844320432,130,2865278
-123.80770463406759,91,2865369
-101.02955703756791,65,2865434
-300.4051677633776,108,2865542
-150.97082957963502,92,2865634
-90.58712223256256,104,2865738
-96.82223138113271,64,2865802
-146.55539790595577,142,2865944
-142.24354073084436,102,2866046
-320.1498489995463,97,2866143
-236.75188308488717,69,2866212
-19.0285632349797,138,2866350
-106.48496649868207,97,2866447
-144.46615310016472,82,2866529
-185.29841522665424,59,2866588
-92.66490642666383,122,2866710
-86.6144992635128,102,2866812
-369.99896061657404,94,2866906
-144.9614663197433,78,2866984
-117.29613395940754,63,2867047
-272.8316788204939,101,2867148
-201.33063830574494,89,2867237
-90.01407914137633,75,2867312
-243.03824441528135,102,2867414
-95.5481771066318,78,2867492
-119.07355702348617,108,2867600
-247.26637963777662,93,2867693
-230.5644146972749,110,2867803
-395.97124614252783,99,2867902
-178.96616801596053,79,2867981
-352.34012147083126,92,2868073
-106.17756360628157,81,2868154
-267.8176225988864,116,2868270
-108.61793341186592,106,2868376
-80.07965500972097,94,2868470
-118.7780816737541,83,2868553
-137.10647083248747,107,2868660
-13.834159955145978,95,2868755
-50.98506279294368,75,2868830
-384.53581937895143,130,2868960
-58.8210066109787,64,2869024
5.92255090206416,85,2869109
-79.58131781645176,127,2869236
-145.80276207379254,65,2869301
-189.58709310775748,105,2869406
-148.60289877044468,74,2869480
-222.68919182872816,96,2869576
-114.74472022274801,89,2869665
-160.76798307616332,79,2869744
-215.34243802247101,88,2869832
-103.09973130553712,100,2869932
-125.93305618828032,136,2870068
-262.2519351464439,89,2870157
-334.9198291336358,97,2870254
-206.0616857662591,68,2870322
-132.23281903196587,111,2870433
-193.02672907548055,70,2870503
-102.20755143339622,89,2870592
-101.64117478366991,80,2870672
-248.3618418241021,98,2870770
-109.34698133072266,81,2870851
-80.2701450642246,71,2870922
-144.30218722851848,115,2871037
-378.33261981087406,123,2871160
-124.30798973849295,94,2871254
-305.97914732018825,116,2871370
-295.5107214013127,107,2871477
-179.2896692632618,108,2871585
-278.32590395550426,77,2871662
-399.2838140449046,92,2871754
-93.00040206737127,73,2871827
7.991988556507863,114,2871941
-105.04414427069457,81,2872022
-111.8942264616987,65,2872087
-164.16959222617527,79,2872166
-256.96207360460096,126,2872292
-127.33921190483979,65,2872357
-177.52021316400305,94,2872451
-249.18263150897374,59,2872510
-65.52997098532529,100,2872610
14.859828490185762,62,2872672
-163.66141070272602,104,2872776
-224.32431976006825,115,2872891
-91.99995002297561,98,2872989
-315.7378574059378,98,2873087
-107.83621708717254,75,2873162
-130.1728068173618,62,2873224
-166.05721659029587,135,2873359
-102.08367594882857,94,2873453
-28.416129331371863,82,2873535
-72.0238820253474,71,2873606
-217.80747591287206,81,2873687
-137.48632783831312,68,2873755
-381.74824545556106,99,2873854
-282.6953192961132,106,2873960
-51.358281301639316,62,2874022
-128.41759837999987,89,2874111
-322.14933531032295,66,2874177
-75.09959747833503,109,2874286
-184.93214545730837,122,2874408
-509.3797095156395,91,2874499
-168.64936424054628,61,2874560
-340.03454895047804,74,2874634
-280.54320800640096,71,2874705
-133.33952072689846,58,2874763
-152.4106080641337,81,2874844
-121.92690346084353,76,2874920
-172.26617482764,86,2875006
-150.78548879408135,97,2875103
-338.4018597690041,97,2875200
-138.16479560523834,110,2875310
-260.5045723111459,90,2875400
-124.97896531497862,69,2875469
-95.16128398573382,58,2875527
-87.16907889810189,64,2875591
-53.765857974628446,71,2875662
-116.52646972000926,74,2875736
-312.7888146054547,109,2875845
-118.51531158444395,121,2875966
-238.9707373481807,131,2876097
-6.489442236693279,90,2876187
-248.92157585745343,98,2876285
-112.09148196080491,71,2876356
-232.83712018990943,130,2876486
-169.58170239154373,76,2876562
-102.25078373527913,64,2876626
-247.58932608986098,122,2876748
-245.26342332323244,53,2876801
-95.93355680048404,82,2876883
-66.00919606913669,84,2876967
-112.36165992682862,90,2877057
-378.6050279897606,97,2877154
-259.9180686578683,97,2877251
-442.71463827140775,111,2877362
-133.96326881345186,94,2877456
-553.0170688214811,93,2877549
-346.58605926887196,91,2877640
-83.33946897153578,69,2877709
-14.514187989992152,95,2877804
-224.29699786041505,84,2877888
-279.23363989944266,98,2877986
-118.58277829133357,64,2878050
-93.1457164502083,64,2878114
-191.57092507820454,99,2878213
-238.95290206288388,104,2878317
-69.95131331920248,59,2878376
-464.51015730136737,105,2878481
-74.5475547231552,73,2878554
-107.17226362512598,67,2878621
-190.0312784823472,81,2878702
-195.7377972395791,99,2878801
-286.3684357127675,133,2878934
-72.30711061930594,71,2879005
-123.31030726355712,135,2879140
-134.54141504815723,96,2879236
-52.26707470058349,84,2879320
-155.15580379957174,90,2879410
-154.92835084206197,68,2879478
-21.955833548540852,67,2879545
-118.60167352449474,93,2879638
-171.47341575498945,110,2879748
-322.4058181331302,92,2879840
-314.6919832420192,88,2879928
-232.6722766013491,123,2880051
-309.3519985394304,125,2880176
-151.9342349372942,94,2880270
-215.47370635085878,104,2880374
-134.86647739084236,71,2880445
-121.21657859788087,113,2880558
-138.2238102290516,88,2880646
-109.24471481345549,81,2880727
-62.71257743235654,100,2880827
-224.03621954315255,61,2880888
-71.10679066785426,82,2880970
-62.36021909094396,62,2881032
-46.2255619883387,63,2881095
-409.57842771152355,125,2881220
-135.84228267877376,99,2881319
-121.81906203454832,89,2881408
-217.75400300108265,96,2881504
-148.3650767633291,63,2881567
-100.90511013728425,75,2881642
-86.52080031344869,99,2881741
-181.23765196934136,68,2881809
-70.2702703276759,67,2881876
-102.92356487570872,117,2881993
-76.89797804766104,67,2882060
-120.53283427924293,74,2882134
-203.08449932068396,92,2882226
-163.8546630882353,88,2882314
-125.81645121975087,96,2882410
-219.20373743127027,91,2882501
-114.17465824866431,87,2882588
-133.61551924816573,117,2882705
-68.12215279069122,78,2882783
-220.10688031079863,91,2882874
-452.91849512208574,83,2882957
-142.6893350549929,75,2883032
-123.0830107494503,97,2883129
-95.68406027243708,63,2883192
-230.51059015192712,78,2883270
-255.75741130764098,76,2883346
-276.3468991608463,97,2883443
-207.8814742544856,133,2883576
-164.81367865624316,88,2883664
-93.97198860057082,66,2883730
15.211984938723845,129,2883859
-99.77323789443344,97,2883956
-159.0176203785424,63,2884019
-53.3252076127268,74,2884093
-256.420206083787,82,2884175
-256.04880315756543,106,2884281
-117.41974135542476,75,2884356
-88.4302533474671,128,2884484
-157.62558700444603,92,2884576
-235.5995924519951,124,2884700
-272.1281412722592,99,2884799
-90.19424181270895,73,2884872
-114.33689906946884,93,2884965
-172.14290242606472,100,2885065
-118.54481610888236,84,2885149
-100.90469147950257,71,2885220
-252.2739904565145,76,2885296
-292.09013247478254,104,2885400
-299.71402191655903,83,2885483
-74.04703388110251,74,2885557
-184.77917864192912,74,2885631
-139.5271355621711,98,2885729
12.10091738054669,100,2885829
-104.88151650326508,120,2885949
-87.72391546693245,60,2886009
-132.01817095399872,121,2886130
-206.1036374118479,86,2886216
-113.16049271561454,85,2886301
-244.58447339991199,103,2886404
-236.5022384758808,101,2886505
-273.0537834008794,79,2886584
-318.3457672988017,103,2886687
-464.20078814143073,91,2886778
-90.95577197322004,64,2886842
-83.51371487695239,76,2886918
-276.7116653662274,84,2887002
-307.76283387936184,92,2887094
-280.38672219448614,75,2887169
-28.97603768253896,90,2887259
-88.34271426916119,103,2887362
-212.8747741586337,83,2887445
-97.07389384551232,114,2887559
-117.98746833830064,72,2887631
-100.12733530863106,101,2887732
-141.86816305886668,88,2887820
-259.5599421342979,91,2887911
-225.47010527824517,80,2887991
-166.68912284799566,68,2888059
-311.80863952833715,104,2888163
-163.42805103109424,91,2888254
-218.7088842459897,140,2888394
-379.0330170853794,87,2888481
-238.55258021976454,102,2888583
-139.23269864396337,128,2888711
-87.41280628192146,128,2888839
-223.2471859742677,85,2888924
-191.85377366465903,68,2888992
-277.44101218626724,102,2889094
-154.07680770489745,101,2889195
-120.72930092447993,96,2889291
-155.26108502939852,105,2889396
-124.12219915122388,105,2889501
-87.96089376755398,64,2889565
-88.95388637902559,62,2889627
-324.3040220954241,97,2889724
-189.3009687759169,68,2889792
-467.27011507936845,95,2889887
-128.70418305090809,114,2890001
-97.61138233472839,89,2890090
-251.2081635998524,76,2890166
-236.90696295777505,105,2890271
-119.05056337785993,63,2890334
-66.69349818452656,64,2890398
-133.5499406558294,59,2890457
15.125572984264707,83,2890540
-80.18552478384804,60,2890600
-111.28302177719092,74,2890674
-278.3685380520892,103,2890777
-213.18757578961544,94,2890871
-203.0321567912144,75,2890946
-68.48680115922684,59,2891005
-125.34410213023172,77,2891082
-118.7755692171597,60,2891142
-331.9262172539867,77,2891219
-312.35016971002506,80,2891299
-221.80769234063362,77,2891376
-88.85964877905678,71,2891447
-77.04004682851271,65,2891512
-149.2076657000723,97,2891609
-363.7719766094113,67,2891676
-112.53432233659777,101,2891777
-61.56336644416926,66,2891843
-216.51969383950566,82,2891925
-116.91708599510183,63,2891988
-178.88318932567623,117,2892105
-109.69253758343129,136,2892241
-125.08042425249855,102,2892343
-405.8777876863164,130,2892473
-126.43924403616026,63,2892536
-22.851929844092382,115,2892651
-88.94963013019915,60,2892711
-51.37725482672174,62,2892773
-325.24604150784864,76,2892849
-212.6235157859486,80,2892929
-93.73924971474041,99,2893028
-282.03152765099514,93,2893121
-110.94954832298177,62,2893183
-115.15482964231256,122,2893305
-104.43265949518442,81,2893386
-319.7116905910167,83,2893469
-406.3859659625698,134,2893603
-203.53129682543116,81,2893684
-125.37173509792498,67,2893751
-59.52191171978731,69,2893820
-387.2838039668117,106,2893926
-327.94405526881144,65,2893991
-412.7154345967704,98,2894089
-244.78707749530093,90,2894179
-246.53685046243805,101,2894280
-429.56362033984914,79,2894359
-100.11193921791576,60,2894419
-227.3838714478664,112,2894531
-188.15005462306792,119,2894650
-154.2106220289038,93,2894743
-355.3778511031066,98,2894841
-125.86774483292606,108,2894949
-101.33901900641207,67,2895016
-79.82067636333025,61,2895077
-354.248318721897,83,2895160
-186.55458313729935,108,2895268
-164.51798719346067,86,2895354
-114.00361747076042,93,2895447
-114.60847464160486,93,2895540
-427.47255539852813,90,2895630
-304.3247474287545,108,2895738
-101.28495347396029,87,2895825
-219.5261249026393,91,2895916
-213.41560507323356,117,2896033
-61.07501289122333,79,2896112
-82.14430477400789,93,2896205
-548.1002821265195,84,2896289
-239.80959889204104,122,2896411
-219.064325779337,101,2896512
-105.46376553140679,77,2896589
-87.84165455181981,95,2896684
-106.40162159063716,108,2896792
-88.97786572966127,72,2896864
-315.35371867943104,108,2896972
-234.88322513536406,121,2897093
-147.10068660283656,101,2897194
-136.9140717572395,107,2897301
-197.6491964667703,92,2897393
-207.76768596685383,69,2897462
-108.04587791364601,77,2897539
-240.85166116427106,103,2897642
-220.42415015011318,96,2897738
-379.5993600786333,93,2897831
-324.2132768139944,108,2897939
-263.9800598729754,104,2898043
-299.7767788589563,81,2898124
-422.78531512057884,93,2898217
-61.368868893531264,111,2898328
-390.002880375974,117,2898445
-282.23873823528936,120,2898565
-392.0254333158792,115,2898680
-20.036432782850667,86,2898766
-91.74122780987149,61,2898827
-138.65612808683522,117,2898944
-269.2754919929752,100,2899044
-114.44165860196958,117,2899161
-289.5768812575965,81,2899242
-317.1497832862495,89,2899331
-219.55239476400862,98,2899429
-187.69796826042344,97,2899526
-155.25819179511598,95,2899621
-169.77347844246458,105,2899726
-250.42227277142948,122,2899848
-384.78013547409245,96,2899944
-101.88936190650995,62,2900006
-130.1636579260811,119,2900125
-288.63781916094035,114,2900239
-188.4682540287552,112,2900351
-181.07138913666154,91,2900442
-93.58932854287401,70,2900512
-349.97214489868077,117,2900629
-80.06970737258077,73,2900702
-316.91290820559766,121,2900823
-382.38566593035733,95,2900918
-51.912883400220004,72,2900990
-24.409205995133348,78,2901068
-364.58109570649594,113,2901181
-122.08642165945184,91,2901272
-126.44661510975459,107,2901379
-256.00366933956525,127,2901506
-111.40377984284369,79,2901585
-61.74580571587996,61,2901646
-88.75007796017933,68,2901714
-126.55853320270299,63,2901777
-118.73166365536338,59,2901836
-130.05558992086452,71,2901907
-130.2002285861554,67,2901974
-454.73192801550005,105,2902079
-199.3089364670211,85,2902164
-144.16886158420422,71,2902235
-443.1214332233196,127,2902362
-223.45446042504886,75,2902437
-99.73251507470502,75,2902512
-83.26253529877607,85,2902597
-91.81522692231262,60,2902657
-120.33222921222115,89,2902746
-178.7338148446097,121,2902867
-187.06019971741847,116,2902983
-106.87342648979285,93,2903076
-241.88010294921534,86,2903162
-59.067735107345854,117,2903279
-244.50705605615454,111,2903390
-68.47709458404131,103,2903493
-107.5184946035929,89,2903582
-107.5889578696421,120,2903702
-241.84413677390936,81,2903783
-169.95100896707078,120,2903903
-263.9377038428536,95,2903998
-167.34571775763555,102,2904100
-431.87026961968286,101,2904201
-205.70903447437678,129,2904330
-133.94508530626632,99,2904429
-107.3730263380439,71,2904500
-107.5589018568221,94,2904594
-183.71624583751446,100,2904694
-157.12958991128437,84,2904778
-266.5633154138046,106,2904884
-106.57689805484637,121,2905005
-97.67504859711286,104,2905109
-188.91564743382355,104,2905213
-221.85114650106,135,2905348
-326.14985130690957,94,2905442
-369.8579466884574,73,2905515
-287.35634829797846,115,2905630
-66.89193839483815,68,2905698
-258.73345193158764,116,2905814
-196.8714956129835,60,2905874
-314.24454904476386,113,2905987
-291.66358103426603,121,2906108
-341.1105678023289,95,2906203
-221.4270123652946,112,2906315
-62.700967979462156,135,2906450
-224.44145506170534,103,2906553
-87.42935352897624,81,2906634
-131.48947452681347,80,2906714
-147.35878524368798,97,2906811
-132.14015848846373,80,2906891
-269.71633758311503,110,2907001
-130.21213373684793,95,2907096
-83.6385505668269,84,2907180
-220.34089234122234,103,2907283
-356.98292317047844,101,2907384
-111.2884547275305,77,2907461
-328.48460986226985,89,2907550
-171.23230904636804,95,2907645
-88.44622526928093,69,2907714
-97.62195041427569,61,2907775
-337.83076886041977,107,2907882
-326.07644112443637,82,2907964
-183.2850625497679,86,2908050
-133.05741062618688,80,2908130
-333.1908475379731,107,2908237
-505.06428141761796,127,2908364
-105.29089618126136,68,2908432
-87.2707646290155,54,2908486
-110.19334233922493,70,2908556
-349.5870147451292,81,2908637
-366.1384311347509,85,2908722
-359.2632438166141,100,2908822
-152.36455756980547,88,2908910
-177.1064135336705,121,2909031
-94.7974822249209,102,2909133
-144.44222023533257,121,2909254
-87.70026154241931,114,2909368
-129.39118265948653,95,2909463
-277.89307953952766,84,2909547
-69.80981465229726,62,2909609
-472.94961668372014,107,2909716
-188.13041312350305,81,2909797
-168.08780225680647,117,2909914
-315.59765143966376,100,2910014
-167.63809345255424,105,2910119
-75.54518401875166,59,2910178
-134.98896411814215,112,2910290
-388.0117900114267,107,2910397
-138.88092805683556,113,2910510
-129.25291569234827,74,2910584
-70.29586251920738,107,2910691
-347.1322768297846,137,2910828
-101.8200836299171,61,2910889
-88.2539033372228,64,2910953
-125.66337852714518,79,2911032
-82.9132846083038,61,2911093
-267.11322630327857,87,2911180
-195.10647590609628,80,2911260
-106.28105515623673,63,2911323
-126.52727705893346,73,2911396
-74.59969135264258,78,2911474
-329.18977989972313,105,2911579
-99.96004747886977,90,2911669
-140.39714264195152,89,2911758
-105.20401152692463,82,2911840
-392.2676794963942,96,2911936
-91.2443095370979,84,2912020
-122.31778949161671,80,2912100
-293.4762099007936,104,2912204
-111.31543688037546,68,2912272
-276.85881846264397,82,2912354
-100.57171986125566,120,2912474
-192.1599473158516,59,2912533
-216.25690832939793,119,2912652
-94.914734435449,127,2912779
-113.8179005720457,104,2912883
-298.5906949744558,116,2912999
-328.0328891658894,81,2913080
-459.17186136864194,129,2913209
-139.7492652678823,105,2913314
-186.65214111547414,76,2913390
-98.09781567506317,78,2913468
-199.46435682064578,73,2913541
-77.2256542542197,64,2913605
-220.6614310467173,113,2913718
-324.21840357912913,124,2913842
-68.4839910016471,63,2913905
-121.71267609339802,115,2914020
-101.46892237491187,71,2914091
-168.73892144749948,77,2914168
-402.09424647848664,100,2914268
-209.9328661974846,89,2914357
-385.7386310290886,129,2914486
-119.41511110691428,82,2914568
-128.60562747472085,55,2914623
-141.59456978859168,69,2914692
-185.39052420769457,64,2914756
-175.68346326705097,97,2914853
-324.95411417268906,107,2914960
-28.837919888849157,109,2915069
-169.92110884564835,113,2915182
-145.63601181862896,135,2915317
-401.04749158535543,91,2915408
-454.9029879709772,131,2915539
-101.53783257287313,85,2915624
-218.10806978492366,89,2915713
-122.36998224707857,68,2915781
-198.82877211885324,74,2915855
-103.35484337505707,106,2915961
-176.05907880345575,64,2916025
-133.08490393865753,74,2916099
-296.422353597262,104,2916203
-451.533901024708,117,2916320
-172.07673743233187,84,2916404
-131.94968899872933,98,2916502
-104.0798894428823,74,2916576
-71.66048375386164,92,2916668
-63.072479250744365,64,2916732
-116.33541458990973,76,2916808
-87.36146112226247,62,2916870
-50.600915999675756,63,2916933
-268.6075877057044,83,2917016
-254.89941593624846,126,2917142
-55.279942387291094,120,2917262
23.37697349326652,72,2917334
-223.68053114141944,101,2917435
-383.34145358322974,94,2917529
-160.06416082777008,113,2917642
-105.61820684937925,101,2917743
-175.15289986350106,91,2917834
-173.15553318549541,72,2917906
-72.16005213628897,113,2918019
-485.0467847499281,112,2918131
-304.8877382106051,98,2918229
-140.3418497942701,125,2918354
-32.511896303618784,96,2918450
68.40014760417476,1000,2919450
-277.0502621290457,87,2919537
-212.10922426739438,106,2919643
-396.4438228691773,82,2919725
-169.7513078654384,86,2919811
-290.6038123713635,85,2919896
-261.7026550184895,128,2920024
-295.9272129905536,114,2920138
-292.2027821862516,97,2920235
-115.13193348207946,109,2920344
-55.74298411924972,63,2920407
-120.48765368671293,94,2920501
-88.88135569742084,67,2920568
-100.4135243982801,94,2920662
-187.69841647572648,67,2920729
-128.27970269781383,75,2920804
-365.373331243712,111,2920915
-95.97768685514664,102,2921017
-93.35558945305102,100,2921117
-182.4006663061245,104,2921221
-412.7492412542773,96,2921317
-108.47974400430012,95,2921412
-273.07406989568744,123,2921535
-152.00380082083453,75,2921610
-124.71017848018272,69,2921679
-278.35823002256416,86,2921765
-51.669277258147076,129,2921894
-281.31501217143926,126,2922020
-87.76073658657545,62,2922082
-111.81388318725402,82,2922164
-96.25235660399295,88,2922252
-362.02066567145795,101,2922353
-94.12671332568311,92,2922445
-94.64250711332316,85,2922530
-445.119502487083,98,2922628
-122.78626318067074,96,2922724
-494.1810952270109,126,2922850
-122.23315313329701,84,2922934
-119.90087056924065,102,2923036
-100.16275072941725,66,2923102
-319.3930340451046,107,2923209
-112.34216314623622,61,2923270
-255.83371831194813,70,2923340
-213.20571770265303,74,2923414
-227.76817663578248,125,2923539
-84.30211284699686,58,2923597
-129.83990942834723,62,2923659
-121.74059660724436,62,2923721
-45.50143284695375,108,2923829
-133.54176048227367,81,2923910
-115.10375153855986,77,2923987
-145.21606180754137,119,2924106
-106.7297215805666,70,2924176
-116.19694134487395,80,2924256
-229.00589341686276,105,2924361
-107.38028164660848,82,2924443
-113.42688991125749,101,2924544
-350.7524075610817,96,2924640
-135.85481563279183,88,2924728
-135.21320699095304,118,2924846
-100.1140693102096,110,2924956
-170.72716011028967,78,2925034
-162.5618978820451,103,2925137
-214.26958557815686,72,2925209
-112.54830116143553,78,2925287
-156.75920329656554,81,2925368
-150.50688307706332,102,2925470
-283.12769811679675,90,2925560
-206.46193177875887,62,2925622
-103.76537651365445,82,2925704
-94.86788443564176,67,2925771
-177.10365538334068,86,2925857
-2.0144061412502197,90,2925947
-118.95407611030774,120,2926067
-104.45871733827558,72,2926139
-471.1223279520213,85,2926224
-125.40080375013545,82,2926306
-87.6370032516062,115,2926421
-297.9802789808367,153,2926574
-165.69760245401068,96,2926670
-209.79477907468151,100,2926770
-97.6139475321699,73,2926843
-116.25767635449098,100,2926943
-182.9148844552339,80,2927023
-286.75711483196295,83,2927106
-199.43099049044233,75,2927181
-245.8202667879241,103,2927284
-68.90356738932005,68,2927352
-330.01278300655616,87,2927439
-110.13165854749917,58,2927497
-192.0948982738691,108,2927605
-130.00786658670498,93,2927698
-110.87475044405076,70,2927768
-177.00273578514924,121,2927889
-137.250508714039,77,2927966
-354.05875300061143,107,2928073
-352.85211687649337,76,2928149
-301.18373863194154,105,2928254
-165.79232194572177,100,2928354
-323.06237147015713,115,2928469
-297.1076332701801,118,2928587
-193.1552690982378,116,2928703
-279.2989850769902,98,2928801
-131.2590677475953,105,2928906
-84.6062295672759,62,2928968
-187.38340921830292,109,2929077
-503.08213373952486,96,2929173
-89.64590224547008,85,2929258
-272.11574594161016,136,2929394
32.87508670323737,64,2929458
-109.94384032514591,62,2929520
-108.57814269554272,89,2929609
-360.6815046795511,110,2929719
-89.40276874284282,78,2929797
-213.3287585738368,82,2929879
-112.89562460377425,110,2929989
-335.8261730543964,83,2930072
-84.2488306538751,86,2930158
-80.62213558398317,94,2930252
-99.7378629450403,75,2930327
-95.03554960591521,69,2930396
-396.98297106130576,89,2930485
-150.21615900889276,86,2930571
-93.45636896456648,78,2930649
-271.67768902576614,86,2930735
-182.26525666570956,91,2930826
-115.94433588554892,88,2930914
-89.46322933496744,70,2930984
-102.9949201556516,67,2931051
-75.81560546560272,68,2931119
43.852011794642465,109,2931228
-117.42234801248875,124,2931352
-341.0238147829289,105,2931457
-104.52993596003023,73,2931530
-375.2290174368633,96,2931626
-336.8649898546368,95,2931721
-125.73312519162212,70,2931791
-89.42971768489949,115,2931906
-288.00437515334096,64,2931970
17.801047943720988,156,2932126
-419.9563649201722,91,2932217
-145.90370093064865,100,2932317
-73.21285995451441,70,2932387
-315.828010302296,126,2932513
-388.49468088681675,95,2932608
-213.54787738931628,93,2932701
-210.12239689500382,89,2932790
-177.33605348502238,115,2932905
-100.61757332314625,59,2932964
-105.27035565959149,117,2933081
-232.86528432861894,112,2933193
-379.83319575608965,89,2933282
50.68746843400859,87,2933369
-328.7019936104339,130,2933499
-325.4356973844271,82,2933581
-141.60344265098456,89,2933670
4.796455891301946,73,2933743
-119.33669564896411,67,2933810
-283.4549577925594,131,2933941
-353.63313422141243,80,2934021
-213.46494292720047,98,2934119
-376.8388274365159,105,2934224
-119.15937566827373,113,2934337
-146.97122945913364,88,2934425
-417.27024943404496,148,2934573
-94.41421327666235,80,2934653
-133.0654376197811,82,2934735
-164.29778076898504,77,2934812
-136.2537657261155,67,2934879
-107.58683003520922,68,2934947
-393.5314940129393,74,2935021
-95.2025723789542,65,2935086
-112.1986432427002,75,2935161
-399.80732235640613,106,2935267
-115.82677913455714,85,2935352
-57.392414504006865,65,2935417
-347.47566142240663,106,2935523
-260.2269236133898,75,2935598
-152.92081428051665,135,2935733
-326.4234691006104,92,2935825
-113.9184701365972,74,2935899
30.68288413283227,106,2936005
-458.0863768839331,129,2936134
-32.48983058667784,95,2936229
-130.44883918812317,73,2936302
-80.78455957540314,61,2936363
-285.0735274576301,109,2936472
-80.71941098332258,79,2936551
-86.48578906042873,86,2936637
-142.62859905547384,63,2936700
-348.53140926076856,111,2936811
-75.81867750748886,78,2936889
-110.97362544245311,60,2936949
-249.6465996372361,79,2937028
-206.9471822773347,103,2937131
-160.64141248291472,83,2937214
-155.5301982394734,117,2937331
-401.8234095411179,99,2937430
-112.15095474361286,59,2937489
-532.115672904948,96,2937585
-245.9305881655335,105,2937690
-117.29162136592733,92,2937782
-141.05604610346836,74,2937856
-130.9747601497487,99,2937955
-110.4399395540156,75,2938030
-137.8843250917995,87,2938117
-465.67667187082094,89,2938206
-79.88442731536195,109,2938315
-362.5956743899211,96,2938411
-112.90962803421826,94,2938505
-215.4421245375574,120,2938625
-102.39768285780713,75,2938700
-55.54378399514413,120,2938820
-386.2624970556819,80,2938900
-94.34596305504097,122,2939022
-134.43869943570624,81,2939103
-98.99553665461278,67,2939170
-278.3162837883179,104,2939274
-248.05365573517352,119,2939393
-87.96968016950512,143,2939536
-95.26173628495053,74,2939610
-132.16074424140226,76,2939686
-272.5119786867564,98,2939784
-111.24979138128336,67,2939851
-147.28834006706742,103,2939954
-144.69351634824105,83,2940037
-177.58178227844985,118,2940155
-285.850161443496,103,2940258
-216.99501338641178,113,2940371
-202.77904943412915,64,2940435
-191.6969625770745,84,2940519
-231.58290767803953,80,2940599
-220.20290024511752,150,2940749
-167.70406885451385,69,2940818
30.377561806416168,78,2940896
-100.97690394706518,99,2940995
-164.2606156560765,146,2941141
-381.26664346144565,97,2941238
-240.3955160799441,111,2941349
-109.30221446161728,77,2941426
-295.6666000252268,67,2941493
-104.85944282345508,92,2941585
-264.5883412292247,64,2941649
-57.56405088351075,74,2941723
-111.52826984432645,73,2941796
-156.3432754127891,114,2941910
-71.43912386533331,68,2941978
-158.6828705255724,92,2942070
-221.987921137475,86,2942156
-450.732476676087,82,2942238
-377.3490694408724,84,2942322
-67.81923329808664,89,2942411
-323.1101731404969,95,2942506
-37.53241319925746,95,2942601
-80.37874474354456,74,2942675
-9.139759866230591,151,2942826
-165.5266574655165,75,2942901
-409.36270446962936,106,2943007
93.48823845564554,1000,2944007
-92.84056054327053,85,2944092
-249.4545970683021,81,2944173
-59.270680960912955,69,2944242
-112.62320111753678,89,2944331
-157.43564971095506,96,2944427
-190.94589637305472,89,2944516
-104.61626162849853,63,2944579
-151.69893667587593,107,2944686
-460.6292343606572,90,2944776
-242.6564666035785,144,2944920
-316.93191852675716,89,2945009
-92.33092951732922,101,2945110
-105.94536367195383,99,2945209
-397.9576053573136,98,2945307
-83.35933184989054,73,2945380
-149.1804037685747,92,2945472
-386.2783866204234,84,2945556
-137.5722936853567,55,2945611
-176.42386365444747,93,2945704
-119.6572438905011,93,2945797
-104.5606310493419,63,2945860
-400.64622752836584,91,2945951
-110.37980943080586,84,2946035
-115.45219745709832,60,2946095
-385.7213990894536,119,2946214
-276.0381934084055,89,2946303
-276.8883390525898,121,2946424
-111.90266296292108,85,2946509
-66.28510057055895,71,2946580
-426.5504418008006,115,2946695
-116.54528669577329,74,2946769
-186.92536567781605,91,2946860
-108.73366080113047,73,2946933
-94.08491274951791,69,2947002
-159.41838583421503,121,2947123
-145.30388550029147,126,2947249
-158.27224421187157,62,2947311
-286.17322523598716,76,2947387
-108.7004868194006,88,2947475
-127.13227914222543,81,2947556
-90.23998814695545,101,2947657
-145.64646578028115,72,2947729
-180.9296889867078,83,2947812
-326.0211181054326,120,2947932
-142.8986922711099,153,2948085
-62.58307201229309,76,2948161
-223.65409906462008,117,2948278
-238.35291689865525,87,2948365
-378.8521819538038,85,2948450
-352.90711901816786,90,2948540
-225.73553735491467,61,2948601
-84.50420827026832,68,2948669
-120.35547568809272,111,2948780
-151.5127927068231,73,2948853
-252.28497314314666,97,2948950
-115.05230169203104,89,2949039
-88.72113223684366,67,2949106
-196.4809183831557,77,2949183
-130.13846655723032,107,2949290
-389.2419585105287,98,2949388
-140.71171689506514,60,2949448
-100.92830838537968,89,2949537
-177.7470159630367,73,2949610
-293.3945872494901,93,2949703
-311.15041312706944,121,2949824
-104.23283860189176,105,2949929
-77.9286507122204,85,2950014
-206.55101544433418,85,2950099
-268.85336435706563,107,2950206
-109.32036372035023,92,2950298
-94.13271842188453,99,2950397
-538.8293411447414,89,2950486
-192.97866013164656,95,2950581
-302.52882134027544,105,2950686
-142.6313808080178,79,2950765
-336.06640335302023,91,2950856
-457.7976880716739,88,2950944
-402.1309822470014,85,2951029
-17.6142512539559,105,2951134
-86.29018665106655,153,2951287
140.63092588465656,1000,2952287
-139.6377285067865,69,2952356
-118.36507266431984,98,2952454
-275.3913062150622,96,2952550
-161.7762207151522,120,2952670
-220.37269060783,78,2952748
-107.44285895461671,109,2952857
-370.4740231626829,136,2952993
-128.82831388644695,118,2953111
-224.3988551807322,106,2953217
-173.80746392093187,71,2953288
-128.05249880770003,62,2953350
-196.9781750569131,117,2953467
-195.23587314904927,103,2953570
-117.1096765518269,112,2953682
-41.23958459068116,93,2953775
-120.00573705738827,69,2953844
11.256698083147114,98,2953942
-223.8994980399104,79,2954021
-170.61920931463678,120,2954141
-486.4894438701425,100,2954241
-511.4897215810205,107,2954348
-264.54842252421827,73,2954421
-101.90163597760258,129,2954550
-319.35676053311704,94,2954644
-112.39134167492709,96,2954740
-160.15025081707546,84,2954824
-169.3204667271035,127,2954951
-126.6289463492128,131,2955082
-106.36686531794373,90,2955172
-79.86151366762734,130,2955302
-298.3848095529413,88,2955390
-125.16090974196813,77,2955467
-391.0781556988628,90,2955557
-355.9112209747509,98,2955655
-96.51304630623122,71,2955726
-248.04950369762417,134,2955860
-68.21306793812408,98,2955958
-92.8338340459455,66,2956024
-184.90472526215362,90,2956114
-289.93089187467535,102,2956216
-79.48979045892028,75,2956291
-224.0362032619023,89,2956380
-116.37106611475262,99,2956479
-86.41046602552117,74,2956553
-76.70425965092362,66,2956619
-297.2144066027903,82,2956701
-424.9791135087235,133,2956834
-69.5801033567132,62,2956896
-118.97115487546043,69,2956965
-96.9940385926661,84,2957049
-123.51865923858308,75,2957124
-71.64161407741332,68,2957192
-436.2106036073952,99,2957291
-97.69319022175507,75,2957366
-102.10977982081607,66,2957432
-122.02232515716418,61,2957493
-172.33395576392235,102,2957595
-120.69064566577526,82,2957677
-84.49887258076245,57,2957734
-110.20604296164956,77,2957811
-121.97595315373762,116,2957927
-65.74347059057806,70,2957997
-148.0238590714813,121,2958118
-130.8731226961769,73,2958191
-144.28172856101992,81,2958272
-109.80066187446184,74,2958346
-88.27657865979371,74,2958420
-114.21230081780757,89,2958509
-116.97699105103419,99,2958608
-111.68623045049173,97,2958705
-70.24125812682755,58,2958763
-108.21482079140551,84,2958847
-154.3792616585801,147,2958994
-85.77125144599077,122,2959116
-271.13267978706193,121,2959237
-410.54961056797146,108,2959345
-77.3848716633976,76,2959421
-88.48475190103024,131,2959552
-143.57123207292778,91,2959643
-117.36502874292893,101,2959744
-316.71368344380426,121,2959865
-80.34463654488465,79,2959944
-101.9245379204147,58,2960002
-317.2426635640164,115,2960117
-513.5421235685882,91,2960208
-256.82599869613136,74,2960282
-72.43818928338658,66,2960348
-363.79591120993,91,2960439
-245.91700851287305,109,2960548
-296.99613254163785,98,2960646
-138.79270195090595,125,2960771
-144.72171843317741,88,2960859
-3.1314341241753,77,2960936
-117.133258550971,101,2961037
-98.20959112117234,106,2961143
-387.0156512214565,98,2961241
-87.0523334401658,71,2961312
-201.28381844335706,93,2961405
-120.27600661533464,64,2961469
-132.6394765312045,87,2961556
-159.56146591212973,112,2961668
-320.0151407902009,91,2961759
-107.3197905706036,82,2961841
-106.25291455687925,72,2961913
-274.5907332796048,110,2962023
-152.1876596780242,129,2962152
-8.575313024926103,141,2962293
-384.08757115185284,76,2962369
-239.2713308450946,104,2962473
-276.2872775169312,73,2962546
-186.87050257631694,115,2962661
-239.50384196453916,87,2962748
-182.22570991020626,82,2962830
-111.95693165901906,78,2962908
-115.32727559961768,102,2963010
-99.98657035517698,70,2963080
-176.66225337991457,111,2963191
-57.54745907699851,72,2963263
-158.48654504928805,106,2963369
-312.40773366045323,112,2963481
-232.1878417581496,70,2963551
-126.1166080284694,66,2963617
-99.81704918910431,97,2963714
-226.3763001999714,89,2963803
-219.25739567097503,121,2963924
-341.68077972090236,110,2964034
-165.07927528642972,97,2964131
-95.2036600312576,74,2964205
-107.87157439450317,98,2964303
-87.31035875936558,108,2964411
-216.0856022414611,119,2964530
-129.4163125173611,114,2964644
-94.64735329358106,74,2964718
-80.50708476435369,59,2964777
-103.56706537076145,73,2964850
-229.8081208909117,96,2964946
-382.807953616815,159,2965105
-128.0764668961624,107,2965212
-481.5754966464595,100,2965312
-103.46363938588846,73,2965385
-373.5557523370021,91,2965476
-20.54676031969528,80,2965556
-15.45360767356145,156,2965712
-102.22729332017607,85,2965797
-359.5877816046077,126,2965923
-335.78092619987206,82,2966005
-171.0031458031322,125,2966130
0.5625922358828461,90,2966220
-296.9294640666719,81,2966301
-347.86651209218826,123,2966424
-98.38344886860966,83,2966507
-130.81470092972643,81,2966588
-155.58926054082212,120,2966708
-309.34727850003685,95,2966803
-124.96456787274732,128,2966931
-144.3847034345781,74,2967005
-98.62949277476645,94,2967099
-185.25389563324973,93,2967192
-89.27864784916467,66,2967258
-233.9210018079242,95,2967353
-67.99715190445067,60,2967413
-246.11071750275514,109,2967522
-66.29415196393386,60,2967582
-87.16542124719376,105,2967687
-245.99624072301765,107,2967794
-224.8714360291898,114,2967908
-376.07840110445255,143,2968051
-131.04302431143776,96,2968147
-124.17558052808963,79,2968226
-352.0043571090798,132,2968358
-120.59773383181683,93,2968451
-345.04204133952044,99,2968550
-237.84794172435517,87,2968637
-187.41525398153777,81,2968718
-95.28874943809049,60,2968778
-303.5467622744734,110,2968888
-198.77959395801008,67,2968955
-111.17491445304073,107,2969062
-234.06988334114163,72,2969134
-120.25567150066841,122,2969256
-104.10783544871992,73,2969329
-83.67011517764277,98,2969427
-300.11689009089,107,2969534
-100.98319413972091,94,2969628
-252.95302748323434,76,2969704
-140.05546600557906,84,2969788
-56.69365375319991,115,2969903
-155.81705687524985,116,2970019
-142.15408125918896,100,2970119
-95.65390113064464,110,2970229
-326.14368475085416,114,2970343
-104.35878148273736,71,2970414
-330.6808902313577,80,2970494
-107.30836126355524,68,2970562
-94.93110409630759,118,2970680
-240.03378095306036,103,2970783
-8.003499670142318,87,2970870
-108.56713206556924,118,2970988
-370.8808649285421,108,2971096
-96.49365572655859,65,2971161
-465.61224996847113,155,2971316
-210.878972620452,120,2971436
-102.31963092079575,97,2971533
-145.80067076915753,68,2971601
-61.87345147966195,77,2971678
-158.6608159322529,102,2971780
-363.91280836424403,92,2971872
-60.50760350268743,77,2971949
-135.84166127376585,100,2972049
-207.29372578436562,107,2972156
-9.142690375238018,69,2972225
-123.86136965325488,91,2972316
-117.18514791592577,104,2972420
-55.14376876753978,71,2972491
-109.71251258368612,62,2972553
-106.73782626456261,120,2972673
-104.5796628269399,109,2972782
-372.9319987834439,119,2972901
-276.0262047437587,87,2972988
-84.49949569662226,83,2973071
-144.38664656616214,81,2973152
-115.24664229378257,87,2973239
-158.8711376919531,63,2973302
-340.8924989716834,90,2973392
-299.0665799190711,93,2973485
-72.8852363887008,56,2973541
-436.50661881788255,103,2973644
-198.0222908995084,89,2973733
-103.91688245425617,74,2973807
-94.09248488204422,58,2973865
-167.4618200715874,63,2973928
-92.26405563852843,67,2973995
-343.7721122693796,112,2974107
-57.064995522574755,65,2974172
-82.20012573119845,84,2974256
-86.31236332811636,72,2974328
-97.72867546081753,57,2974385
-113.1755813750144,91,2974476
-159.94761187581923,89,2974565
-72.95643069347004,82,2974647
-189.94342252605156,84,2974731
-333.29408067398845,101,2974832
-136.9600685882353,119,2974951
-256.8283084411623,78,2975029
-163.8377525571537,80,2975109
-83.793418735896,63,2975172
-258.5050358866479,79,2975251
-301.8778264104742,105,2975356
-455.12721645012596,116,2975472
-136.4725760236713,91,2975563
-133.80483953600213,101,2975664
-410.5791709367489,92,2975756
-98.2296534686059,55,2975811
-161.01683854744212,93,2975904
-572.8588833794988,125,2976029
-108.74720739347323,122,2976151
-244.2648799986002,124,2976275
-89.09353216535169,65,2976340
-279.0377588083644,90,2976430
-76.80027578382462,96,2976526
-324.21208468115844,79,2976605
-99.87912666895018,99,2976704
-159.31480046364982,98,2976802
-81.32235497063034,138,2976940
-176.05279859936712,92,2977032
-501.9005156664851,96,2977128
-79.81041662256284,67,2977195
-229.3437555314832,104,2977299
-113.4419132896862,91,2977390
-456.9810402536652,93,2977483
-212.0269489612686,84,2977567
-215.1013324224867,100,2977667
-104.35304675697444,68,2977735
-161.00358669528924,115,2977850
-292.3486286542927,116,2977966
-276.9134723422285,109,2978075
-204.24561166454862,109,2978184
-88.72773602248597,66,2978250
-252.37423012559566,102,2978352
-457.2296239554032,87,2978439
-118.00697792940754,66,2978505
-244.574843018834,118,2978623
-273.65564838285036,82,2978705
-82.31795946454872,99,2978804
-344.8264814400221,90,2978894
-209.3221289956142,80,2978974
-175.03268271087643,76,2979050
-88.43941359846633,74,2979124
-332.0021956408252,103,2979227
15.145651018126728,107,2979334
-198.3528224798444,89,2979423
-383.2005097727453,77,2979500
-95.41336287255517,74,2979574
-314.9480489949956,106,2979680
-106.7099948336551,75,2979755
-293.26696567354907,105,2979860
-96.32152203050985,84,2979944
-265.5049040578324,84,2980028
-200.99456005636864,84,2980112
-279.99649788601204,72,2980184
-373.40226874765557,92,2980276
-103.08694008877521,60,2980336
-166.3684736786234,108,2980444
-72.76997175509716,60,2980504
-200.51058908648437,112,2980616
-71.26151275974763,72,2980688
-159.86721504290523,61,2980749
-372.0651312589806,92,2980841
-158.16159769078243,99,2980940
-109.38837550203652,77,2981017
-96.2028523634016,76,2981093
-332.9812533794725,95,2981188
-233.83374371963248,134,2981322
-337.14138249511257,112,2981434
-116.57978721147953,102,2981536
-393.89702436934977,74,2981610
-75.94107720385023,137,2981747
-120.40273159818162,107,2981854
-122.39028951781215,98,2981952
-94.38617997445007,102,2982054
-133.5349243144231,73,2982127
-118.15211135430151,81,2982208
-74.87246151477065,77,2982285
-86.30429475656916,73,2982358
-146.64989895635838,103,2982461
-45.14815913629478,63,2982524
-171.21920858556973,126,2982650
-112.01801668941701,60,2982710
-414.98300120569854,111,2982821
-85.7092678361054,115,2982936
-82.12911782541747,71,2983007
-91.82781265035312,72,2983079
-110.83299115234365,93,2983172
-245.54191172837014,67,2983239
-223.4385623661126,93,2983332
-161.30947595678128,81,2983413
-71.62217248062144,76,2983489
-210.48189280937692,71,2983560
-164.0324084526771,77,2983637
-77.27005163819275,71,2983708
-232.2186455875239,111,2983819
-501.1329358656763,121,2983940
-143.56021784865408,97,2984037
-258.14905846411347,123,2984160
-136.78183119565682,103,2984263
-458.85094303823234,108,2984371
-257.92693936589944,113,2984484
-392.3899606126094,101,2984585
-134.54490270260965,65,2984650
-65.62098361598058,77,2984727
-172.4482399230431,89,2984816
-93.68586500512757,119,2984935
-130.59043024952751,71,2985006
-301.87085804385083,66,2985072
-117.4762914047025,73,2985145
-210.444316256776,140,2985285
-134.84658329221077,84,2985369
-131.30810884562334,115,2985484
-110.69678495160753,133,2985617
46.50630083492422,85,2985702
-296.21683762540556,94,2985796
-131.41145519185875,95,2985891
-110.70848980148679,68,2985959
-369.4300397263146,117,2986076
-106.96660485870461,72,2986148
-90.13328413473542,62,2986210
-65.89804634655542,77,2986287
-445.56717108089026,136,2986423
-467.5069794790999,118,2986541
-220.08800741601473,110,2986651
-71.18786454695577,67,2986718
-122.9797893988322,85,2986803
-375.7187950856919,111,2986914
-121.39359230772423,67,2986981
-103.5725546470639,65,2987046
-210.99823434540681,94,2987140
-171.5895104065188,85,2987225
-314.5195590590954,106,2987331
-75.04548385461263,73,2987404
-135.29329514570315,80,2987484
-336.4672200068768,97,2987581
-99.81850080091245,92,2987673
-209.29656171537852,97,2987770
-66.3274205526424,75,2987845
-137.54657667440352,72,2987917
-150.08583207568745,67,2987984
-99.33251942442567,65,2988049
-113.78053094115819,98,2988147
-130.45702138561114,74,2988221
-146.97019365365819,71,2988292
-161.3837339272361,131,2988423
-62.76533060824414,68,2988491
-153.9159049263162,88,2988579
-132.26719992146758,92,2988671
-78.64405065190519,135,2988806
-76.91713782266379,74,2988880
-405.0292670803202,116,2988996
-93.93902301846599,58,2989054
-73.74655716470257,68,2989122
-232.95412397527159,106,2989228
-492.88687229678044,102,2989330
-191.52926921509663,126,2989456
-185.89388869018495,76,2989532
-231.85552550250867,113,2989645
-91.98563199345877,67,2989712
-135.24579662470228,90,2989802
-108.06352392880626,84,2989886
-133.6444385088086,93,2989979
-105.09376673744288,76,2990055
-132.59264257680877,110,2990165
-302.2514591431143,107,2990272
-107.3046060117976,77,2990349
-199.49752144923207,94,2990443
-76.55735000490672,60,2990503
-95.64422945955617,67,2990570
-218.81420704904173,96,2990666
-414.37767514806046,90,2990756
-248.69404897879238,102,2990858
-163.70031242758313,80,2990938
-207.26658741942344,116,2991054
-367.5269128610173,110,2991164
-263.7311308563628,115,2991279
-129.84506626179785,126,2991405
-99.88244811574731,74,2991479
-110.13127365962052,70,2991549
-473.28381237159783,82,2991631
-297.45518596419754,96,2991727
-81.72973989403258,103,2991830
-143.22603629831065,98,2991928
-118.44212393450181,76,2992004
-103.77786913104322,66,2992070
-97.43565135787318,108,2992178
-365.3690592448242,88,2992266
-229.82484113991228,72,2992338
-75.88410596768466,57,2992395
-77.446844334378,65,2992460
-132.99302479411926,85,2992545
-52.634790301646966,64,2992609
-351.94499369091983,94,2992703
-143.47313357512672,82,2992785
-215.76025295033622,79,2992864
-81.73300141582658,108,2992972
-283.7651023314543,106,2993078
-116.06200604344664,128,2993206
-63.45858855854004,119,2993325
-305.8307853641452,88,2993413
-191.03632836273215,114,2993527
-130.54002332777293,111,2993638
-208.66083991876243,57,2993695
-219.80705078108656,94,2993789
-392.6826082209822,94,2993883
-82.95880769871299,91,2993974
-137.36224198873504,71,2994045
-97.36192991856731,82,2994127
54.029797084746,1000,2995127
-80.31584251441424,65,2995192
-359.3737816622991,99,2995291
-203.8131784977922,112,2995403
-92.67559143212537,67,2995470
-102.75931061402173,68,2995538
-263.9643716116965,111,2995649
-194.95918988225083,129,2995778
-88.70625676667181,81,2995859
-340.74208803905856,119,2995978
-143.94693333022238,66,2996044
-52.68699957567608,84,2996128
-201.69973334994353,110,2996238
-82.88474934360312,59,2996297
-88.2955281801567,61,2996358
-258.9243672941757,99,2996457
-231.50204768756623,71,2996528
-148.24750660649056,105,2996633
-425.2635465662015,130,2996763
-333.8683608298125,79,2996842
-63.94611747162008,68,2996910
-57.734831742559685,60,2996970
12.438846181663251,75,2997045
-111.42395612819882,73,2997118
-131.19181230502141,64,2997182
-105.21562569860083,58,2997240
-283.16023479294506,95,2997335
-148.94752468173644,138,2997473
-391.6512568307695,111,2997584
-117.88430780135583,89,2997673
-125.20561344570595,87,2997760
-95.5848475547885,67,2997827
-150.18339316629957,86,2997913
-81.92848817131954,64,2997977
-303.4936710709725,108,2998085
-94.77422194440055,73,2998158
-114.72475547185603,98,2998256
-213.36402025458852,126,2998382
-624.301455171523,115,2998497
-100.90687967525363,64,2998561
-119.96826869540558,70,2998631
-114.6813364626388,106,2998737
-72.51951258301449,88,2998825
-147.8267465982758,78,2998903
-131.11782925272098,112,2999015
-305.1613827508415,127,2999142
-109.71243521636943,94,2999236
0.868309343393733,77,2999313
-313.54994624517565,137,2999450
-110.7621465874811,110,2999560
-122.20754019070017,97,2999657
-160.80501628329097,108,2999765
-99.72113319989884,98,2999863
-286.86394533653333,95,2999958
-210.2857110894417,143,3000101
-187.54144057355344,123,123
-167.0793894659286,116,239
-424.321020449175,155,394
-167.46709601216054,111,505
-99.03597390478194,106,611
-71.55022790819163,110,721
-375.00997635352917,81,802
-363.807481861405,110,912
-427.92064435159193,79,991
-381.2597485094528,81,1072
-345.6444705069538,100,1172
-112.23961581262324,76,1248
-255.1036604748171,90,1338
-126.19475346535614,63,1401
-127.57769732613866,74,1475
-316.73063503383804,87,1562
-172.2568078721198,100,1662
-211.8197040181338,92,1754
-370.9109458584183,115,1869
-108.18387545620217,58,1927
-178.1050342472803,65,1992
-299.0620073237002,78,2070
-271.9369537769942,111,2181
-102.18966632754946,67,2248
-254.56394701575647,106,2354
-333.40151127975616,79,2433
-319.971233367481,88,2521
-143.49264843287716,74,2595
-110.79688731964893,67,2662
-362.09537224529896,96,2758
-55.31795626442033,121,2879
-361.2287804184151,90,2969
-401.3550347674,91,3060
-97.28785247996973,84,3144
-99.64353107796813,71,3215
-123.22321889666571,110,3325
-149.8413021754942,95,3420
-100.76168391146578,111,3531
-2.4524349465338844,78,3609
-129.37643578814794,87,3696
-230.77642303115013,104,3800
-141.99903981332744,98,3898
-198.27777445789064,118,4016
-588.1464353532973,118,4134
-141.85830720213744,96,4230
4.494667135588372,72,4302
-259.6683371606804,98,4400
-78.06083968487798,100,4500
-388.3131961010833,116,4616
-247.09834550668268,68,4684
-150.41517715807024,61,4745
-117.02684400940262,77,4822
-174.44061055883338,93,4915
-154.53644175430617,85,5000
-203.45492772770285,103,5103
-120.29333101553307,76,5179
-54.50217395192087,69,5248
-399.8199376405248,114,5362
-154.64873892517357,73,5435
-172.77715510069595,78,5513
-126.78390912088727,68,5581
-154.01698677325254,89,5670
-475.20984910542813,130,5800
-354.68604798158435,96,5896
-243.5895645228311,96,5992
-119.0584386794132,61,6053
-133.9214622030658,72,6125
-126.81312215144769,66,6191
-537.69680096936,103,6294
-69.65236591803458,71,6365
-122.09789196867935,116,6481
-304.54512911100085,123,6604
-89.55991680575839,67,6671
-104.42144399184608,87,6758
-72.70916662949244,65,6823
-87.26778094663615,61,6884
-308.8393574801737,112,6996
-224.02327839820583,97,7093
-262.81933680228275,94,7187
-232.52924871952467,87,7274
-88.71029797003753,66,7340
-138.61411615372316,80,7420
-126.61580121617945,70,7490
-98.28899476001222,67,7557
-243.64784277992214,96,7653
-104.43118738474766,68,7721
-129.97786428917584,96,7817
-116.78060108718499,66,7883
-125.0068590905983,64,7947
-327.9080504898431,126,8073
-347.17075302990736,91,8164
-171.56635713274017,89,8253
-104.85404989159967,70,8323
-207.0346935556331,112,8435
-65.0536957739469,62,8497
-240.86884646001727,88,8585
-236.3906119621897,110,8695
-333.7335765565313,86,8781
-157.92749575361813,93,8874
-89.99329313961698,93,8967
-95.25693867533597,83,9050
-103.20403591050196,93,9143
-309.02842270072153,91,9234
-543.3000296001496,95,9329
-115.8483123153631,91,9420
-98.59474419437477,70,9490
-226.43986369428097,123,9613
-182.8936889418757,88,9701
-371.4026304211215,164,9865
-200.10912713152558,67,9932
-85.87499997446984,80,10012
-447.96838752544767,89,10101
-136.36556387474613,99,10200
-105.80696663389907,84,10284
-227.68715535397504,105,10389
-132.18338629473666,64,10453
-242.29722090836543,75,10528
-124.4793562190033,101,10629
-88.22478488482756,96,10725
-133.28001926149534,83,10808
-272.15953296529835,74,10882
-276.393325173534,101,10983
-329.14844756747516,101,11084
14.01631803777552,75,11159
-326.31481671530986,96,11255
-127.10316900927182,114,11369
-107.66994025909513,118,11487
-227.3332651857973,86,11573
-82.48308703543387,79,11652
-153.21731279115102,78,11730
-267.77283429735894,101,11831
-117.81494938975504,78,11909
1.4347449186936387,97,12006
-173.88947154987432,69,12075
-244.2609706991294,72,12147
65.05786156284445,1000,13147
-135.4753614199103,80,13227
-131.8479285126953,75,13302
-135.67318067672772,77,13379
-347.6558762559341,82,13461
-95.33459992707172,74,13535
-130.45918443184382,130,13665
-92.77152715380373,102,13767
-315.965025654742,96,13863
-191.5475910057402,129,13992
-234.06633252128876,96,14088
-484.4048865805252,100,14188
-165.31493770054425,65,14253
-227.53096411216893,86,14339
-0.28000354199117794,82,14421
-115.23794785793724,80,14501
-485.28688268020534,114,14615
-372.62842719510985,106,14721
-75.74943506942489,92,14813
-101.2106854036053,123,14936
-136.97982959694923,135,15071
-297.60923792222945,140,15211
-265.20878107459544,114,15325
-72.4879382056643,120,15445
-104.73327092571071,56,15501
-197.35098356357062,106,15607
-407.0939222246652,100,15707
-97.95573559882429,55,15762
-81.51493200301259,79,15841
14.07141697226794,95,15936
-131.2800594019808,117,16053
-176.69968666071253,78,16131
-294.1916661809696,99,16230
-99.53658173141133,96,16326
-237.72789925210904,63,16389
-121.99236603057284,118,16507
-132.25124352607486,93,16600
-89.05712486953747,64,16664
-129.6261956584297,60,16724
-127.48670415227522,89,16813
-115.58074932909781,73,16886
-204.32058324112418,107,16993
-102.48267697511393,126,17119
-123.60456850044524,90,17209
-248.89936048359374,72,17281
-149.94666813881338,77,17358
-120.93687002008143,67,17425
-16.906762909492272,137,17562
-95.34059554137606,132,17694
-115.02636358458267,86,17780
-118.22979879581281,80,17860
-113.01632712203653,66,17926
-208.84207669911575,60,17986
-130.1482119986234,87,18073
-124.87848976231804,66,18139
-239.55659579017404,69,18208
-154.60156676653827,71,18279
-320.3585339976929,102,18381
-95.3525009232666,79,18460
-406.27309226909074,101,18561
-247.87525584672528,82,18643
-106.34226521911832,86,18729
-113.59725228003866,73,18802
-185.31668232353707,81,18883
-191.27354907661538,100,18983
-315.3353690637203,86,19069
-255.92014398499273,86,19155
-124.21150060841792,66,19221
-314.94978689442826,111,19332
-146.5713171832786,76,19408
-155.03902417462876,120,19528
-60.11355597513164,58,19586
-147.36965836113666,60,19646
-343.88956506222735,79,19725
-130.45117632689477,86,19811
-166.04718303848296,68,19879
-93.474831533715,68,19947
-129.27647532940125,79,20026
-171.2195133329588,111,20137
-239.85080126934386,103,20240
-131.20795511792184,74,20314
-188.00435658600182,106,20420
-240.68626298305793,107,20527
-89.15468545520243,90,20617
-215.94237521540313,96,20713
-131.2426682574437,122,20835
-98.65120242537658,76,20911
-532.4363164639162,109,21020
-310.7854301325707,91,21111
-100.65700572716686,82,21193
-124.99046793390704,102,21295
-86.33804079419839,91,21386
-127.7749409177001,121,21507
-121.54944765090555,82,21589
-103.89205541868529,76,21665
-231.1000158916549,82,21747
-242.21397342629115,89,21836
-259.1615161463423,118,21954
-405.4339024729466,115,22069
-178.73854308180097,63,22132
-140.40562824878856,106,22238
-91.06001426420274,62,22300
-138.0710944608719,105,22405
-117.35773729136424,102,22507
-102.84974281405769,110,22617
-151.17316307210646,94,22711
-247.93081077775372,77,22788
-172.42794487082898,95,22883
-68.68762800820329,112,22995
-268.8531668187129,147,23142
-77.64402872275872,68,23210
-97.4723412518848,67,23277
-541.1262506146287,143,23420
-98.89546765927757,95,23515
-125.54014415023738,107,23622
-192.31947332496148,140,23762
-100.40650755231955,99,23861
-429.258778856061,98,23959
-104.06252059572927,64,24023
-343.5329166730794,108,24131
-107.83644930260692,76,24207
-367.5454481392093,109,24316
-133.03584768024123,109,24425
-94.33102475728212,91,24516
-96.87540356476225,57,24573
-138.27647076045494,85,24658
-99.64074997706699,84,24742
-157.36758185285709,121,24863
98.19630515782333,1000,25863
-143.85117193191587,91,25954
-111.89882655364309,69,26023
-134.91266970034502,74,26097
-87.86228429320904,67,26164
-146.6325639193147,103,26267
-263.11988882909407,84,26351
-105.72256540631675,61,26412
-251.97859183041706,108,26520
19.066268354909752,71,26591
-198.60091176886903,123,26714
-314.73047214862993,90,26804
-240.08983075732206,100,26904
-358.59265491178417,108,27012
-272.9562188708411,70,27082
-266.8219698232904,72,27154
-198.07707854217492,83,27237
-5.600412931812443,104,27341
-395.7447145707122,88,27429
-151.61001891498222,85,27514
-140.18148671065887,61,27575
-113.32825738394332,60,27635
-50.764321368714164,80,27715
-191.76827721961905,69,27784
-233.9636028409672,95,27879
-233.94529176533572,93,27972
-233.25363829517414,94,28066
-69.97993579245586,101,28167
-239.72479964673707,103,28270
-100.28398050664246,127,28397
-96.52347399171445,116,28513
-119.0373150480381,84,28597
-121.41785282541473,86,28683
-238.179867649926,71,28754
-226.03630711577745,114,28868
-104.66565471169591,68,28936
-120.30818209722229,102,29038
-441.0213555908706,104,29142
-338.42942735892177,97,29239
-361.9268086121188,88,29327
-164.66942372996,58,29385
-392.869485506688,114,29499
-84.87259065579693,71,29570
-391.5111139276501,94,29664
-162.99853507125522,70,29734
-134.67340531928332,88,29822
-117.54903857192483,72,29894
-294.5509260966671,89,29983
-315.219177300408,96,30079
-97.64854513959861,94,30173
-194.41768290541324,94,30267
-520.0648044097653,101,30368
-318.1200853157467,106,30474
-277.2760222888875,102,30576
-241.5832353234898,109,30685
-188.64112857735643,70,30755
-100.13867575097323,73,30828
-115.99590320412324,80,30908
-151.49134714380762,79,30987
-97.81278558866893,128,31115
-93.48390553119545,69,31184
-83.58767999782087,68,31252
-119.93181796510562,114,31366
-95.05253221278087,72,31438
-113.66877031122381,74,31512
-140.78128605454373,138,31650
-104.61212003763833,73,31723
-109.66994472237394,78,31801
-123.54982495270343,96,31897
-105.97661789449249,82,31979
-93.62130804034084,74,32053
-44.42442732102684,105,32158
-166.15793019893087,82,32240
-137.23083933917178,99,32339
-244.1940817881847,100,32439
-99.07140931434837,64,32503
-416.73020703076895,90,32593
-161.76216940156067,111,32704
-345.9714413132316,138,32842
-70.71935365416678,75,32917
-108.30648321665802,89,33006
-96.67843234596378,75,33081
-404.5502651742206,130,33211
-346.27952771062655,106,33317
-128.68217741447123,102,33419
-71.13433513163768,71,33490
-275.7703397207723,101,33591
-89.50020762388175,68,33659
-160.46231774095793,74,33733
-212.65230609501063,86,33819
-228.74431397894074,124,33943
-100.35424006873897,60,34003
-125.7140865041539,93,34096
-194.6541997338243,102,34198
-95.80080480094658,67,34265
-36.6433754672869,71,34336
-74.9767632938324,65,34401
-112.70540324567826,83,34484
-94.26150379317528,95,34579
-81.58226876857633,67,34646
-95.68192772394202,91,34737
-96.13647122630599,62,34799
-74.63558910315062,69,34868
16.124405136861498,90,34958
-99.9815902245584,75,35033
-162.10334645426352,121,35154
-95.26951717518224,107,35261
-426.160526122009,105,35366
-376.45454241639817,74,35440
-220.3399261170299,76,35516
-421.72961026634886,81,35597
-132.19897559010917,120,35717
-402.11964604596983,79,35796
-318.73204429048945,120,35916
-139.58951693282097,80,35996
-158.04529234262046,74,36070
-340.213807907931,100,36170
-122.26582375172657,75,36245
-169.54673566329438,84,36329
-44.364184273888256,98,36427
-420.15026803417135,95,36522
-106.35408671562988,71,36593
-80.04051214727514,111,36704
-194.30724027553072,143,36847
-85.87392136288629,73,36920
-103.47751343863983,112,37032
-180.37772887851412,87,37119
-169.82368340496657,107,37226
-111.38610213638682,102,37328
-175.17178299330558,112,37440
-122.47031662713802,67,37507
-198.25721138390747,98,37605
-36.841575338157725,112,37717
-288.9282102296671,110,37827
-92.51078051801895,136,37963
-304.9045615688957,109,38072
-113.71286998433025,69,38141
9.944844586542544,72,38213
-104.37557517088531,66,38279
-96.4702476458516,58,38337
-296.20022866599925,97,38434
-93.24047292311538,82,38516
-123.15965486065852,91,38607
-89.29532995644989,132,38739
-82.24151654845744,74,38813
-223.4719734176433,105,38918
-68.66382741628986,68,38986
-350.55601650974074,101,39087
-70.41997140833578,80,39167
-231.78797953149032,79,39246
-62.43203135071783,117,39363
-69.88782500328996,56,39419
-119.2029679805944,81,39500
-313.8769046145241,109,39609
-242.81078818166654,118,39727
-329.50840754231183,109,39836
-155.99311839496718,113,39949
1.5509980697591743,171,40120
-52.17422951930038,84,40204
-120.69010895273021,78,40282
-381.1952062457521,118,40400
-255.37456535026777,111,40511
-421.6931452200412,95,40606
-102.37793418945954,66,40672
-126.12617020343245,75,40747
-167.3800751454387,103,40850
-95.56797005464642,81,40931
-186.77769231838866,103,41034
-97.56278266549194,122,41156
-320.4047212702265,72,41228
-274.9092025066594,94,41322
-107.28773647749506,64,41386
-90.56511026854662,57,41443
-211.27557030621824,77,41520
-232.44457890125935,109,41629
-16.713727972083092,108,41737
-232.09753221604726,92,41829
-135.8341304303213,60,41889
-230.3708233016946,99,41988
-184.6225894757905,59,42047
-121.36463162923529,64,42111
-335.52719522837964,135,42246
-88.27441176873793,72,42318
-77.83366069762079,86,42404
-79.42226298689772,75,42479
-277.75812983130584,113,42592
-48.11516460947978,93,42685
-77.14377142980018,73,42758
-114.54638305274095,85,42843
-197.5870100522921,100,42943
-89.50637734804934,114,43057
-124.7113987615223,92,43149
-116.23111528583414,76,43225
-83.74779703470738,66,43291
-255.57545131220044,98,43389
-82.4140010932629,73,43462
-336.163750043683,113,43575
-55.009561076779974,70,43645
-191.3841622571707,90,43735
-104.06336468580919,94,43829
-139.2019900771882,79,43908
-243.4489512397743,84,43992
-109.91068342875548,86,44078
-337.03486841383324,87,44165
-315.1209458041558,93,44258
-210.1145713800799,74,44332
-99.34336852556548,84,44416
-105.07691202487094,66,44482
-344.4487764957795,92,44574
-232.723803082045,74,44648
-124.78976191308873,95,44743
-192.99728027916052,69,44812
-216.24571256791842,76,44888
-115.40432447188081,84,44972
-109.05031434086007,71,45043
-160.1151039057853,108,45151
-200.732664044049,84,45235
-339.9957502607518,132,45367
-161.62358651946283,122,45489
-117.51640413315091,109,45598
-139.25319852398098,103,45701
-81.51238003208795,73,45774
-147.2719989758545,83,45857
-235.6184465340438,102,45959
-339.5569861563603,127,46086
-136.97227101390473,73,46159
-295.6483552154759,121,46280
-224.1596904095533,92,46372
-200.97595957308724,72,46444
-289.3251120467878,71,46515
-97.17788912555127,72,46587
-108.68388643640387,76,46663
-165.2330601529996,123,46786
-233.1626592146986,100,46886
-101.62359328841276,80,46966
-75.43363814234839,73,47039
-212.49512183804558,89,47128
-130.02285315680692,83,47211
-189.14564510143984,64,47275
-86.35144857575685,81,47356
-50.54297626549173,71,47427
-170.9741447923126,117,47544
-106.88140215637623,75,47619
-121.44782368851979,94,47713
-96.6314116189561,78,47791
-139.7514035811001,129,47920
-144.5260553549467,71,47991
-360.19125398747747,74,48065
-193.01870421796534,101,48166
-82.11569566228164,72,48238
-255.12114258712697,94,48332
-147.2727945805239,118,48450
-111.50249897693138,118,48568
-131.2275094637473,96,48664
-123.90520821772878,89,48753
-135.0696628646805,65,48818
-89.79520903392421,105,48923
-108.09240594008759,97,49020
-241.4770299735725,72,49092
-153.3143743338565,68,49160
-174.56804078386972,121,49281
-172.5767137255229,72,49353
-515.051001947948,102,49455
-155.2197134283448,95,49550
-129.01396630100697,125,49675
-359.59848631593644,89,49764
-199.97403024717093,135,49899
-18.156530960029713,103,50002
-147.5567261526774,88,50090
-284.95741123359494,111,50201
-97.31145802896691,59,50260
-366.4232161001146,95,50355
-97.3600016717004,60,50415
-83.8718706555853,76,50491
-259.27883530981455,65,50556
-106.0832186963174,103,50659
-232.77935959137415,86,50745
-93.57074564072579,87,50832
-259.04780209483135,99,50931
-229.91302381766388,107,51038
-40.14029311087451,112,51150
-137.89105338182026,72,51222
-220.1780580987563,69,51291
-304.2068566520429,67,51358
-216.5584053701944,94,51452
-328.05430316858326,97,51549
-135.49157574699223,58,51607
-201.30470645119894,116,51723
-81.74633124416978,102,51825
-239.99888574240796,94,51919
-205.43140271371334,89,52008
-103.43504832129094,76,52084
-226.88573817811772,136,52220
-278.80497233797416,95,52315
-351.013078497401,103,52418
-87.65181469619625,105,52523
-148.41686366433896,96,52619
-126.8133428029887,61,52680
-220.44099058748458,124,52804
-127.90564267694849,82,52886
-85.97816993103368,80,52966
-147.2270332500626,77,53043
-58.12297993804283,66,53109
-118.8895711558614,91,53200
-383.8245383139612,78,53278
-144.48439686222787,67,53345
-204.52898837937255,78,53423
-113.90526232645104,95,53518
-322.69403311900055,119,53637
-281.21468562037427,89,53726
-409.7716608233575,116,53842
-407.01996747802366,80,53922
-66.34888250027791,62,53984
-241.83029374237339,106,54090
-350.9438771917834,126,54216
-103.05615859978397,62,54278
-263.38736245645487,108,54386
-393.7644881333565,97,54483
-134.5279606645867,82,54565
-88.05560544229427,89,54654
-148.88825714678745,96,54750
27.196201943105933,142,54892
-357.63082128143395,86,54978
-251.12478100671268,64,55042
43.069550600514845,94,55136
-120.98552167584705,74,55210
-171.62385700355912,109,55319
-247.6675578764504,67,55386
-84.2156939533854,102,55488
-228.86022560211742,77,55565
-115.95901890294961,62,55627
-381.32587849815764,113,55740
-197.80617784964616,83,55823
-124.81619893917059,69,55892
-187.44065873690482,88,55980
-125.9244664283263,92,56072
-381.1286074500568,99,56171
-268.9884663144427,119,56290
-327.18980736871765,84,56374
-31.60264397439485,95,56469
-149.6908275176612,64,56533
-150.99772880656315,96,56629
-104.82284030194492,88,56717
-170.58020146491546,81,56798
-86.13887382410284,88,56886
-235.4653412671051,92,56978
-536.6027814415095,103,57081
-338.9852610402944,96,57177
-103.87204438467846,72,57249
-273.6218278377939,68,57317
-403.08930911890127,76,57393
-97.1741257657888,74,57467
-99.80360479110256,77,57544
-457.12901319418063,118,57662
-151.09515929757532,103,57765
-404.29289345223924,79,57844
-91.62591367003515,85,57929
-325.23221126924335,97,58026
-190.27690815310393,94,58120
-314.3408180581182,77,58197
-90.57778253441707,74,58271
-341.2212946280172,68,58339
-151.79997098779796,72,58411
-69.16479425853132,73,58484
-270.86602068856644,85,58569
-348.8168397058433,113,58682
-135.82444162003478,72,58754
-290.0768600677016,109,58863
-99.2865662212043,81,58944
-200.59966083794043,81,59025
-113.35118870999844,88,59113
-128.36660135061075,109,59222
-102.87278790238257,139,59361
-235.17606201114512,88,59449
-200.47642922364386,122,59571
-100.99010771142306,60,59631
-273.15390063348605,92,59723
-356.48332557841076,87,59810
-83.53131175104639,89,59899
-179.21101415080938,116,60015
-61.193906673851046,78,60093
-177.498460775427,111,60204
-366.15344714798687,96,60300
-339.09986731715026,93,60393
-115.89287699309864,106,60499
-331.6931237618775,70,60569
-134.63130754376323,101,60670
-120.09182759509314,81,60751
-73.85362888714526,67,60818
-131.66583440006136,96,60914
-396.96918205797533,108,61022
-305.29124848488993,104,61126
-171.08969233958206,80,61206
-97.90601361615033,70,61276
-177.05077128096093,78,61354
-19.869673417024302,119,61473
-330.1128226808628,130,61603
-160.08500127497655,99,61702
-332.80137022713126,107,61809
-363.8360177675622,82,61891
-483.9778344932614,113,62004
-118.30055699826895,95,62099
-275.5525514717136,106,62205
-96.53977163268226,63,62268
-168.29257427657856,130,62398
-133.9004988279076,69,62467
-355.53484846004596,113,62580
-198.67196393535636,82,62662
-124.39395136169571,99,62761
-129.8891834689695,133,62894
-110.70337294235092,103,62997
-99.50377504359822,72,63069
-170.5883341404845,104,63173
-262.39258907640044,102,63275
-87.7883027553028,71,63346
-309.8055398356809,76,63422
-154.0311343128248,92,63514
-81.98281279389431,75,63589
-485.9140395066929,87,63676
-119.95807565059727,89,63765
-204.13895338489755,98,63863
-277.9834837217736,91,63954
-79.52766637087109,103,64057
-77.90648175032374,74,64131
-105.06384912446684,62,64193
-94.90537475413903,114,64307
-136.55025612945445,56,64363
-98.14104763200498,86,64449
-57.78014218206544,71,64520
-78.97128752949996,62,64582
-130.94880755043005,97,64679
-303.8650354899663,136,64815
-166.98481957555066,83,64898
-188.2529759788972,121,65019
-85.44952538362344,67,65086
-83.64035395042774,65,65151
-339.60088567615287,98,65249
-81.80790387324495,79,65328
-207.40768065607045,73,65401
-125.0116399421589,76,65477
-206.96410374630227,79,65556
-49.11242368863126,72,65628
-268.16549368492554,107,65735
-92.19984369339323,71,65806
-140.98153282358197,73,65879
-103.31516665143488,72,65951
-364.79682231429433,82,66033
-126.01314541993409,74,66107
-309.2198702665512,82,66189
-187.93522051418236,67,66256
-98.20721809877713,72,66328
-500.73919992486447,90,66418
-82.03689304815548,57,66475
-369.72553172982373,93,66568
-217.53128184252603,123,66691
-264.9714489370182,88,66779
-231.7234014914216,104,66883
-409.909018402196,86,66969
-127.00399316061629,121,67090
-237.2963497131053,104,67194
-183.20218491689266,55,67249
-278.9268232617296,89,67338
-117.42999613064974,57,67395
-316.12044865637756,106,67501
-139.81315815144666,88,67589
-124.75342255406113,119,67708
-215.07232995617545,91,67799
-249.0262668831086,118,67917
-249.12132381321047,73,67990
-119.02731766417355,64,68054
-203.6741227084058,91,68145
-222.07898826942528,79,68224
-207.41240322063464,113,68337
-144.98612743560093,159,68496
-15.803136020132683,88,68584
-84.70962214003762,84,68668
-205.86846536018294,99,68767
-195.4086689980026,116,68883
-227.94949796120915,94,68977
-166.08387634724915,65,69042
-251.77319055090797,96,69138
-262.8095021150055,112,69250
-381.21923805468015,86,69336
-95.23364944087007,65,69401
-91.03632318881759,85,69486
-137.68036960900582,94,69580
-370.5955756294054,126,69706
-117.17848763666444,65,69771
-88.34778216057651,91,69862
-371.47157096683327,83,69945
-154.15076970447063,78,70023
-164.03537190009496,91,70114
-278.04865553373907,116,70230
-103.59723483101503,83,70313
-103.3903380653303,69,70382
-248.8484793215859,104,70486
-282.28894900258956,108,70594
-482.2097858669257,85,70679
-60.575094022448326,66,70745
-114.69478742471586,63,70808
-313.40094803370226,93,70901
-292.4288919677956,97,70998
-82.3919863955528,57,71055
-221.93054853324102,74,71129
-108.74195803849553,71,71200
-473.753802007741,103,71303
-221.23835678957852,113,71416
-527.6788179562487,116,71532
-103.67002426338432,67,71599
-153.6355717303094,81,71680
-130.58123305295805,107,71787
-80.5353226137911,109,71896
-86.95795209420285,62,71958
-141.42695423377006,108,72066
-344.4027356763709,74,72140
-105.97112819187933,61,72201
-136.96117099329365,88,72289
-206.21976410237602,124,72413
-81.18351051758926,68,72481
-82.3132775117376,71,72552
-380.57629531166606,105,72657
-186.52490596840968,107,72764
-171.42777323020616,73,72837
-222.10770605250036,81,72918
-108.5823954927132,87,73005
-58.210633249402555,63,73068
-95.17339212884838,75,73143
-90.57472896577704,89,73232
-306.87893136566436,76,73308
-391.36540683504325,92,73400
-99.23045292681542,55,73455
-364.6974906799784,89,73544
-189.71405506300317,91,73635
-296.17918524500163,97,73732
-129.42156764296897,113,73845
-141.86465305422684,72,73917
-220.9648619212798,113,74030
-109.23969231684211,65,74095
-79.55671618606766,89,74184
-106.27150764841224,94,74278
-239.89216528645716,104,74382
-239.70667776723516,90,74472
-94.32496215608504,93,74565
-114.22644786501296,83,74648
-211.75780834162725,68,74716
-301.0592587830546,98,74814
-258.5371342773685,76,74890
-303.27824782984675,100,74990
-94.96802889651244,92,75082
-269.1831763735775,93,75175
-243.16921045182337,115,75290
-166.1317399251289,82,75372
-226.51270524023448,96,75468
-96.92545837599735,64,75532
-107.97823271127044,99,75631
-208.29840570137142,158,75789
-165.81938930012853,62,75851
-92.52003712405747,107,75958
-111.4186376310893,103,76061
-135.70525470360758,96,76157
-94.27574108248993,105,76262
-58.3369320749957,78,76340
-362.45964977117114,76,76416
-113.5220173947558,83,76499
-169.64472246203633,86,76585
-196.2137843860692,72,76657
-121.6124294775757,71,76728
-373.27822225693933,86,76814
-136.29628808965143,83,76897
-260.92919490822624,85,76982
-223.36256960020586,91,77073
-237.5253999122491,112,77185
-334.777648206664,130,77315
-325.7432624564884,77,77392
-96.1630381534194,66,77458
-276.82632186491105,82,77540
-102.5058521981404,91,77631
-291.7141744938527,99,77730
-296.58038445005184,74,77804
-97.13564038435182,64,77868
-122.95811467906591,57,77925
-84.89665314006564,64,77989
-46.39389195997822,82,78071
-377.2610538131307,84,78155
-371.8409208616282,112,78267
-122.05184953735086,68,78335
-143.9432717010347,88,78423
-231.2244320609364,82,78505
-95.92418980469103,119,78624
-177.69107575709003,146,78770
-33.13380832648245,126,78896
-441.41627243010896,83,78979
-92.34249781451857,80,79059
-279.43918437485524,98,79157
-281.63627010050993,90,79247
-404.1724801334437,141,79388
-134.79262200400998,89,79477
-246.41536006374207,116,79593
-113.04736495917696,76,79669
-90.23367384360678,71,79740
-172.17923117651736,67,79807
-210.39428117232654,98,79905
-131.22612380768146,124,80029
-125.13756701006406,115,80144
-159.5981312259056,77,80221
-176.14421115456062,121,80342
-91.89701842917702,99,80441
-126.87134677107525,84,80525
-341.44066966719936,89,80614
-256.9146760875584,87,80701
-234.95292969000826,73,80774
-76.24067578831313,80,80854
-300.77476574347475,99,80953
-493.48502267981036,114,81067
-382.82104449872554,94,81161
-413.730639081598,100,81261
-313.991594389928,99,81360
-333.7762788522583,99,81459
-119.42712088126594,112,81571
-274.1191182144713,107,81678
-118.93011221275992,113,81791
-100.0885609369976,69,81860
-192.46557112645976,123,81983
-363.744433885607,95,82078
-142.37717068091246,114,82192
-194.52793876860605,93,82285
-460.86913742151233,119,82404
-80.88706788062566,79,82483
-120.27644674660394,70,82553
-90.51015255071444,54,82607
-171.18447088919402,125,82732
-113.90791649776,83,82815
-106.80564850337963,87,82902
-161.94499519202196,122,83024
-175.0285347433522,94,83118
-117.73618927984762,100,83218
-178.06058298795227,84,83302
-190.23106291925262,76,83378
-74.91946733937391,73,83451
-126.10632646701995,102,83553
-552.6461287542162,95,83648
-271.71688451434017,84,83732
-104.59899653152269,116,83848
-141.15142982804772,102,83950
-132.9724192806048,118,84068
-350.25635434541397,81,84149
-204.72024983275338,96,84245
-142.19566412111755,81,84326
-263.53301691873276,87,84413
-285.71394503563306,104,84517
-189.07731505740122,85,84602
-245.69759524176717,117,84719
-337.37100423618625,71,84790
-348.5980740102938,89,84879
-414.8057305357857,117,84996
-375.77345372207424,118,85114
-324.19861803386766,99,85213
-34.95550176004063,69,85282
-122.29961765725265,104,85386
-426.73730758065403,96,85482
-131.3276570594321,73,85555
-134.87207193193308,86,85641
-153.36247454189908,126,85767
-164.44194206973447,77,85844
-59.12834022518552,72,85916
-259.9823670220577,73,85989
-285.32669997914223,133,86122
-127.1706350412964,112,86234
-84.58403099315345,73,86307
-326.88826283019534,137,86444
-372.16511522723744,118,86562
-348.34525723115013,83,86645
2.299119457869608,84,86729
-136.84864277951033,81,86810
-158.21392918422356,77,86887
-100.93635106716656,75,86962
-122.2267592140593,77,87039
-42.39233055606823,98,87137
-111.86059392177951,60,87197
-228.7842616761552,93,87290
-203.1604377233848,90,87380
-473.11693363751476,121,87501
-73.673514969827,68,87569
-101.61648523851377,59,87628
-360.23539787072036,108,87736
-54.50109045579241,76,87812
-292.6145368075291,103,87915
-135.8324154727505,115,88030
-116.22372914609329,107,88137
-73.71869131684161,67,88204
-254.43017563860067,78,88282
-4.156435745991757,82,88364
-112.20372295497735,68,88432
-97.78955530886991,62,88494
-251.1095903798308,113,88607
-135.33566219309375,101,88708
-235.59190000395907,88,88796
-233.67243311954238,110,88906
-449.5952956676003,124,89030
-74.7970741671957,67,89097
-106.07018230611604,55,89152
-319.6335657867549,95,89247
-119.76909543835156,85,89332
-124.8394608353871,98,89430
-263.31347865889825,98,89528
-447.34902961601813,107,89635
-108.82838338038835,75,89710
-86.30960234086325,71,89781
-362.3355365733891,105,89886
-168.8576749530278,115,90001
-117.67980791826093,97,90098
-102.53019646929695,58,90156
-82.64353279398856,75,90231
-107.71104061447288,125,90356
-410.6171022931346,98,90454
-292.3726212158248,134,90588
-214.4118526624307,103,90691
-116.17491552426371,72,90763
-77.22118475685683,67,90830
-111.13065048232413,71,90901
-144.4457736981814,115,91016
-102.09162323779974,78,91094
-171.74337820500583,111,91205
-326.1765316068652,92,91297
-176.21014763975285,104,91401
-168.60903704317232,77,91478
-87.57697175698658,116,91594
-282.08622030894185,93,91687
-85.06294722091707,79,91766
-72.5859834989131,68,91834
-103.01669531532994,71,91905
-261.20865522828393,130,92035
-236.81479206159514,87,92122
-186.1027389522896,89,92211
-166.0566199317682,83,92294
-245.11927858111645,101,92395
-171.1802295557343,115,92510
-61.3365379985833,144,92654
-65.45253407972066,65,92719
-173.66252489022054,104,92823
-50.67777231857008,79,92902
-58.99169068880167,64,92966
-92.09453235207243,72,93038
-189.26045915557472,108,93146
-247.11380079846708,111,93257
-182.97280653733736,68,93325
-241.81140209861684,91,93416
-83.43859788560167,78,93494
-115.29277951133834,66,93560
-53.33806334477734,111,93671
-77.84377562790473,84,93755
-105.65508097860436,108,93863
-133.85605332731507,72,93935
-56.64530693518152,64,93999
-165.6431106650787,124,94123
-71.74737195312616,65,94188
-295.5129455988937,80,94268
-156.17208753865788,143,94411
-161.5081513554763,83,94494
-295.3234517259067,156,94650
-567.9101550154032,97,94747
-172.37739607513547,115,94862
-130.94096940073848,95,94957
-103.56612821958745,68,95025
-235.32763917376707,111,95136
-11.903864793275986,105,95241
-375.24092779531884,90,95331
-234.72930222563386,115,95446
-409.5528307121193,94,95540
-89.34508216257576,72,95612
-280.4935248262389,95,95707
-198.74858393482504,75,95782
-209.31827413898873,90,95872
-2.4747386548993546,117,95989
-102.45445973245558,89,96078
-278.641439404913,97,96175
-242.4145876972855,84,96259
-64.98632617966955,64,96323
-88.00873684368516,86,96409
-163.03164520244667,116,96525
-140.01423200770427,105,96630
-61.15711891420363,115,96745
-114.1713351197095,79,96824
-179.493860645766,89,96913
-418.6977276622564,88,97001
-105.41084878572096,82,97083
-173.51577723967569,74,97157
-21.345621666536772,89,97246
-216.5601738991682,97,97343
-98.28027395263796,74,97417
-64.65941511151337,73,97490
-13.809704495128898,86,97576
-367.4233876435851,120,97696
-237.21194111322404,84,97780
-285.6231244478071,122,97902
-86.8325689354307,85,97987
-410.01313811998057,124,98111
-93.26752196879994,77,98188
-221.11484814340872,68,98256
-225.1107546961751,63,98319
-119.59599120952782,92,98411
-178.155382941908,100,98511
-147.27565689097884,67,98578
-143.7076315168563,104,98682
-101.61840263857434,81,98763
-199.42515533775193,96,98859
-124.94327804824582,86,98945
-104.97719048017147,90,99035
-172.05176845268073,103,99138
-395.1550304127568,104,99242
-92.93618441592295,94,99336
-528.5341635823773,125,99461
-99.58750440480608,100,99561
-331.2533934503633,101,99662
-332.6910278425095,102,99764
-639.6721557415551,87,99851
-107.04904665928304,88,99939
-372.7775836491064,93,100032
-87.11700899626003,67,100099
-56.43611144074592,85,100184
-128.78912444586118,99,100283
-100.84480127414238,106,100389
-138.898951276978,75,100464
-330.67439338303893,104,100568
-254.41371588449454,76,100644
-370.37052205826404,98,100742
-190.01379250207495,68,100810
-338.0448965339036,105,100915
-416.5376214036369,92,101007
-54.801643251752324,68,101075
-178.83117453641208,69,101144
-158.08118082145015,80,101224
-57.7988456939936,64,101288
-111.61830833852704,72,101360
-120.9877136701518,78,101438
-110.81309979841411,60,101498
-169.99917993484905,58,101556
-203.68142728860383,71,101627
-430.26534166828895,95,101722
-73.66967728505789,100,101822
-434.80083861440795,113,101935
-118.45728758660205,78,102013
-227.5403787779809,102,102115
-110.16104216179507,73,102188
-47.73500351903084,61,102249
-107.31871432349813,95,102344
-183.01551666006878,73,102417
-231.39641377045402,113,102530
-320.7624887552804,94,102624
-141.11831977781296,91,102715
-71.63928243370333,68,102783
-56.494559822038894,61,102844
-59.64513016341089,68,102912
-420.11759963801967,104,103016
-213.93181992896046,112,103128
-68.42931694970491,118,103246
-42.776467850122444,91,103337
-252.39973328644408,118,103455
-230.1367948820792,72,103527
-144.8892756616334,89,103616
-387.5064038795117,96,103712
-247.6388142622013,88,103800
-225.99113117078923,98,103898
-162.05168236423472,76,103974
-133.9814017696301,72,104046
-93.11198176520854,66,104112
-112.29024386442647,62,104174
-429.5315924986996,82,104256
-153.3470346942439,99,104355
-169.3676058499857,73,104428
-81.79979509622692,64,104492
-273.9190125565296,100,104592
-415.4654730965734,87,104679
-136.96130809001602,83,104762
-122.13844171121005,96,104858
-271.5656454936259,105,104963
-146.30279901800873,85,105048
-145.58507965585054,123,105171
-466.058033259072,94,105265
-108.04455817199073,95,105360
-284.7965431859782,77,105437
-133.0273668178739,116,105553
-157.29933757200217,109,105662
-129.15461209838162,73,105735
-114.39770731242952,71,105806
-122.87701972936719,71,105877
-172.80434603256475,82,105959
-114.56579681265026,72,106031
-81.3893538023527,100,106131
-157.13903949014582,112,106243
-88.36880429088659,60,106303
-403.9202901621239,88,106391
-401.65789811444824,87,106478
-67.88397428296719,66,106544
-414.0599822223864,147,106691
-102.44734733322029,90,106781
-107.40007563495298,60,106841
-16.43531611186826,107,106948
-266.6251601864525,117,107065
-116.7562605223425,109,107174
-131.5084976526909,80,107254
-112.87952050036856,82,107336
-106.653276488021,76,107412
-153.11006490257176,98,107510
-267.1113720430817,112,107622
-423.33271578815305,86,107708
-169.90137566656546,76,107784
-174.0056654526165,94,107878
-328.4542810614919,116,107994
-154.9691146212578,104,108098
-219.1108272550267,97,108195
-103.12680588248855,76,108271
-91.11044383537494,75,108346
-250.09770897250607,85,108431
-50.08886304897114,124,108555
-123.08701010898314,82,108637
-353.4274781917172,76,108713
-166.77514236427902,71,108784
-373.4136908356303,106,108890
-464.5199105169341,102,108992
-86.1959927175422,121,109113
-232.33454676117685,65,109178
-515.0828989593223,102,109280
-211.51555679858348,87,109367
-410.970720889675,73,109440
-138.07392119418435,77,109517
-169.52169560808207,91,109608
-69.73521781609277,64,109672
-237.33029001738836,87,109759
-85.07708103046554,112,109871
-46.298428292627676,71,109942
-97.56078149551219,68,110010
-116.72757406353571,85,110095
-108.03792427449241,85,110180
-169.73078625180855,67,110247
-106.12946858890203,84,110331
-84.37142428725072,72,110403
-164.06086796799923,65,110468
-130.69451690884614,104,110572
-11.108641594410102,93,110665
-50.45794844200424,64,110729
-228.27716780064785,113,110842
-326.65969480901816,93,110935
-151.12122382454234,64,110999
-97.43601494761471,77,111076
-67.9551455284031,102,111178
-249.0298164452728,110,111288
-64.96560074279462,100,111388
-331.49340426707295,88,111476
-126.0654819417546,69,111545
-146.9879734473697,64,111609
-120.87045870514841,76,111685
-286.64930189503735,79,111764
-200.30536291796068,76,111840
-145.98993023964636,113,111953
-21.3485502670449,98,112051
-89.71530406445471,72,112123
-102.4270716846124,137,112260
-147.3753700848228,109,112369
-102.00999591139451,99,112468
-336.91939042535404,96,112564
-392.100925912601,114,112678
-488.55774903537053,87,112765
-299.9675575158914,137,112902
-172.75475318618658,65,112967
-70.39789121204765,81,113048
-128.4026843514963,86,113134
-223.57707402799934,120,113254
-106.62588958560784,102,113356
-415.3367589281219,88,113444
-80.15412192059155,84,113528
-108.00672354131805,75,113603
-104.72401427987067,66,113669
-428.1216837171053,86,113755
-140.377554989274,104,113859
-251.84381195347885,83,113942
-308.11721137490474,98,114040
-204.42621373118624,102,114142
-121.82384642313568,59,114201
-83.47203301827965,76,114277
-82.899289626912,78,114355
-100.07987127477783,72,114427
-82.63054418030535,60,114487
-313.3726245453706,96,114583
-304.15221215246635,132,114715
-163.7490989947824,81,114796
-176.61578119796513,67,114863
-122.58395842241896,64,114927
-68.15716202466331,65,114992
-445.8516977243586,122,115114
-68.93676991754654,121,115235
2.0933619305249493,162,115397
-330.8781600900022,97,115494
-144.70416379289202,128,115622
-349.1560532907849,89,115711
-114.3453296548506,63,115774
-95.18654257360372,62,115836
-292.97915134720176,99,115935
9.187673333072794,101,116036
-120.00554777997075,66,116102
-241.55559686549134,76,116178
-349.4264718897746,114,116292
-168.8154114342983,122,116414
-121.43253795766097,94,116508
-165.08464546164464,95,116603
-176.03995533319878,90,116693
-143.36659770480694,117,116810
-104.32712301209071,71,116881
-301.41709675704794,121,117002
-138.4508520050582,102,117104
-256.8553584113714,84,117188
-31.29250416733771,89,117277
-425.9440094129922,131,117408
-17.38411901048765,121,117529
-59.456119787645775,104,117633
-456.97350873206256,88,117721
-133.69700427397837,68,117789
-108.28637720762606,75,117864
-96.52163386721544,72,117936
-232.04107330712242,99,118035
-273.1094672907211,101,118136
-322.2456897772526,112,118248
-225.45701498942813,96,118344
-287.48267270239603,96,118440
-143.66970755847228,83,118523
-402.78146219921734,93,118616
-254.0532844433704,86,118702
-134.70100331417996,91,118793
-242.66779768409938,86,118879
-109.08122228223934,75,118954
-124.55023602004209,64,119018
-105.67824062175569,57,119075
-419.24299996715143,126,119201
-120.97722789355278,76,119277
-111.40298657749452,60,119337
-96.98681431371463,114,119451
-124.28920101392124,116,119567
-198.6204346944728,106,119673
-80.7678446701457,67,119740
-153.03239567528266,129,119869
-105.02323933839158,80,119949
-134.70136629698848,107,120056
-398.02492426881776,87,120143
-363.45698998629723,83,120226
-243.2972798305554,84,120310
-88.98813747191748,66,120376
-144.874784999117,111,120487
-71.9513003863616,103,120590
-172.986094786705,73,120663
-91.01857008881234,75,120738
-80.7974331008517,78,120816
-358.8641780068184,146,120962
-91.31448906966907,57,121019
-292.5392645448276,104,121123
-113.19035882198278,74,121197
-86.82881039159778,67,121264
79.86098081869298,1000,122264
-402.0048460313441,93,122357
-76.24650182351924,105,122462
-113.45413410925762,114,122576
-183.8772414789392,95,122671
-102.74664802318212,108,122779
-384.21408878361075,116,122895
-388.0627159992169,102,122997
-151.81955357323042,96,123093
-122.50787881584554,90,123183
-124.7237640344876,70,123253
-188.20707891992578,68,123321
-202.33065634426134,127,123448
-85.4806743340362,102,123550
-51.565193043934556,71,123621
-357.1754576121954,84,123705
-65.44935123790259,88,123793
-137.31609051129405,110,123903
-95.94031615803735,102,124005
-154.33775867514942,116,124121
-97.8727762025476,80,124201
-319.4824228855566,150,124351
-133.68491861399934,88,124439
-79.17086478079236,62,124501
-387.9333474897573,97,124598
-157.92056051018994,96,124694
-392.0487167019116,119,124813
-335.91962902149396,78,124891
-79.7313765186204,65,124956
-126.3713861703965,78,125034
-85.84996169768205,75,125109
-106.67449157917996,88,125197
-138.28806299870953,108,125305
-111.11355828482627,68,125373
-263.6716838616801,77,125450
-142.94943225410918,109,125559
-459.09918782541354,117,125676
-328.6713120473715,84,125760
-77.78919561629633,80,125840
-104.90468859476474,80,125920
-199.50685450941316,120,126040
-131.64104790301377,78,126118
-188.0649579809587,62,126180
-77.403587419881,70,126250
-168.67013609837767,61,126311
-84.45416735034469,88,126399
-106.47394335470618,121,126520
-125.89693164049777,71,126591
-211.39179492783387,103,126694
-197.892210693822,89,126783
-57.246407785105426,80,126863
-215.5206217667205,85,126948
-280.56341421258924,107,127055
-100.40583045049985,70,127125
-152.3800089399338,91,127216
-87.45443429065216,102,127318
-151.10512390738327,81,127399
-117.71026341733518,91,127490
-209.12160985833862,92,127582
-67.56672008136059,65,127647
-103.72865722540709,117,127764
-128.2716664658822,78,127842
-107.33228994980475,116,127958
-87.89622767403118,69,128027
-156.5372419402029,99,128126
-361.98792002955895,107,128233
-145.73168801745763,82,128315
-41.48328605286443,66,128381
-163.57533210895602,57,128438
-117.78967431909572,105,128543
-292.854482487357,80,128623
-243.59749028539673,77,128700
-102.25705196690477,66,128766
-187.83021723958723,65,128831
-475.06580280989635,129,128960
-83.74187357484684,60,129020
-118.27508260691438,78,129098
-102.26148636592775,82,129180
-107.37398511774151,64,129244
-91.84892093840455,68,129312
-353.0872724350728,64,129376
-238.53858003595795,70,129446
-253.85405158600383,99,129545
-227.25801869391802,68,129613
-213.38248866185899,60,129673
-157.24097648865705,111,129784
-138.245742068859,75,129859
-130.57418769932502,92,129951
-132.22624165468588,64,130015
-380.8896197786916,105,130120
-374.14118199261884,108,130228
-105.30131401228792,71,130299
-80.30927222253561,65,130364
-135.27107102042459,92,130456
-126.14812699588977,74,130530
-115.2132501295404,97,130627
-230.30856838719018,75,130702
-246.3329052820439,84,130786
-70.12382203415156,88,130874
-257.92166492939816,67,130941
-159.3045071045199,92,131033
-397.03283821046193,81,131114
-213.4835515188249,121,131235
-250.2799410582856,70,131305
-86.55364447327943,109,131414
-97.03192494086659,89,131503
-122.01944237109984,75,131578
-283.533521705575,105,131683
-174.29143878949264,83,131766
-264.8128975987941,90,131856
-90.78098774516583,121,131977
-124.46852197355923,70,132047
-78.94835097125674,75,132122
-103.04453219197063,78,132200
-310.44463334762395,88,132288
-102.84074623918734,89,132377
-124.07921435984085,89,132466
-322.88028056032533,84,132550
-154.39769091368163,72,132622
-299.590953758559,76,132698
-97.94435711592685,77,132775
-222.32219634413346,90,132865
-161.49332011735845,114,132979
-117.80209567862451,113,133092
-103.44148754655816,63,133155
-101.79382744727684,61,133216
-222.45193535976665,120,133336
-346.48329482965846,122,133458
-103.6244967317504,111,133569
-132.26218479916375,121,133690
-64.17583984617612,118,133808
-151.96090259150904,131,133939
-89.63082644632901,97,134036
-117.7568217468161,84,134120
-96.03196889745662,111,134231
-87.34333959698873,63,134294
-165.65894616094772,84,134378
-163.53221642607988,109,134487
-21.957590095025182,111,134598
-322.5486225109582,109,134707
-106.97154360623186,83,134790
-130.0181725615247,102,134892
-127.57276575914196,80,134972
-203.0187515534155,99,135071
-89.03014994810712,69,135140
-86.13591043897524,75,135215
-80.11945541258659,73,135288
-142.09054620317244,123,135411
-163.89855638436921,107,135518
-517.7449797204196,89,135607
-80.71252356087155,58,135665
-243.8018280938966,84,135749
-137.67155692395056,100,135849
-245.96051185978678,99,135948
-159.9222698738708,64,136012
6.270578101207974,73,136085
-143.46320318263813,107,136192
-261.396066415844,119,136311
-134.05241088603358,71,136382
-159.8677113896189,124,136506
-222.4352421215268,111,136617
-61.372562613908244,106,136723
-97.7164687727898,66,136789
-172.0953245239645,113,136902
-141.78169013381512,106,137008
-168.61943802710402,82,137090
-230.75242119743297,97,137187
-379.4122660989138,131,137318
-25.771236145039467,140,137458
-129.28864276275232,86,137544
-261.06506919721636,74,137618
-184.48446169771515,104,137722
-129.41175799959905,86,137808
-158.7427043760668,107,137915
-99.75394916865103,89,138004
-100.67831378383157,105,138109
-122.86995648980752,81,138190
-143.26387830699937,117,138307
-121.06720784053469,117,138424
-215.3887204156771,103,138527
-83.77043342220097,116,138643
-380.67051974526487,87,138730
-386.5255788181366,132,138862
-56.96593362969887,92,138954
-336.1998364452028,110,139064
-101.63960531269818,98,139162
-308.26598654434713,103,139265
-140.91677458189614,89,139354
-198.5180465361379,82,139436
-184.09827101550007,104,139540
-173.29668276136556,98,139638
-170.98039961956596,64,139702
-189.72796102299523,58,139760
-131.39914192411845,96,139856
-114.29859943167452,62,139918
-129.16945468610643,57,139975
-371.7553914888968,84,140059
-101.41181857876384,116,140175
-337.5482955561116,93,140268
-97.60041451644685,71,140339
-327.1945780525091,84,140423
-138.55042523808066,65,140488
42.81320022378935,87,140575
-119.60441101629841,72,140647
-14.101691951329926,72,140719
-97.38454695883514,88,140807
-317.07318390120236,107,140914
-120.1348005612218,92,141006
-54.826607473880294,71,141077
-115.8923473326825,80,141157
-281.783004526711,98,141255
-106.20791966058101,77,141332
-103.84277774090347,117,141449
-278.77864749284595,83,141532
-353.98204712410643,96,141628
-131.2917696689218,85,141713
-211.8198027610545,107,141820
-513.3327232371157,96,141916
-242.95556293718985,77,141993
-147.61360122183223,97,142090
-131.5142963936118,110,142200
-238.9376171417303,66,142266
-103.52614262249267,93,142359
-298.50462363957297,117,142476
-119.10578023386887,84,142560
-325.56212381252953,90,142650
-101.49877601779042,65,142715
-132.84613354937704,69,142784
-225.914540556376,72,142856
-114.07036426277718,109,142965
-301.98000796135176,116,143081
-115.11977421065163,84,143165
-63.88151702564024,72,143237
-90.64066815163955,75,143312
-124.45699697617066,90,143402
-78.07929590166837,88,143490
-402.8266589663387,119,143609
-79.61427242261115,69,143678
-186.91464408738835,67,143745
-365.80097573493185,86,143831
-237.45610593357497,81,143912
-108.21049147774076,79,143991
-209.60717424300063,99,144090
-139.9192234859533,102,144192
-133.6678915994676,101,144293
-228.05129076939352,79,144372
-96.69964833223572,70,144442
-8.608811992474074,111,144553
-245.2690992838512,108,144661
-114.62576944513756,79,144740
-106.11760910382729,65,144805
-60.679295773239645,64,144869
-346.1822798624306,85,144954
-169.43368774643935,100,145054
-105.59277091653105,88,145142
-170.64741957789,66,145208
-112.78470525592708,67,145275
-109.77743697230923,67,145342
-170.157358253655,116,145458
-193.92793606191896,125,145583
-79.0914376401491,67,145650
-85.50088491933714,74,145724
-285.5547853689354,99,145823
-122.23456983180932,65,145888
-99.81815963984776,122,146010
-124.19728414924793,82,146092
-154.79373086324614,97,146189
-387.61342959904476,121,146310
-65.52476203109212,65,146375
-231.56914038813565,88,146463
-342.849669472933,91,146554
-62.73174988837333,111,146665
-98.43386241388646,64,146729
-103.145374201776,81,146810
-88.01952172072868,137,146947
-119.20333015525117,96,147043
-140.1492503712065,73,147116
-67.53890653854873,61,147177
-215.90479122532867,95,147272
-137.80936361944381,124,147396
-130.75244000748722,82,147478
-174.3631483172507,111,147589
-308.8355702024837,93,147682
-102.42948997969351,74,147756
-105.60349608796813,69,147825
-169.87132353581958,158,147983
-163.83423978731514,75,148058
-156.4937660105591,82,148140
-298.05433395549574,97,148237
39.365093127566695,87,148324
-88.85747387201734,64,148388
-128.00236925808986,77,148465
-412.55124058445045,100,148565
-253.29827517321425,91,148656
-75.51577029873584,61,148717
-111.34262093794169,69,148786
-228.52682531600215,115,148901
-91.54479939291909,71,148972
-128.08871865953884,100,149072
-76.05100412413863,63,149135
-180.77981746025267,86,149221
-145.45795538975344,79,149300
-83.54635825819798,65,149365
-125.10358866398741,65,149430
-355.8103944799078,121,149551
-288.6161228588628,106,149657
-364.2865711827951,99,149756
-250.59617678068085,80,149836
-68.78854621282204,57,149893
-160.16176236908657,81,149974
-106.44531719808184,70,150044
-123.06296420157719,66,150110
-57.2234800448685,107,150217
-103.66586060539946,118,150335
-195.5151343435018,111,150446
-147.42236502840723,70,150516
-96.14184164116202,102,150618
-112.01732349806227,68,150686
-133.32456933683625,87,150773
-103.40275317915676,65,150838
-195.3339746295193,122,150960
-91.52402037734964,117,151077
-207.39803335679102,84,151161
-370.2075963454857,123,151284
-102.38771623006659,65,151349
-130.10948470322725,99,151448
18.935376580042558,99,151547
-84.86090757764892,68,151615
-387.59993642335945,98,151713
-70.7425145528785,78,151791
-223.3221684414116,92,151883
-363.15765515144534,94,151977
-171.8168084547433,100,152077
-44.88221578782171,62,152139
-151.54699429586125,99,152238
-243.18912773268752,62,152300
-423.0769892249364,96,152396
-131.93303560132534,111,152507
-157.05029848499868,90,152597
-165.15087515373864,120,152717
-56.30582805485548,100,152817
-107.02616338899873,74,152891
-89.46672241057405,104,152995
-107.98140643035258,98,153093
-141.05848651202064,66,153159
-142.69097931124227,85,153244
-405.89423869082646,102,153346
-132.41508844563742,93,153439
-78.13446130396999,56,153495
-137.05648313457039,58,153553
-234.5506804455253,115,153668
-22.53231158895977,101,153769
-163.3449827308822,77,153846
-85.57572874793875,69,153915
-83.4945811729029,107,154022
-349.4839810632823,88,154110
-82.94063475078903,66,154176
-120.01305497428878,105,154281
-140.45055839702985,114,154395
-341.462537190311,87,154482
-183.94922223893613,97,154579
-184.87905034476307,119,154698
-87.73343213053478,101,154799
-120.47230111690469,126,154925
-203.8207185907528,97,155022
-139.95051354108625,89,155111
-286.7862275605826,87,155198
-100.76107750763015,109,155307
-89.21933076605092,76,155383
-395.7866018135861,112,155495
-117.04890879743903,94,155589
-109.38373589745193,88,155677
-480.90839707576623,102,155779
-338.1578917749176,98,155877
-34.25172555100593,125,156002
-93.84650662406423,127,156129
-67.86580947953405,61,156190
-411.1838881309742,108,156298
-75.01543188910615,67,156365
-41.98743529941943,150,156515
-120.70110988442146,103,156618
-77.30132790032067,72,156690
-117.42411918107024,80,156770
-195.8075081331071,110,156880
-108.96032341967498,101,156981
-147.4058329107565,120,157101
-85.93404077817895,68,157169
-177.38763064242602,71,157240
-344.6713044771741,102,157342
-223.75849929963923,70,157412
-298.2014280651939,99,157511
-172.54785839228592,100,157611
-300.76703054000785,86,157697
-110.45700338643947,77,157774
-167.4664458036678,126,157900
-152.82207019278556,86,157986
-263.25130541885545,72,158058
-160.89580186529582,96,158154
-353.35148270773766,95,158249
-169.5059985327606,121,158370
-369.60615414310814,94,158464
-201.28764674178188,104,158568
-240.14394223345167,82,158650
-356.6199777564981,98,158748
-177.83239640642526,93,158841
-155.02028065836816,90,158931
-118.6588054863689,90,159021
-106.10077536980084,81,159102
-136.3430765485818,97,159199
-131.10379732962548,136,159335
-223.2071498469451,92,159427
-379.1932007556089,120,159547
-306.2613896324309,88,159635
-316.5131150779151,72,159707
-132.8128805709503,83,159790
-160.00474621979268,116,159906
-239.51642648727093,105,160011
-150.28991569319123,130,160141
-141.92143971032237,65,160206
-225.14981873710872,104,160310
-118.09059087884893,67,160377
-115.86730440148283,84,160461
-157.93895946833737,106,160567
-108.8437623864229,59,160626
-116.50854937694778,95,160721
-124.58493222169301,104,160825
-440.88047217442295,93,160918
-94.48684298694214,63,160981
-168.16620887747538,125,161106
-216.46440812149473,112,161218
-198.03007460754475,84,161302
-304.7897731406971,111,161413
-242.56513300443422,99,161512
-123.1580394319353,103,161615
-165.66375618583734,127,161742
-57.09733622554455,92,161834
-167.4693376721488,81,161915
-160.82547399549085,101,162016
-307.2250867798884,117,162133
-133.30077912761917,75,162208
-16.353731562906546,59,162267
-228.6132159177819,67,162334
-223.43458747228672,96,162430
-147.68575429789445,91,162521
-86.90614629186436,81,162602
-103.33434810144935,93,162695
-109.42781932949424,97,162792
-79.46022217437465,74,162866
-176.56228297954283,81,162947
-95.86876255775908,112,163059
-69.31367448640215,96,163155
-349.2238806146875,90,163245
-222.46740554104386,67,163312
-282.7462519790265,89,163401
-83.71902309141603,73,163474
-214.88088429156477,108,163582
-300.0511118530252,87,163669
-113.5775587136084,75,163744
-117.57126942832075,117,163861
-114.86071294194038,70,163931
-125.91749867141907,102,164033
-113.39713963310832,126,164159
-103.41410052898235,65,164224
-230.29721591792045,85,164309
12.86664620630431,99,164408
-119.21206552915496,93,164501
-155.41029810320882,105,164606
-110.94887213326115,107,164713
-99.69654813798081,73,164786
-81.44405209156872,93,164879
-171.06854491067833,84,164963
-127.21065753268367,67,165030
-131.0351191242336,85,165115
-106.47113980296317,104,165219
-389.9197087403655,109,165328
-269.8056935428187,95,165423
-407.8494512132031,117,165540
-112.34340689775908,83,165623
-159.5990295829512,80,165703
-124.96009485471848,105,165808
-120.50531330624747,121,165929
-164.21534924757253,71,166000
-285.16081895814057,86,166086
-304.9779757064514,116,166202
-58.784112744481696,79,166281
-227.76626707774858,103,166384
-138.54642676548406,76,166460
-245.40022493413696,62,166522
-182.67427234724857,104,166626
-65.76812659637156,71,166697
-147.80728476572907,97,166794
-105.02908356855025,95,166889
-136.43449083154195,88,166977
-79.78154681008525,120,167097
-199.71809675064947,109,167206
-382.40426184737964,69,167275
-93.09645006218508,91,167366
-299.9789842710159,92,167458
-458.8000056024845,99,167557
-87.29731620983533,67,167624
-84.05213787145651,102,167726
-115.49662490856959,76,167802
-86.52576437651328,102,167904
16.169900466049242,91,167995
-144.81027490252387,118,168113
-279.46001087090326,112,168225
-133.57026759655227,88,168313
-133.08121601053293,73,168386
-324.84402467634976,78,168464
-399.75519462078904,75,168539
-107.41160706897338,65,168604
-432.4181608388126,115,168719
-222.8998653685502,102,168821
-96.90101943488983,94,168915
-338.5602307972896,103,169018
-362.11460086321495,108,169126
-78.14449165499443,86,169212
-172.82988521970572,114,169326
-149.07281358055383,82,169408
-109.69415292579868,69,169477
-332.14862153437974,91,169568
-104.18214868264633,64,169632
-15.800032667727265,148,169780
-413.01082158838375,95,169875
-146.60364368806768,125,170000
-200.49649079793616,108,170108
-79.9899811136447,69,170177
-407.35015357133574,118,170295
-339.23326188307107,75,170370
-142.87302463860365,123,170493
-342.7918880823038,83,170576
-409.8386145283075,88,170664
-355.71569107553313,105,170769
-208.54215382385314,97,170866
-113.44130017805178,79,170945
-81.04343985891254,71,171016
-153.4792429165847,96,171112
-229.95325971445044,130,171242
-49.83954825249471,95,171337
-88.88968767457357,120,171457
-174.40523002439417,144,171601
-294.90697060228536,129,171730
-88.65715000864978,76,171806
-340.70053629703665,120,171926
-95.69890393063157,120,172046
-242.53011071715588,95,172141
-103.81818317049118,132,172273
-179.6167733597192,99,172372
-122.61876355027681,84,172456
-254.77810457037788,137,172593
-85.67023803507189,63,172656
-167.11890466659816,94,172750
-361.51191160713415,136,172886
-98.19514606622295,77,172963
-291.8408759073162,105,173068
-107.88361994659454,89,173157
-276.9669771718235,110,173267
-89.09791279935449,76,173343
-106.54619281596806,102,173445
-90.40504034774715,70,173515
-266.4205201961376,101,173616
-264.7117911802068,110,173726
-127.7449699611607,74,173800
-308.66771586866554,90,173890
-78.14057576415757,63,173953
-184.5163996586166,115,174068
12.126940698613183,87,174155
-127.62532682575929,68,174223
-306.9965645523034,125,174348
-466.0334641183925,96,174444
-425.77507745887283,132,174576
-252.5661760023717,95,174671
-289.29699665882754,118,174789
-324.17605811239804,93,174882
-160.461253232768,86,174968
-96.503233418951,63,175031
-118.38064614618428,69,175100
-321.02497149230385,90,175190
-92.67995948698508,77,175267
-355.6884702515438,84,175351
-249.22147311027604,86,175437
-143.66278003042123,91,175528
-244.9841101540083,60,175588
-110.65082991289108,58,175646
-157.44198607732955,81,175727
-122.02227121307929,74,175801
-105.55521355373132,66,175867
-617.144941206808,109,175976
-265.5639019858254,96,176072
-183.0381670462022,68,176140
-234.62549479530244,73,176213
-87.40617381283543,63,176276
-331.8161090270632,87,176363
-320.9722753878382,92,176455
-160.0102665736444,93,176548
-363.0970293412767,59,176607
-169.71517000885322,99,176706
-107.9133013434556,113,176819
-345.3472431579047,86,176905
-194.24708404085337,86,176991
-133.67102732215483,103,177094
-315.21489863842146,105,177199
-119.79639966719827,106,177305
-344.28474022217046,101,177406
-61.33931787503657,70,177476
-188.1051623463423,67,177543
-224.57921985701114,118,177661
-484.21131767520757,121,177782
-99.90642094276902,88,177870
-170.20444574898457,114,177984
-90.66816078959899,95,178079
-78.06699865656029,75,178154
-260.79240160942675,122,178276
-395.19162182514054,84,178360
-423.3710580526205,82,178442
-136.6603141728977,75,178517
-90.29401821231403,79,178596
-112.14033812761437,79,178675
-117.91630665828751,89,178764
-94.2887690762761,77,178841
-162.27091554629106,72,178913
-371.1848083944937,86,178999
-404.40719341724287,105,179104
-239.5788428521344,124,179228
-212.00074979364234,141,179369
-111.49958765736014,61,179430
-130.76083829239664,88,179518
-151.65931871558405,67,179585
-112.45533257388877,85,179670
-129.38401625542423,61,179731
-39.57088717501624,98,179829
-85.70971699635403,126,179955
-114.31954626527374,95,180050
-85.43820648169671,63,180113
-161.22363740742855,63,180176
-134.32221400922762,101,180277
-323.49689452285054,105,180382
-72.64846388092172,128,180510
-117.86121066755629,80,180590
-113.98163781426989,92,180682
-80.20470616630527,90,180772
-395.2316819430382,113,180885
-125.37600063110487,90,180975
-114.63759640552328,74,181049
-87.87548903462238,68,181117
-343.6565245873985,128,181245
-213.75101300461972,70,181315
-264.73325411228234,115,181430
-261.55930908768426,122,181552
-235.5279252186902,79,181631
-146.2150187222375,73,181704
-198.62263767178797,86,181790
-197.3184624421176,104,181894
-221.09265955591263,74,181968
-147.63770024189685,119,182087
-179.67775635152555,108,182195
-465.5320710071335,94,182289
-92.46014435760797,70,182359
-114.38275355713134,67,182426
-301.21490287582276,117,182543
-127.41533342546833,80,182623
-132.69199941216337,85,182708
-183.41370057706212,99,182807
-289.1663236869507,108,182915
-264.9788924985183,114,183029
-107.48150444270144,61,183090
-504.8921818470593,104,183194
-77.99817329476005,65,183259
-168.68104644015062,92,183351
-263.80141204625875,108,183459
-56.03344709374711,74,183533
-310.9623520426567,117,183650
-118.73941232976682,90,183740
-96.68174131845956,77,183817
-197.2680880863224,73,183890
-294.4245759259918,105,183995
-216.17305793538878,90,184085
-188.80553309890345,92,184177
34.90725702181527,103,184280
-13.079082473538804,67,184347
-197.36860921060983,119,184466
-120.95574363405353,100,184566
-143.01634544303545,66,184632
-130.59850726188796,88,184720
-80.39277392865687,59,184779
-139.36907083126073,75,184854
-252.08373275377917,74,184928
-147.91996149685448,93,185021
-91.79364705855234,80,185101
-86.90013314482925,72,185173
-59.190558077102615,60,185233
-261.10364999965725,94,185327
-311.2047004085137,103,185430
-399.355032641565,92,185522
-121.02889243043992,90,185612
-107.86637505680072,81,185693
-84.61577269383966,58,185751
-2.3495660071154134,76,185827
-94.55531844879674,79,185906
-78.80905653860192,119,186025
-116.7269734235141,107,186132
-208.4475036314847,81,186213
-94.65871699879925,138,186351
-398.3988094202882,92,186443
-439.59545666451135,112,186555
-63.400949613099385,80,186635
-247.22706496232067,85,186720
-240.3152647703001,81,186801
25.759688232564685,89,186890
-192.83161041000977,120,187010
-262.05742331314946,103,187113
-197.42486693461973,81,187194
-161.58253824662052,115,187309
-371.21141435534304,119,187428
-70.47580480406927,67,187495
-202.57787782248772,133,187628
-121.38465948047912,75,187703
-179.7908828479302,89,187792
-311.8215497052848,80,187872
-175.20092911077316,88,187960
-181.3000601043953,103,188063
-75.3847827146869,76,188139
-81.09889083296059,103,188242
-349.4694768499003,98,188340
-91.43250215349539,63,188403
-112.07078574936816,86,188489
-115.92698837690276,66,188555
-83.40774850594183,68,188623
-254.01802408346697,98,188721
-91.85923158751703,60,188781
-279.0048818053621,136,188917
-113.44793455625785,106,189023
-376.191604092167,125,189148
-66.89938371578793,61,189209
-128.9899840151804,100,189309
-264.29461586422815,101,189410
-186.57585065880212,64,189474
-143.62126488732667,132,189606
-81.80020251644838,69,189675
-112.30218141342829,75,189750
-72.2685838746171,69,189819
-110.70049013487397,109,189928
-113.60252012346287,78,190006
-411.2658429268156,99,190105
-104.10598321158962,67,190172
-94.46496689363133,88,190260
-291.9142788617601,103,190363
-169.30633322674066,94,190457
-343.71537176668323,87,190544
-371.4701871893264,108,190652
-379.04734617666554,82,190734
-88.9114651071924,73,190807
-124.94841893115648,79,190886
-254.79571892218016,93,190979
-139.1249161547871,88,191067
-223.25534649114076,100,191167
-165.12738715772008,122,191289
-291.768583423298,111,191400
-107.67068254222147,135,191535
-303.1190006130582,94,191629
1.80435924811637,113,191742
-228.59834263412355,95,191837
-379.82249566797793,78,191915
-113.68515971878047,89,192004
-69.0570713470413,89,192093
-103.70428019492712,87,192180
-123.41067564199984,88,192268
-308.27642604615164,88,192356
-86.98487480553433,71,192427
-90.69625729345037,61,192488
-97.0041421755925,100,192588
-107.3878573088995,73,192661
-86.78302577433452,70,192731
-116.2489214240224,101,192832
-233.55262877467644,90,192922
-185.85433762833074,108,193030
-125.0266914578157,91,193121
-263.00210107967655,67,193188
-86.09008548897863,66,193254
-99.31336268570425,89,193343
-185.65685543218945,72,193415
-97.93590586400174,80,193495
-69.15661581216818,92,193587
-99.96296585368052,75,193662
-346.0149721466687,89,193751
-407.4204968071849,111,193862
-145.79698343957864,95,193957
-378.0310430337626,90,194047
-147.36333374506074,99,194146
-114.95634702295784,119,194265
-132.9091510105631,106,194371
-88.92508983066004,106,194477
-106.95111912788057,108,194585
-374.56029431768184,99,194684
-140.1308372779594,71,194755
44.921625604266495,97,194852
-348.6279782691648,95,194947
-131.57369815411533,94,195041
-95.77950738705732,61,195102
-282.0591169600722,103,195205
-82.03983229683419,75,195280
-305.67603783854906,139,195419
-261.6347703871628,123,195542
-126.70561651111946,61,195603
-361.9025118751004,90,195693
-308.18124845034754,94,195787
-92.59278597404835,95,195882
-186.7646075463046,91,195973
-129.4080072200469,82,196055
-56.71375574699648,60,196115
-287.58280541939473,94,196209
-308.6101255012737,72,196281
-419.76666498299807,98,196379
-255.71618771374276,106,196485
-443.3677719326812,108,196593
-216.42220607375205,108,196701
-181.44361075563194,110,196811
-202.51957028433932,83,196894
-50.62225276341792,115,197009
-357.4234610436413,89,197098
-226.3001336605353,95,197193
-176.15704200464276,72,197265
-74.78790210321351,54,197319
-86.85000583263627,76,197395
-129.91345551146324,106,197501
-164.28287016702777,125,197626
-323.27185833682796,105,197731
-132.21014308408647,86,197817
-66.06039564321794,134,197951
-397.842436631497,80,198031
-244.67806236811873,114,198145
-128.36258187533068,95,198240
-105.47986835866936,96,198336
-75.34946295081204,82,198418
-302.52840580190133,86,198504
-78.44788001982309,70,198574
-81.68786137459067,64,198638
-384.5076068605094,80,198718
-385.4519476066893,134,198852
-194.3972347994105,126,198978
-441.7632033399795,97,199075
-52.075757268933955,64,199139
-96.09503304571292,61,199200
-282.67575472369583,97,199297
-132.8267356937509,116,199413
-271.872230491356,88,199501
-240.64318505544628,119,199620
-107.27459702603144,70,199690
-118.6213359581607,89,199779
-100.50766428946146,71,199850
-140.36633841634676,75,199925
-363.4939834701747,130,200055
-217.63135812285526,105,200160
-176.98283241388128,96,200256
-292.8614137693885,85,200341
-155.69727187870285,79,200420
-359.61018506556485,97,200517
-117.09107611097993,133,200650
-109.9571857191896,92,200742
-88.46222876378845,128,200870
-163.76138769623765,115,200985
-426.96844882917156,102,201087
-64.56739109151984,77,201164
-383.0163209874342,109,201273
-100.16091161952208,110,201383
-378.1562473139744,114,201497
-76.54652172914443,108,201605
-330.95119553322604,74,201679
-128.7080585207072,98,201777
-157.6324859547455,103,201880
-110.6154062720107,87,201967
-84.04234038464897,72,202039
-119.93613416544122,93,202132
-333.32871446424457,90,202222
-66.4909690349597,69,202291
-223.29947766136584,84,202375
-112.1663291333494,120,202495
-232.41250592907718,85,202580
-93.71384102342171,72,202652
-123.40905337501859,71,202723
-125.29857017967491,88,202811
-131.6894189858392,135,202946
-601.3440865315108,110,203056
-335.9536766825904,81,203137
-353.1667257137954,117,203254
-90.6144248638407,61,203315
-304.1792017925171,89,203404
13.266515213424654,65,203469
-22.42558125243316,82,203551
-73.33909251967395,64,203615
-58.011644582071256,67,203682
-98.93446123859204,78,203760
-98.85600041974756,89,203849
-107.92144918899085,60,203909
-203.6365508173308,79,203988
-390.12167239161795,88,204076
-182.03640287824626,77,204153
-124.71248066450174,87,204240
-117.1443322873498,67,204307
-85.2612312594315,82,204389
20.799857885407206,100,204489
-147.40352792975557,80,204569
-134.3463536997409,82,204651
-78.6789425246933,106,204757
-85.30358729986898,79,204836
-193.37025915962153,121,204957
-121.25185759855998,55,205012
-319.71063824894355,75,205087
-442.32853440113246,118,205205
-211.34434936468654,118,205323
-213.60278975841243,120,205443
-121.68802895654137,96,205539
-386.22160848881197,90,205629
-181.95942817967227,60,205689
-258.938509219255,119,205808
-95.23849834338073,126,205934
-293.72105253899485,118,206052
-233.0144738228541,80,206132
-301.2500127219351,96,206228
-199.58754936553782,79,206307
-185.32537663307454,92,206399
-345.75514450099365,90,206489
-446.92597005170165,106,206595
-68.95156247750958,81,206676
-200.91805687134755,96,206772
63.46970226072861,79,206851
-282.23543373695503,75,206926
-263.89427326249603,99,207025
-72.74092375920904,74,207099
-89.90217108835387,62,207161
-170.7048341011067,97,207258
-370.5328906944297,120,207378
-488.798378860686,95,207473
-509.36237316230876,124,207597
-99.85633098342055,92,207689
-318.1252316766339,107,207796
-109.12907118059198,113,207909
-101.3929350460623,77,207986
-235.88278269034353,105,208091
-45.3595781858874,91,208182
-238.12551016453355,102,208284
-77.90745799298251,67,208351
-115.71966933278728,92,208443
-280.1626269942663,105,208548
-88.98681198451268,103,208651
-269.85567255835116,99,208750
-86.53702735623207,79,208829
-76.25346213081664,69,208898
-208.17645486227718,70,208968
-45.86755523196581,98,209066
-87.85770880403753,114,209180
44.98986984139876,100,209280
-237.0931590822964,131,209411
-409.9310000457382,94,209505
-80.26587793352087,73,209578
-76.05477910698158,63,209641
-144.83337420761848,126,209767
-104.03920360600408,81,209848
-184.69231581155185,100,209948
-70.54156471031698,61,210009
-101.84727693179275,89,210098
-390.43418870917964,94,210192
-131.9680898570475,89,210281
-160.77568478132997,86,210367
-279.3840135499647,81,210448
-103.91955295658424,124,210572
-84.18099816670704,65,210637
-86.28969645347627,82,210719
-340.72096640659913,117,210836
-153.37485933359946,100,210936
-138.4415670088401,123,211059
-149.96753184472874,101,211160
-286.27931995796376,76,211236
-88.40791463030712,87,211323
-124.15861919562818,67,211390
-136.3919997110167,100,211490
-141.5567488939251,101,211591
-94.28184605476606,66,211657
-115.1995677746132,54,211711
-210.03437314720645,118,211829
-336.2109475366885,97,211926
-317.82964757199454,94,212020
-94.22622917621837,78,212098
-136.02321032644556,90,212188
-227.8511627694945,101,212289
-363.355905971414,144,212433
-92.57328753522158,91,212524
-234.26006679361578,74,212598
-111.30409550127936,93,212691
-249.03469243387937,109,212800
-239.85689253445153,106,212906
-211.6724092413367,93,212999
-205.03022446730745,112,213111
-335.10666725527506,105,213216
-111.6584423344863,69,213285
-219.2746957405472,118,213403
-152.3983676918723,85,213488
-245.81364324720388,91,213579
-135.94719817687638,62,213641
-100.05002821925908,125,213766
-145.9124211751464,101,213867
-117.15709217641984,65,213932
-92.14949073181597,83,214015
-188.0902155340525,84,214099
-173.29176056164417,128,214227
-346.12332261742404,73,214300
-216.4943486474545,90,214390
-269.5719912737644,94,214484
-249.37040526575606,94,214578
-111.94851698197704,74,214652
-319.8605132128564,109,214761
-116.81633990127727,83,214844
-162.4829365210681,85,214929
-107.21534985469566,72,215001
-112.04348656808489,105,215106
-108.85814257160322,84,215190
-122.8442669343078,77,215267
-145.15744222212447,91,215358
-110.5592943281192,105,215463
-98.35919712688448,59,215522
-309.511684798183,96,215618
-182.71677040812895,109,215727
-444.5276250270489,114,215841
-191.25508036121465,85,215926
-327.9700227574625,92,216018
-226.3887800247167,114,216132
-373.34988733599425,95,216227
-134.25998638757082,116,216343
-76.3856740801238,74,216417
-291.7884282154648,105,216522
-167.720697450851,87,216609
-66.56428552805093,118,216727
-84.46127118681457,65,216792
-86.33804922011836,60,216852
-236.32302091420462,82,216934
-104.58111881423183,105,217039
-125.32400529736537,84,217123
-123.53711607348743,68,217191
2.592160942881577,123,217314
-48.86361964512042,124,217438
-60.331198921227,112,217550
-82.33923946810684,83,217633
-427.2003777953349,108,217741
-87.50016737485284,60,217801
-113.5693840508702,67,217868
-89.72111282706061,75,217943
-80.50247822005448,84,218027
-58.55072034784611,79,218106
-117.13570162090693,105,218211
-326.5408854377142,86,218297
-196.66789284603743,96,218393
-160.39963876852616,114,218507
-217.89911764302585,71,218578
-122.93427101734922,74,218652
-148.42707418921913,89,218741
-160.243575473956,117,218858
-347.5985772729315,112,218970
-321.87998732520066,123,219093
-99.04030272206825,103,219196
-153.20646921543639,81,219277
-365.9593757569208,93,219370
-171.20484476302937,66,219436
-232.3286869342296,127,219563
-106.61482365371317,104,219667
-300.3886570447306,105,219772
-138.47854340527294,87,219859
-138.45646290090968,75,219934
-317.6852214533192,100,220034
-54.35836118340141,81,220115
-310.59535491093465,73,220188
-79.81783136610846,66,220254
-384.98814798295217,133,220387
-202.12717932210612,114,220501
-264.375991304062,86,220587
-92.37505658951494,65,220652
-79.43381334153273,89,220741
-95.73654944396651,74,220815
-103.90064753267802,59,220874
-406.30046010731536,73,220947
-93.70720733849592,93,221040
-80.306170681939,64,221104
-79.44469997744463,120,221224
-130.61108000505322,70,221294
20.681347624065396,72,221366
-120.3171707266184,66,221432
-323.8821184588577,100,221532
-123.24829641832025,122,221654
-124.95834393967826,88,221742
-295.20579523771585,93,221835
-24.511745382778997,130,221965
-111.46921485269976,89,222054
-492.39246618827093,106,222160
-86.12314888977227,122,222282
-97.32156449786471,102,222384
-238.182731592597,87,222471
-172.69070833719888,113,222584
-159.96293259849534,72,222656
-395.55140190720175,104,222760
-90.7265218149207,105,222865
-138.37733121887797,74,222939
-66.7003725150055,63,223002
-111.65544706782131,119,223121
-176.01420463674688,114,223235
-241.3006816642192,99,223334
-85.34587699756771,96,223430
-423.23037881279873,87,223517
-118.53609686715994,113,223630
-115.24673247214639,76,223706
-122.87411210047487,80,223786
-156.94322467016994,70,223856
-84.90419820456216,98,223954
-280.33186758954787,130,224084
-109.78225772152616,69,224153
-257.08735258258264,68,224221
-190.61699586416972,103,224324
-96.729984041016,88,224412
-107.69592609032848,66,224478
-141.7800200192047,93,224571
-92.00862781032731,68,224639
-215.68162951349058,116,224755
-101.55505714258366,63,224818
35.81074821898423,90,224908
-154.4388259675644,79,224987
-117.95169492766212,125,225112
-152.4606027239898,73,225185
-204.41908487978367,99,225284
-80.26313812306081,58,225342
-214.03410998199809,75,225417
-404.95839641316724,92,225509
-202.59180284004037,125,225634
-156.4723265712878,114,225748
-194.86137065665923,102,225850
-111.19875870976564,120,225970
-52.47339007747178,101,226071
-118.00764121384637,94,226165
-318.7442399027651,94,226259
-75.2148611130109,148,226407
-8.89880922578375,128,226535
-71.82372591030605,57,226592
-228.13162113553224,99,226691
-195.74182456761434,65,226756
-245.50753511546827,89,226845
-95.40329717508985,81,226926
-187.844325768221,100,227026
-56.97040550474608,58,227084
-264.6329092541323,117,227201
-277.9062213205128,98,227299
-150.2596024610246,73,227372
-187.22676906736842,81,227453
-285.27007310835984,104,227557
-441.685858553213,110,227667
-212.61073461896564,151,227818
-125.73873967838534,65,227883
-78.4941009197862,69,227952
-179.89735930531077,86,228038
-81.04666620910555,66,228104
-80.26911196063995,67,228171
-25.371969897020918,108,228279
-162.95317467892795,102,228381
-262.81261376334027,124,228505
-112.23015858879569,130,228635
-172.27520063311732,77,228712
-67.70667353105372,75,228787
-113.95702481706974,88,228875
-92.87621302226515,68,228943
-66.4907635319282,69,229012
-111.49903145785605,129,229141
-79.30801986462093,87,229228
-69.25980688012282,67,229295
-123.53408001797143,67,229362
-303.9455346520831,81,229443
-97.31398754000014,63,229506
-70.64707872135378,65,229571
-249.02519850290952,78,229649
-103.59940632343816,90,229739
-339.2335169075483,92,229831
-117.90350216001826,113,229944
-353.44631703351786,126,230070
-161.10115044714934,134,230204
-70.84817846039914,62,230266
-183.57467480775227,92,230358
-331.9871626578033,93,230451
-222.81396690399563,60,230511
-92.57821441015416,68,230579
-181.56438554662589,111,230690
-114.3075976112861,86,230776
-219.00281656890604,68,230844
-363.1060334002096,103,230947
-98.92238144330382,64,231011
-122.32920229677353,67,231078
-325.5492527787094,86,231164
-341.4119550173436,87,231251
-362.90926352879734,95,231346
-90.878523895071,85,231431
-258.7713322456025,96,231527
-67.06596252968777,69,231596
12.816429386005836,83,231679
-96.00894996898144,136,231815
-107.78730565156577,93,231908
-298.56071610199166,74,231982
-95.51162971451183,76,232058
-270.38429862121495,109,232167
-407.73271434776217,116,232283
-103.64242046302758,92,232375
-269.1989877612514,101,232476
-239.89274156856666,90,232566
-68.87559179870514,70,232636
-274.7228506690685,92,232728
-89.21733859746936,94,232822
-297.35275930762344,96,232918
-150.17075120718619,63,232981
-537.92762255478,95,233076
-96.57947513098307,63,233139
-364.97146450220885,105,233244
-85.10643066574883,61,233305
-27.092779564540294,74,233379
-138.7708572086007,78,233457
-129.32530617596365,100,233557
-312.85206369284305,111,233668
-98.10364329943253,71,233739
-111.24378689012562,80,233819
-322.59945046520795,136,233955
-303.9522938517757,102,234057
-121.04016272784214,103,234160
-533.0169707069176,126,234286
-84.02188912897087,86,234372
-120.97106140227223,112,234484
-117.7845956616423,106,234590
-76.3367329170989,111,234701
-152.26448790219717,64,234765
-119.57856509703184,88,234853
-239.05509372165326,112,234965
-73.77456308443402,66,235031
-159.64036249213672,65,235096
-131.80586364629585,82,235178
-174.8653356914946,101,235279
-95.49007240403559,64,235343
-127.0968360666743,115,235458
-133.30821800851976,71,235529
-116.71691856731728,76,235605
-163.42150309125515,94,235699
-125.064691032262,95,235794
-59.45486336432483,66,235860
-338.78715965845754,112,235972
-111.07962962466048,82,236054
-253.08649758800448,113,236167
-288.8380277944266,116,236283
-295.86471162458395,124,236407
-64.93062983821922,76,236483
-128.74347438328454,87,236570
-150.42368621708783,101,236671
-217.00142095931972,99,236770
-259.96299327580914,67,236837
-82.90259428178152,92,236929
-61.31802474871193,67,236996
-64.70026878429722,64,237060
-241.06254127951897,103,237163
-109.4162720465675,152,237315
-215.4960177073766,119,237434
-92.80306949208551,65,237499
-142.67278767461787,64,237563
-269.4946474290658,89,237652
-311.9050228903037,106,237758
-65.63731742682944,115,237873
-176.98499838242228,72,237945
-381.0172441291538,103,238048
-299.72242991605026,90,238138
-74.12001098262915,60,238198
-114.88245944268783,145,238343
-220.21536195334983,138,238481
-54.18795968799117,116,238597
-201.3407812519895,56,238653
-102.97129290788736,79,238732
-116.65403473166101,83,238815
-193.9893624633806,80,238895
-128.90475463586853,88,238983
71.47735542957072,1000,239983
-192.78366662098952,89,240072
-259.9224518085545,110,240182
-296.09929060629844,87,240269
-265.91163415229573,83,240352
-557.4423301380409,109,240461
-139.93639564373922,65,240526
-165.40159715048966,60,240586
-269.84191110550006,126,240712
-203.45598191625237,105,240817
-102.30976540643404,81,240898
-154.23249407053515,128,241026
-10.194345057430567,104,241130
-49.40556974399169,60,241190
-89.37859582486017,79,241269
-228.97162049470973,103,241372
-374.1012014757285,112,241484
-283.2579376323762,105,241589
-80.81314508168579,78,241667
-82.0607632950305,64,241731
-120.85075661096378,119,241850
-204.77557444002093,65,241915
-68.55272498851478,79,241994
-134.6816168320783,76,242070
-211.21787577862096,70,242140
-107.41284592661876,68,242208
-553.1246014133874,108,242316
-258.50997132096194,107,242423
-70.73497964869256,59,242482
-298.6587364854171,114,242596
-89.93959574182966,71,242667
-150.16188112795234,129,242796
-136.12743953378137,80,242876
-392.4870200336199,83,242959
-97.2576651181323,79,243038
-84.281003295483,89,243127
-158.41755364229746,64,243191
-32.12922793053494,70,243261
-329.71071141875257,82,243343
-91.06816638397216,76,243419
-107.21459835429083,69,243488
-94.61576840956641,102,243590
-168.0927447436402,81,243671
-69.6665724959084,76,243747
-261.3800256355314,108,243855
-123.49409028414966,80,243935
-65.26106121927357,70,244005
-121.58918007083079,115,244120
-179.76962245367827,99,244219
-196.45909603107663,105,244324
-344.4806371655362,76,244400
-100.6470641418651,78,244478
-182.4597095100275,76,244554
-134.2999070202817,120,244674
-464.59618077974716,107,244781
-159.17551061772554,111,244892
-196.68542591017967,64,244956
-93.09741072557821,94,245050
-59.38508779058372,68,245118
-77.9569125819709,72,245190
-117.11559280739806,85,245275
-118.90595640043038,92,245367
-70.85185411530864,69,245436
-42.237009814490406,82,245518
-192.08180532986822,57,245575
-248.11759086131417,131,245706
-339.2673373638859,90,245796
-78.15022368169272,101,245897
-398.32090427070716,87,245984
-144.23199056507707,77,246061
-90.0575482951396,67,246128
-248.73401682601016,85,246213
-71.74885066393973,88,246301
-189.0066734453951,62,246363
-232.50804451450466,89,246452
-86.3721871525415,77,246529
-201.813311804811,97,246626
-460.2989337224414,94,246720
-91.54437537258742,68,246788
-109.499758027583,133,246921
-288.70344328155613,102,247023
-143.2609076974414,84,247107
-203.25385731894156,79,247186
-113.09834773228721,116,247302
-304.5698302186268,134,247436
-166.30940606482835,62,247498
-232.67415816678013,123,247621
-247.06039360384344,102,247723
-131.84945850075033,88,247811
-405.23848093722916,125,247936
-109.15009324853551,70,248006
-144.422492861243,120,248126
-106.08592058019866,97,248223
-84.0159295435029,68,248291
-380.5681574194746,108,248399
-126.22865168180311,118,248517
-342.7211177600308,99,248616
-389.5375740558734,91,248707
-50.39845720455463,76,248783
-212.05014942329856,66,248849
-103.122246420486,79,248928
-467.2808995903743,84,249012
-309.5404168510697,97,249109
-338.2334016080751,104,249213
-82.88001437853211,61,249274
-69.82294865342642,64,249338
-213.20515675575604,86,249424
-165.03887655115454,97,249521
-152.98316046461906,87,249608
-125.76441771207865,99,249707
-283.74996478734477,146,249853
-226.95641951671482,113,249966
-51.52316458329503,153,250119
-122.4336614403983,124,250243
-435.93777678568847,116,250359
-144.68998251288915,81,250440
-252.28040113446073,75,250515
-87.64316084944664,66,250581
-94.78172943175217,65,250646
-453.59143254333065,98,250744
-278.2792345218537,99,250843
-299.72741789125405,94,250937
-455.8058665040426,97,251034
-109.1267910044424,69,251103
-373.3674603310342,90,251193
-315.3011553825372,122,251315
-149.00140991374485,100,251415
-231.3154526967549,129,251544
-210.87281302158098,103,251647
-314.7742914933215,112,251759
-83.48168997848077,65,251824
-79.71406805129041,79,251903
-135.09208232396807,74,251977
-371.5173611349413,114,252091
-281.4319262220207,115,252206
-238.01312233868438,60,252266
-385.1622247874667,112,252378
-3.5825273926690357,97,252475
-296.1413486023168,97,252572
-263.9024495281725,95,252667
-111.27459525767378,78,252745
28.35628923192354,103,252848
-350.0208493330411,73,252921
-99.91281544160063,74,252995
-256.301033134104,94,253089
-104.41794659152238,79,253168
-123.64335970629891,71,253239
-93.01682068329187,130,253369
-91.9785701787714,70,253439
-131.66419160529065,100,253539
-107.65896514111294,85,253624
-104.4307941023788,87,253711
-70.44767690036693,65,253776
-99.94060457946352,72,253848
-321.5728021693163,89,253937
-170.34391349013953,82,254019
-153.28965300324404,81,254100
-532.6350025794309,105,254205
-188.55649014659656,103,254308
-225.85612935033657,63,254371
-81.15389476708553,73,254444
-399.6210460159962,90,254534
-100.92411511350292,112,254646
-75.46886062190563,106,254752
-94.05106040818251,75,254827
-266.63529920230644,113,254940
-99.42189207129765,63,255003
-87.12984497736764,90,255093
-56.99193694668889,83,255176
-99.01831127533029,73,255249
-141.5804370180545,116,255365
-269.1260822702183,98,255463
-98.63957032064616,63,255526
-344.6523860237443,147,255673
-71.51975073800585,63,255736
-255.45144946569783,89,255825
-94.24170001239253,70,255895
-421.86677091111403,109,256004
-430.94770147652025,109,256113
-236.714198792828,97,256210
-343.372797064055,102,256312
-189.7884411309879,124,256436
-316.5715126236816,107,256543
-221.95991327999343,63,256606
-119.39279382548345,86,256692
-53.57155197869341,63,256755
-233.0150862180558,116,256871
-162.8240376506994,97,256968
-77.23850532184917,68,257036
-114.9159641962183,92,257128
-77.68491072067732,69,257197
-162.52367183335429,108,257305
-94.8300509097636,68,257373
-110.59351071329701,107,257480
-104.57163374652596,72,257552
-168.33130429867643,119,257671
-198.74906084736938,95,257766
-237.4403197364662,82,257848
-287.69343444695784,113,257961
-156.58458837917175,56,258017
-359.6354492312903,88,258105
-197.98475711229025,82,258187
-203.19892966796107,103,258290
-126.76697085853874,73,258363
-1.9993612252508939,89,258452
-334.10647604452265,85,258537
-347.99795622937535,92,258629
-209.6714486215717,88,258717
-84.2970202794952,63,258780
-100.87696280520643,84,258864
-151.6267245470874,87,258951
-109.0577194386136,100,259051
-130.91873704195433,101,259152
-97.95872274380163,104,259256
-74.68896518289753,75,259331
-126.32666509720731,83,259414
-60.763917887173235,78,259492
-208.6378135805718,115,259607
-97.995037142452,76,259683
-111.69823018374586,116,259799
-140.13121292350758,89,259888
-325.8280183543893,88,259976
-108.18151201607833,101,260077
-304.9620497917265,101,260178
-369.304958811279,93,260271
-83.5115422363988,67,260338
-55.44462783590713,87,260425
-428.7875712247859,77,260502
-218.8333782423456,75,260577
-71.35665339878689,67,260644
-96.54119017013768,125,260769
-229.02637038445388,115,260884
-110.90302910350547,103,260987
-409.73479255760407,96,261083
-102.70378808761384,86,261169
-86.44505447814849,84,261253
-170.6479857067011,124,261377
-203.38807566620102,64,261441
-72.84843510136477,64,261505
-79.97164334820084,71,261576
-224.53778570784195,89,261665
-152.76161863184063,88,261753
-98.30976113605051,66,261819
-193.85462905821404,98,261917
-129.04425973195652,71,261988
-78.583657497676,74,262062
-340.41955299363605,110,262172
-116.88593510498403,65,262237
-148.04310442423275,73,262310
-281.3791191025713,87,262397
-37.48198180404147,118,262515
-85.57362187981269,77,262592
-343.1007501750115,98,262690
-193.84165051215535,121,262811
-422.90891024755734,109,262920
-104.11218675454877,90,263010
-148.0122910900689,137,263147
-204.5298800686678,134,263281
-119.50305755571182,75,263356
-95.50699558762231,132,263488
-319.1681627071227,100,263588
-128.5905230104561,98,263686
-108.88680609275532,102,263788
-60.363529507130814,121,263909
-98.60230469253234,58,263967
-87.35253325110588,75,264042
-296.378325310292,85,264127
-224.6916525765593,81,264208
-160.187085713668,94,264302
-199.1345352420673,69,264371
-224.9846245261063,129,264500
-149.5102944589263,107,264607
-144.98165061614523,116,264723
-102.67532093222442,69,264792
-109.53844269643272,74,264866
-134.49800391330484,71,264937
-106.1434299740097,64,265001
-134.16782361644655,92,265093
-77.8726918062334,68,265161
-100.69978156237906,73,265234
-106.41578213069424,61,265295
-150.6782742271943,109,265404
-391.904065865303,86,265490
-82.66297852122067,92,265582
-406.5061672614018,81,265663
-247.12203204981643,89,265752
-213.0487606258946,79,265831
-131.54170781950785,100,265931
-124.30887468174774,103,266034
-189.7285603366469,116,266150
-69.58795581005012,70,266220
-65.58089868369407,83,266303
-403.4326829988212,108,266411
-77.70794475285345,84,266495
-185.16980638740262,90,266585
-406.90053952243784,85,266670
-121.16663215140903,66,266736
-401.7663559460992,102,266838
-441.9512910251635,109,266947
-298.4576443032908,96,267043
-381.68081072180473,92,267135
-196.7740097030788,96,267231
-114.8091130444895,113,267344
-262.7254238760459,96,267440
-443.7522197248129,105,267545
-232.2903070839105,133,267678
-295.7058000540351,134,267812
-127.34530880473737,122,267934
-147.61204401140543,91,268025
-75.95740541879704,68,268093
-88.08216476392523,93,268186
-207.08468647519163,117,268303
-140.6904441879642,74,268377
-147.96864080640006,121,268498
-120.04062068833866,59,268557
-106.61011211430039,54,268611
-126.77897935135478,129,268740
-105.98859205599557,64,268804
-251.58827514411468,91,268895
-212.02047188440747,66,268961
-158.97704920016895,103,269064
-132.66052572447612,93,269157
-37.16951633426247,96,269253
-87.26400064570171,82,269335
-66.09367390521024,93,269428
-69.11566955751272,73,269501
-76.3407902433367,80,269581
-372.1641955777922,105,269686
-102.04745036881381,120,269806
-511.32406229339625,104,269910
-351.9464585022595,79,269989
-241.1393072819186,77,270066
-77.30339187821974,93,270159
-451.7999625056098,84,270243
-106.11847870762695,109,270352
-94.43636448471194,63,270415
-103.07935129738124,64,270479
-105.34078142726575,117,270596
-246.4378030399678,103,270699
-254.82809637579945,93,270792
-151.83762304718024,116,270908
-108.91838480522055,61,270969
-150.20853621995215,75,271044
-287.349368317866,136,271180
-90.07677590063977,122,271302
-129.6120062293797,65,271367
-130.55531049184006,95,271462
-356.1086679755279,89,271551
-79.30357886656111,123,271674
-68.14925835954193,68,271742
-62.120200936801986,65,271807
-168.38427246971148,69,271876
-89.59005471428144,83,271959
-82.631938075086,74,272033
-154.706305450041,114,272147
-333.0014110700259,106,272253
-309.1243151366857,97,272350
-190.2310841535978,84,272434
-72.39530914485167,86,272520
-226.57307515868737,90,272610
-111.64927185849555,65,272675
-251.1705086207109,132,272807
-292.7046609895745,130,272937
-415.8760868741336,85,273022
-214.99142648838898,103,273125
-114.55854647410197,129,273254
-410.2374542864621,81,273335
46.35141870420321,88,273423
-114.57558105289934,78,273501
-152.5190168822121,65,273566
-183.4828999783286,60,273626
-200.82415900111624,96,273722
-219.50042374985986,140,273862
-194.88530545655107,119,273981
-189.41588798278826,102,274083
-141.80336140428278,97,274180
-147.35827814919037,64,274244
-150.12303800521076,82,274326
-162.94297390531045,101,274427
-173.40187327754887,85,274512
-141.4998879390475,71,274583
-139.96925375804017,96,274679
-157.49354146958447,59,274738
-123.88963368983318,104,274842
-361.196549612217,95,274937
-93.80580222028298,115,275052
-66.36395521294526,71,275123
-81.337140323782,104,275227
-143.13516279608305,151,275378
-352.906676265094,123,275501
-214.33189421808214,83,275584
-104.09510994159929,78,275662
-68.26295755985844,80,275742
-516.4506540674355,92,275834
-310.2118544050385,95,275929
-154.51179287597697,115,276044
-153.30248314260785,89,276133
-150.80043019596894,117,276250
-184.5508275738801,102,276352
-204.17523677332076,107,276459
-100.54934229517332,71,276530
-117.86099241073487,128,276658
-295.5658484899338,109,276767
-156.7085123244795,109,276876
-362.04225033486244,98,276974
-546.5621202035557,164,277138
-171.33350231059822,137,277275
-274.20604131916576,99,277374
-128.4713117377829,80,277454
-93.20818636686454,77,277531
-100.72720666396557,62,277593
-282.4202157554904,87,277680
-60.56937176948831,65,277745
-191.82181984333215,89,277834
-236.3177141719772,85,277919
-88.88403680038792,82,278001
-228.89480041165734,89,278090
-115.16803996391569,69,278159
-214.96580959007358,76,278235
-339.29418555362713,129,278364
-113.85466797429106,72,278436
-30.96394988110366,104,278540
-81.40132221386943,74,278614
-121.19327344336779,64,278678
-504.93818560991076,101,278779
-100.70843026758342,113,278892
-110.4879451404058,70,278962
-243.28991015385898,101,279063
-108.62817509677183,81,279144
-301.4484927765856,68,279212
-445.54029616561024,111,279323
-306.41490175879494,83,279406
-268.85984968708254,84,279490
-130.20411941214795,123,279613
-174.0041573261302,122,279735
-282.35300238681737,89,279824
-126.56642866750411,79,279903
-139.64525832134422,94,279997
-123.67148396938377,72,280069
-235.51917224226557,109,280178
-85.07891300563058,67,280245
-211.24959077602122,93,280338
-77.03824266245701,63,280401
-272.4637903383914,95,280496
-106.83612838861336,65,280561
-77.49657635414763,75,280636
-137.4044124643228,76,280712
-98.02725827095058,70,280782
-235.85843239665348,103,280885
-346.79193428046733,118,281003
-230.19324785121975,92,281095
-194.33516468085344,124,281219
-119.10181038475078,82,281301
-119.62373039972472,108,281409
-534.8813333535062,139,281548
-138.89065494052807,95,281643
-274.26943556004454,100,281743
-137.7506962711397,111,281854
-199.2665047929747,74,281928
-195.65502249896508,80,282008
-209.4419651516381,112,282120
-358.80798548093014,108,282228
-129.4770944138449,123,282351
-120.17589145846019,92,282443
-350.9236999377765,81,282524
-124.06731645730538,89,282613
-106.35385759717467,82,282695
-91.5060487917754,75,282770
-285.0488529806914,109,282879
-93.66917208152478,71,282950
-58.06162006360975,120,283070
-257.73883802959335,103,283173
-356.62335083763605,91,283264
-87.43599942825979,66,283330
-127.07747989641342,94,283424
-208.4211644523484,82,283506
-200.17415221200255,99,283605
-243.5720483082534,108,283713
-165.3134472309793,128,283841
-116.45663938879747,97,283938
-121.15422792060248,73,284011
-175.4383240584629,92,284103
-261.1257031606947,102,284205
-238.42282945043561,65,284270
-216.46850969711357,74,284344
-73.04530205439264,116,284460
-129.32568518334716,94,284554
-261.7342380374,58,284612
-127.85738022884442,93,284705
-126.69738535614312,76,284781
-185.56169307878412,100,284881
-223.1084891112189,99,284980
-142.1431383450461,68,285048
-402.72346391129895,91,285139
-141.0646968312294,88,285227
-53.340507350454466,135,285362
-133.2515178833748,84,285446
-236.43279911581433,75,285521
-305.1795475592197,75,285596
-244.21793657046305,80,285676
-115.00971084941257,79,285755
-111.5147381178125,94,285849
-215.44776313892277,106,285955
-123.23788450702381,125,286080
-122.02988607091139,99,286179
-288.82901134805286,80,286259
-125.8548575035588,92,286351
-86.27159712791823,62,286413
-122.76900494857927,73,286486
-114.57708653595104,65,286551
-220.06525310525765,114,286665
-122.3784940141798,75,286740
-149.10214767627576,76,286816
-126.91299901036952,82,286898
-488.61601356700106,94,286992
-451.86305646502194,83,287075
-99.1734853102107,76,287151
-377.87627760444076,107,287258
-26.474781989774215,104,287362
-392.4779270307668,104,287466
-292.38589395975544,113,287579
-376.1918505113174,95,287674
-178.433769674423,101,287775
-130.48980447605427,74,287849
-91.33186030662185,70,287919
-121.46822881979455,115,288034
-57.05077439605024,68,288102
-71.78495022684781,134,288236
-391.9027397064511,92,288328
-123.79546569882358,91,288419
-302.89856499807286,86,288505
-239.33830738010852,85,288590
-176.84373176322688,64,288654
-101.04429003911397,65,288719
-198.44160751771062,99,288818
-215.90658959235543,97,288915
-118.18061091137096,99,289014
-269.76343485912776,93,289107
-82.05627530289155,71,289178
-183.1260167059191,71,289249
-267.42843728065344,101,289350
-128.77402074153875,124,289474
-384.31258937785725,103,289577
-142.10969549873684,98,289675
-153.9818655837789,120,289795
-122.92188481979649,81,289876
-352.7254219094961,89,289965
-113.84350299137506,111,290076
-183.80398235231573,86,290162
-116.31254770742828,72,290234
-148.312673247235,96,290330
-342.21551454749414,90,290420
-301.35392904980984,99,290519
-246.109868313525,106,290625
-206.72054099165638,78,290703
-120.83960710993848,104,290807
-315.7026577386374,114,290921
-326.92176085143694,108,291029
-96.68219999508636,57,291086
-233.3058587648775,73,291159
-247.52504328347933,74,291233
-114.97480549720285,75,291308
-159.14236496430573,173,291481
-76.64774315571148,60,291541
-127.38614841265783,69,291610
-108.31829859266587,64,291674
-174.93592045577083,69,291743
-218.9455008060369,110,291853
-85.44898955189615,70,291923
-409.331425744953,83,292006
-151.83414776829818,67,292073
-197.21197594876253,152,292225
-213.968504853188,66,292291
-436.7123323315227,116,292407
-225.90250530728989,56,292463
-325.35220009048135,92,292555
-113.4800994732589,100,292655
-93.8878305865732,83,292738
-270.0857578790294,113,292851
-229.72357368350907,61,292912
-151.2514607616647,68,292980
-166.2257767932997,104,293084
-163.58606447514853,78,293162
-133.6057309034125,89,293251
-189.1037052664633,106,293357
-460.334463379669,108,293465
-46.5460030967602,70,293535
-492.8451670716811,105,293640
-451.44891051020295,139,293779
-86.96691684763535,66,293845
-245.62542530108342,82,293927
-347.59759156540497,78,294005
-171.9425721797275,120,294125
-269.09583552493905,107,294232
-114.97925873338833,67,294299
-118.77151466204963,71,294370
-26.033226890067056,63,294433
-128.88560849929405,117,294550
-176.78249062091433,113,294663
-121.13098113129351,81,294744
-17.899589487361567,94,294838
-333.98891956164607,117,294955
-103.9463180282466,85,295040
-103.2687728825644,97,295137
-112.8850542500929,111,295248
-85.96514728212593,57,295305
-217.7292204070182,112,295417
-72.26881190489571,71,295488
-368.7113213626267,81,295569
-44.90765935816434,106,295675
-92.95959744631281,83,295758
-132.00435116171343,69,295827
-146.62999644943113,71,295898
-163.14998919056995,82,295980
-79.93574626822885,77,296057
-93.5864093376127,86,296143
-129.80750425541078,94,296237
-170.58502877024955,76,296313
-81.21120537925415,87,296400
-246.63512339148022,154,296554
-113.66647191099116,71,296625
-94.83466666531984,75,296700
-189.45893723181183,84,296784
-198.7044631252209,150,296934
-383.2674958479433,79,297013
-267.14905577353466,104,297117
-84.36480370545557,89,297206
-169.52668768631418,94,297300
-366.04760041508246,107,297407
-78.50107579479157,87,297494
-200.6021841298131,96,297590
-164.7725762295276,89,297679
-191.82215680784697,123,297802
-151.82216656384452,117,297919
-111.23591172275422,73,297992
-37.89459717709131,73,298065
-88.25711427979101,63,298128
-293.5372331419642,105,298233
-162.9319507538678,73,298306
-369.5941698072352,81,298387
-256.9942223047907,120,298507
-354.20172649691096,89,298596
-114.21119918749156,72,298668
-84.57358530297489,82,298750
-168.0846790744174,71,298821
-100.32334503073933,83,298904
-399.8583445562452,116,299020
-142.45672281624365,121,299141
-164.36709960940607,93,299234
-342.5133920389816,99,299333
-117.21749086750575,65,299398
-98.59768872650142,69,299467
-434.29485134436675,102,299569
-128.66183315123862,65,299634
-240.57032572979136,89,299723
-53.313910079640706,67,299790
-443.25983770436164,117,299907
-117.46818167724797,104,300011
-251.83471091648093,78,300089
-100.13358048938778,103,300192
-66.19333886592152,59,300251
-374.5909226687712,120,300371
-174.9966683386356,121,300492
-162.93936139419924,107,300599
-92.93503083785905,65,300664
-286.66637221302744,88,300752
-106.3476482150267,65,300817
-254.6585915107702,135,300952
-105.44291859831155,62,301014
-182.99796620041906,63,301077
-144.5948264751985,98,301175
-173.4006961237459,69,301244
-281.1697994134307,73,301317
-143.66643249590675,111,301428
-60.64862504990927,80,301508
-153.20304842320473,85,301593
-104.77190132370231,70,301663
-178.43958189349794,104,301767
-367.1096981646026,95,301862
-292.0558330427907,124,301986
-76.25708874273579,79,302065
-105.16285746940568,82,302147
-77.07246246477514,76,302223
-246.5921667775213,122,302345
-74.57969668502649,73,302418
-135.87477440254844,114,302532
-227.64537859562142,111,302643
-259.89583213215616,87,302730
-247.51858696348884,70,302800
-71.75369109756014,64,302864
-62.9528157476423,75,302939
-381.7330320511517,96,303035
-141.2411709619802,88,303123
-120.14618869023401,76,303199
-387.55958879874885,82,303281
-112.83639180558268,88,303369
-259.8025293123029,84,303453
-160.86628500437453,113,303566
24.527433091710662,120,303686
-77.16188438057769,84,303770
-373.4796495183676,116,303886
-111.79709611664052,82,303968
0.2691827998729224,115,304083
-296.33452438713397,70,304153
-411.1216377993577,108,304261
-128.07062832774156,72,304333
-84.339420833521,95,304428
-310.65340140873366,79,304507
-154.5329091279949,66,304573
-84.73543045507347,65,304638
-273.47450634040973,83,304721
-410.503597919953,126,304847
-402.5834074312195,103,304950
-527.6376025608954,92,305042
-89.34086136436144,84,305126
-442.9232065214698,87,305213
-97.82415706344396,110,305323
-114.0975620882545,76,305399
-437.70685212515957,107,305506
-183.07853205819248,112,305618
-241.0465733463566,130,305748
-81.12551017378219,77,305825
-340.75703697647003,95,305920
-47.63824477760974,65,305985
-159.1824546827546,73,306058
-134.84646965514617,82,306140
-309.9785587138664,98,306238
-321.9025864719059,86,306324
-109.3754204906403,61,306385
-445.83940167516465,93,306478
-356.88202814429127,110,306588
-290.0157115834787,89,306677
-322.89241238313633,99,306776
-110.21603858935836,68,306844
-76.65450520450119,57,306901
-249.9161928841506,75,306976
-437.93488726910743,109,307085
-111.89013934303853,89,307174
-281.71038990001927,93,307267
-128.80375643678337,80,307347
-109.25964524240082,68,307415
27.150192531796804,85,307500
-286.74916124169306,105,307605
-160.64655621103208,76,307681
-152.13753732685313,114,307795
-233.95114568475623,67,307862
-240.89203837848152,89,307951
-129.73007238119226,85,308036
-94.43273316684933,77,308113
-131.86291118149757,82,308195
-106.28492080448348,74,308269
-94.41939067595203,71,308340
-202.4236369903289,70,308410
-153.33660129693126,97,308507
-97.35886106401148,77,308584
-297.31375804104675,106,308690
-235.642793235685,83,308773
-354.1200249597789,98,308871
-171.51972935816428,65,308936
-100.45820836091826,89,309025
-87.92737491026566,76,309101
-174.70244111916958,130,309231
-209.7379424641503,111,309342
-366.46109480181644,100,309442
-99.8213466994069,108,309550
-77.5651188839106,70,309620
-349.8604826715268,117,309737
-200.10303406009004,69,309806
-270.4926775514093,85,309891
-67.78579319787642,63,309954
-114.75009670437157,68,310022
-119.60398691852006,57,310079
-322.1802690404143,102,310181
-79.81647352778512,82,310263
-87.93699829125062,108,310371
-103.57618945860193,67,310438
-139.20948508709472,92,310530
-135.8814407063311,72,310602
-21.518101426471716,103,310705
-139.90389934039166,102,310807
-107.2473106575652,78,310885
-139.89376369492868,85,310970
-389.55920668566716,104,311074
-256.2402890225717,114,311188
-189.41561773412135,130,311318
-104.5339879957877,68,311386
-78.49572740804284,104,311490
-93.75836234212734,96,311586
-132.84679013904065,75,311661
-82.05057922354014,66,311727
-305.5001643968779,117,311844
-215.0047001429975,111,311955
-94.21543062036362,59,312014
-70.2309052726259,67,312081
-200.94111510364644,115,312196
-124.71311039899803,94,312290
-76.35192584217009,79,312369
-242.04642350730452,71,312440
-273.80886503605063,105,312545
-135.06704130903722,99,312644
-230.02084130883014,86,312730
-484.5143672819973,90,312820
-443.32639138440953,78,312898
-106.26493074727088,89,312987
-108.29347943740086,93,313080
-92.55288142139302,95,313175
-110.29851416172552,93,313268
-50.84525011549651,78,313346
-107.04946364209388,94,313440
-208.29903042752483,116,313556
-56.236857569142856,111,313667
-140.48115071473356,86,313753
-55.28056118739818,62,313815
-142.2131035952847,104,313919
-225.7241220928917,66,313985
-277.4598464182182,74,314059
-294.72896836401367,115,314174
-257.2023879568778,92,314266
-341.7633547988009,79,314345
-300.198041907163,102,314447
-314.7300131108335,114,314561
-85.41122005898102,75,314636
-481.20468222796444,89,314725
-104.1086586579088,66,314791
-90.88567212688157,97,314888
-75.50295551138272,81,314969
-104.76571305535688,97,315066
-142.08808260905244,107,315173
-118.8538691812396,67,315240
-104.31945114727178,109,315349
-51.16340253296567,127,315476
-235.20920081173526,113,315589
-237.12230827443992,135,315724
-317.89942106345507,107,315831
-320.0828722571987,120,315951
-177.863644621351,67,316018
-141.41758144525932,112,316130
-114.52740570883914,78,316208
-78.28365456174701,85,316293
-67.7301332663023,71,316364
-214.98557621089572,85,316449
-113.08011366045884,121,316570
-141.5701710070116,125,316695
-292.6550170938996,137,316832
-37.45413723848891,82,316914
-112.10124423718901,70,316984
-58.45829628433039,66,317050
-26.88783167057892,110,317160
-246.14765549502215,101,317261
-240.63854302980766,122,317383
-67.08157076997736,65,317448
56.853390471881475,1000,318448
-166.30494475425337,82,318530
-187.49929360307266,98,318628
-149.688502408039,79,318707
-408.6684875969104,114,318821
-353.5353946493916,99,318920
-138.62712060114288,83,319003
-92.21675429581107,67,319070
-75.22007355294453,63,319133
-80.92029608669547,72,319205
-178.80614941990478,146,319351
-378.4479394540989,79,319430
-145.10649101475724,125,319555
-156.8423057503071,105,319660
-82.96968340948213,76,319736
-352.74590498309607,90,319826
-115.13038889157916,101,319927
-172.71013796530008,81,320008
-252.61333748202796,97,320105
-84.97231361404931,60,320165
-11.004692806078836,105,320270
-87.98792076747117,71,320341
-86.55899651792846,86,320427
-65.88192694851816,69,320496
-95.84324665747138,78,320574
-67.11344964919311,90,320664
-143.91495275895508,103,320767
-189.33819412854928,72,320839
-124.70277792049124,73,320912
-139.68113381156888,70,320982
-83.6436776567584,103,321085
-224.10312718722557,69,321154
-146.48009661372953,79,321233
-123.82884779495546,81,321314
-116.79823577328469,105,321419
-88.55401794028677,64,321483
-83.89956755137113,69,321552
-242.30172972387658,80,321632
-90.11027713846654,83,321715
-194.32254036506345,102,321817
-342.43058985250616,101,321918
-114.02515663762787,109,322027
-113.96180952660349,67,322094
-260.36677771410086,88,322182
-49.080309397277766,71,322253
-18.36873251604976,99,322352
-139.0599456218676,116,322468
-333.2570517720402,121,322589
-101.40438279834345,85,322674
-92.950321478903,89,322763
-98.15545627393404,87,322850
-150.3936638540538,67,322917
-428.98299470422484,81,322998
-127.96538577553272,102,323100
-111.9805462975397,101,323201
-124.81450636488313,86,323287
-189.06796535282348,125,323412
-78.27343867005018,74,323486
-159.96061957747352,91,323577
-141.42353275069559,98,323675
-88.78318900190251,105,323780
-178.85569873740673,99,323879
-91.70454963980839,68,323947
-120.944519124896,84,324031
-121.73448427755014,119,324150
-198.83818692175282,94,324244
-323.4725426955694,88,324332
-471.35064041231215,100,324432
-77.28625507130842,66,324498
-395.2158205534065,120,324618
-173.92393093867787,122,324740
-90.33148653767427,65,324805
-85.24511246819571,85,324890
-119.68764899586786,114,325004
-378.25446037312884,124,325128
-270.7684526993235,124,325252
-139.36612736784286,78,325330
-223.03942092238333,106,325436
-327.2283362402992,104,325540
-256.59680199791944,113,325653
-167.51833170635308,82,325735
-142.91933718547398,65,325800
-94.35636841900129,65,325865
-99.23356656864752,74,325939
-89.59769611726071,69,326008
-146.2228585503166,108,326116
-291.623750564773,133,326249
3.2294355378030417,84,326333
-386.9770903019342,110,326443
-144.05690977550896,93,326536
-369.4310621842558,111,326647
-83.66123026132267,81,326728
-142.80664426320166,116,326844
-127.18980974945197,85,326929
-139.62186610979478,68,326997
-222.76974163389718,75,327072
-394.49685717150913,97,327169
-126.76603838354785,114,327283
-181.4438012015034,77,327360
-88.17678604865809,77,327437
-68.05540000123109,76,327513
-144.88938738720822,95,327608
-143.51152139732775,96,327704
-282.54464147841804,95,327799
-236.99594552296873,102,327901
-486.31010193119135,112,328013
-107.35429929958349,104,328117
-88.53229361195766,127,328244
-60.64254233060528,66,328310
-232.2710887766301,83,328393
-206.34960313817743,105,328498
-143.270217918662,65,328563
-97.65311430328573,74,328637
-148.8181494067442,67,328704
-102.73543786084933,61,328765
-92.63132376024939,79,328844
-353.9512114358335,109,328953
-277.8199209614428,90,329043
-199.01645160731442,60,329103
-92.92275003217756,63,329166
-67.78242060406374,93,329259
-362.74718764479735,69,329328
-227.2347444495507,116,329444
-87.83524722610919,116,329560
-324.7361077467072,129,329689
-144.446824204145,69,329758
-272.30184388368474,77,329835
-108.46894862300366,65,329900
-194.87063417826988,68,329968
-48.76285760972195,99,330067
-102.39858641341101,85,330152
-332.6441533073436,101,330253
-92.37260882905504,114,330367
-440.9697760063953,108,330475
-209.59612676622254,86,330561
-93.84200578101098,94,330655
-66.5001148637729,59,330714
-345.53971434569803,89,330803
-148.86651008537095,103,330906
-156.42754057719992,58,330964
-94.75950808797401,101,331065
-93.92251278686103,97,331162
-110.34827545642268,110,331272
-115.99451323415008,83,331355
-79.53822547101262,64,331419
-103.71853833663597,82,331501
-192.1835400304891,85,331586
-299.84495641466003,94,331680
-244.25096691311873,141,331821
-242.80986211626328,98,331919
-114.57876049264871,91,332010
-441.665618992698,122,332132
-69.9190864688201,71,332203
-241.34956253438835,109,332312
-112.15488347726358,63,332375
-38.84322481650102,94,332469
-156.2770123223984,65,332534
-201.86936347994813,124,332658
-169.8437718041229,110,332768
-21.033435649517287,84,332852
-148.60353203792835,85,332937
-183.25371466524786,96,333033
-195.29921003246068,117,333150
-98.72833472143914,76,333226
-206.72289495187607,102,333328
-147.87096785460963,79,333407
-351.6564839859429,124,333531
-116.56769311645692,80,333611
-74.87553521747243,63,333674
-49.948241946126885,67,333741
-184.35777754954898,121,333862
-504.606452075526,103,333965
-311.5381918366595,85,334050
-31.099196459354715,84,334134
-134.6488684097261,65,334199
-80.06091717750077,104,334303
-154.39421011461326,113,334416
-169.26039482312183,102,334518
-279.59483745943936,101,334619
-189.3155569625044,61,334680
-203.10314030006185,77,334757
-105.0392830262728,72,334829
-40.734308388287275,65,334894
-228.7915418969201,108,335002
-319.63178645256227,69,335071
-174.25484192900058,114,335185
-204.8688679869748,93,335278
-251.16900811281155,73,335351
-286.1502249754527,118,335469
-110.11996503974524,65,335534
-146.4305541504809,137,335671
-106.85213926643819,86,335757
-97.09742574126633,80,335837
-146.83444621904164,74,335911
-227.86181115179338,77,335988
-63.40172609747911,64,336052
-478.6624228591344,91,336143
-333.6055808491867,85,336228
-184.41441648166779,100,336328
-125.9336068126276,104,336432
-52.79939461076111,68,336500
-152.6461093584278,87,336587
-179.84182981333538,116,336703
-94.72002118144397,77,336780
-158.2182841699779,104,336884
-84.11036826056306,82,336966
-118.22783856300774,107,337073
-413.36045830696344,110,337183
-201.8320846390564,108,337291
-413.8727247850124,86,337377
-75.10022514022586,93,337470
-120.20901193586678,73,337543
-152.90945575771036,110,337653
-221.94457141008996,74,337727
-230.97264478407845,122,337849
-236.3910793788087,112,337961
-77.79814932370073,94,338055
-329.380747024097,126,338181
-259.3069577880912,66,338247
-145.57205954852435,92,338339
-80.7624801474054,63,338402
-439.34207949724066,111,338513
-122.26623753323526,90,338603
-87.86684816903525,73,338676
-345.50157927147717,137,338813
-57.479722519531535,64,338877
-163.33798868170146,66,338943
-151.52023594658166,89,339032
-9.803175846161537,132,339164
-201.31867670767312,70,339234
-286.5117727027374,113,339347
-97.98645885935227,123,339470
-104.9986128421198,77,339547
-110.43989284589394,55,339602
-158.91892730079184,77,339679
-182.78195001509522,92,339771
-111.38864632407824,66,339837
-95.86301178288724,63,339900
-125.7099244546248,81,339981
-67.25617391633251,83,340064
-103.79109403979416,82,340146
-6.831410542838995,89,340235
-329.4108093702978,92,340327
-267.84804000232816,138,340465
-79.29577760368608,102,340567
-222.02163071200047,107,340674
-128.46842416734526,81,340755
-139.75876618027274,94,340849
-171.6280745352219,116,340965
-98.51497390654582,79,341044
-111.07811448198703,81,341125
-274.74464232427044,105,341230
-362.359822540626,106,341336
-316.6186902163625,104,341440
-196.6002654876812,100,341540
-434.59177113086105,138,341678
-113.97986627587944,61,341739
-110.1473497121467,82,341821
-130.9480977764162,71,341892
-96.33927451385053,71,341963
-77.08804152373163,67,342030
-52.89712070232997,74,342104
-90.10566994967739,69,342173
-136.5053918004532,100,342273
-25.77690470366143,72,342345
-253.52731343040776,108,342453
-120.35630864385737,87,342540
-256.7967836888912,86,342626
-216.37543217562154,104,342730
-136.39799564971358,95,342825
-109.39518377539184,87,342912
-165.19079881517095,125,343037
-108.19317405779029,72,343109
-109.54751484621457,62,343171
-105.25784282385425,93,343264
-173.63832029185988,94,343358
-147.56713387396485,100,343458
-91.82244411939152,65,343523
-247.90109472478866,107,343630
-327.0827401584391,73,343703
-102.83062310567809,68,343771
-164.33976953307013,75,343846
-504.7521384934039,120,343966
-91.97003515534635,103,344069
-162.6450393478824,82,344151
-278.81519368202646,117,344268
-8.700972163786119,109,344377
-100.99690403729358,121,344498
-179.2234723605253,113,344611
-414.0264962700079,101,344712
-121.55916104443762,131,344843
-208.36704800970412,93,344936
-78.57820766584484,71,345007
-210.85348824675873,81,345088
-284.9661931730989,101,345189
-76.01106983635454,65,345254
-138.45096725749846,98,345352
-103.22952771715143,82,345434
-97.7716457289454,79,345513
-289.106138754993,91,345604
-109.24154497688848,83,345687
-135.53799731358265,86,345773
-130.160985261385,128,345901
-348.7586444968301,103,346004
-547.7868817449219,83,346087
-164.05274022321277,59,346146
-126.86445799384563,90,346236
-102.8606757501594,113,346349
-123.95816478402239,72,346421
-114.6478923323372,98,346519
-109.31580084379488,70,346589
-54.059412515405086,65,346654
-253.12937854563341,109,346763
-226.1585247614841,67,346830
-197.33249306144472,81,346911
-86.0127256986197,71,346982
-392.54949946284495,96,347078
-267.30803995319695,112,347190
-75.5310126534243,75,347265
-212.25226178653872,98,347363
-114.30970695417469,91,347454
-212.4389425189428,102,347556
-175.0245532203487,95,347651
-149.6360244212537,91,347742
-274.9305763727751,85,347827
-253.9756530862996,104,347931
-117.93603502692255,99,348030
-166.48854835898192,91,348121
-164.87255511628814,82,348203
-88.32967786222135,62,348265
-82.73431665058692,66,348331
-419.36613953753834,109,348440
-45.28978451737038,87,348527
-95.90375346213702,118,348645
-168.38094694458692,107,348752
-128.57501145987732,87,348839
-180.81193339959222,63,348902
-236.43217803484876,89,348991
-163.51590618292136,79,349070
-153.1351896664028,89,349159
-98.17712575327715,97,349256
-165.1458450863014,93,349349
-49.61322040550725,106,349455
-88.63853449639602,61,349516
-192.3351544045184,96,349612
-140.40062028888062,80,349692
-84.94056341134765,75,349767
11.29735121266998,112,349879
-134.72113539880672,113,349992
-368.0208585734984,97,350089
-109.25194892003518,82,350171
-188.64598831246192,78,350249
-25.614540801076075,123,350372
-58.92661286482662,122,350494
-92.23729780701595,94,350588
-127.19085521274424,101,350689
-280.3746522540772,102,350791
-93.47031261571686,66,350857
-342.4407889643808,125,350982
-249.11620791133643,77,351059
-60.06999298897128,70,351129
-322.25888924042107,91,351220
-220.3575358705745,114,351334
-114.2471007352937,115,351449
-220.19903750352074,83,351532
-468.8270442125041,83,351615
-284.14830960100846,123,351738
-313.6874800198086,123,351861
-134.23028162206282,90,351951
-366.5128228158193,98,352049
-116.6347006773641,73,352122
-347.1205169941355,114,352236
-287.11726759657336,101,352337
-144.28379890147176,86,352423
-146.4571027562041,105,352528
-63.672056223681864,103,352631
-104.82766363692211,65,352696
-283.42233805049693,98,352794
-0.704954022804344,73,352867
-251.200180407523,105,352972
-119.85745699931087,92,353064
-102.54508920220094,71,353135
-11.50879618502556,136,353271
-381.3786634503086,97,353368
-123.36927280021123,97,353465
-87.45905587148587,63,353528
-323.1432537567282,103,353631
-108.49887428011323,110,353741
-192.82262391293062,71,353812
-283.5172745012685,97,353909
-123.42127768291682,95,354004
-181.53163911231292,60,354064
-96.88513613928507,125,354189
-334.59079372217263,99,354288
-218.63466942970467,78,354366
-129.8887414884236,90,354456
-102.72935306600084,84,354540
-231.7129060695238,95,354635
-396.3032130034542,94,354729
-81.50996698703753,82,354811
-140.98847801968748,107,354918
-106.42652494946516,70,354988
-109.43144416857011,80,355068
-157.22221324945454,110,355178
-175.1258682403968,91,355269
-180.8045000761521,61,355330
-41.54200790247263,68,355398
-409.8023096406734,95,355493
-83.01476649605031,73,355566
-42.86938305812696,75,355641
-107.27958182706907,138,355779
-184.56294849473687,95,355874
-248.69450750667477,77,355951
-148.76832295029013,66,356017
-278.77396920129945,89,356106
-109.66564884218124,71,356177
-104.48721171220205,85,356262
-99.80217278031334,90,356352
-421.7624420463925,113,356465
-1.3001583686214815,116,356581
-122.20691006369313,56,356637
-181.3695246195973,85,356722
-111.33841289077978,74,356796
-110.79845460625017,95,356891
-86.56319168596222,89,356980
-73.69344815196214,61,357041
-430.43985643019,100,357141
-105.48998967295779,98,357239
-166.81555033694173,115,357354
-317.1930003338748,94,357448
-399.9459168184979,85,357533
-81.36229855395939,83,357616
-319.59876185038684,77,357693
-215.68242453876505,66,357759
-447.2128459313399,86,357845
-427.338830015618,110,357955
-87.87717623171947,83,358038
-142.77863673605458,76,358114
-106.16977610817828,82,358196
-124.26132574088513,70,358266
-99.65085985343609,77,358343
-229.92090199287793,108,358451
-158.08816706659826,66,358517
-194.86066299839044,78,358595
-262.4032894427263,94,358689
-376.18016280031554,89,358778
-233.4015510515175,98,358876
-11.680634068810846,121,358997
-76.70333770185786,66,359063
-71.07464698662928,70,359133
-321.2310218809866,94,359227
-117.00981628482393,116,359343
-319.2704029642185,88,359431
-209.14717789924694,97,359528
-156.0005172795444,134,359662
-189.67296009452443,75,359737
-119.14258704680489,60,359797
-284.60675938814273,65,359862
-115.8645766170325,86,359948
-147.58038818650624,120,360068
-248.7310969150804,104,360172
-166.16381639386697,76,360248
-197.6704078239767,72,360320
-123.3409099728179,67,360387
-384.7401485643318,90,360477
-419.01404783445906,77,360554
-85.35892658749708,69,360623
-119.07370668482899,78,360701
-332.1075883686985,87,360788
-107.54752105500738,68,360856
-200.6254162555303,117,360973
-151.13637187778278,91,361064
-50.83978231100812,62,361126
-248.54675860355778,82,361208
-374.9582915940865,99,361307
-18.866579689560737,77,361384
-73.27663198657707,63,361447
-279.11141377482005,110,361557
-194.22117463870606,116,361673
-171.30772660357147,80,361753
-297.99926546155837,96,361849
-80.35061178720522,65,361914
-221.7106705372696,94,362008
-16.75533524448275,142,362150
-317.3357190909559,123,362273
-315.9514732570142,114,362387
-415.0633286221827,79,362466
-200.1701593238839,105,362571
-104.83502017131232,66,362637
-126.24217079502958,81,362718
-188.6970692507751,88,362806
-227.23381113056058,110,362916
-248.8542344799077,104,363020
-187.2778523728606,99,363119
-133.13788762459293,79,363198
-285.15433617271424,91,363289
-122.3918812118165,105,363394
-112.47144938546835,90,363484
-103.13843139901417,77,363561
-55.564341758776685,72,363633
-126.28364661392179,93,363726
-219.62337731264466,117,363843
-316.66228115123357,126,363969
-81.99166315028272,78,364047
-411.14855712975793,92,364139
-428.5941596590695,98,364237
-91.91203988717548,68,364305
-269.7936280647581,115,364420
-200.17640744711886,119,364539
-127.22138514827773,73,364612
-73.61345299158702,66,364678
-232.47841252354493,89,364767
-100.38195517655761,77,364844
-412.2781366414444,80,364924
-110.20353648361245,69,364993
-152.40191186158387,132,365125
-364.8012479876757,121,365246
-402.55297867636534,88,365334
-121.031992669642,64,365398
-323.0288500684454,96,365494
-174.43937456177736,77,365571
-236.05431306329848,131,365702
-105.91313918766612,80,365782
-88.31869688513842,80,365862
-251.67181261718076,137,365999
-255.10302932895195,104,366103
-148.9470704939046,81,366184
-54.71029441573431,69,366253
-180.2791624230602,109,366362
-346.1644797766448,76,366438
-351.02289120586056,94,366532
-96.53936451903984,74,366606
-147.52236983729898,126,366732
-187.40856097285524,58,366790
-3.022790018462544,167,366957
-110.25486620815009,95,367052
-235.02992076976844,110,367162
-159.78290352778856,78,367240
-101.71835334851599,99,367339
-352.3640756250677,97,367436
-232.42838200637004,109,367545
-122.83533056230903,77,367622
-413.5483056061891,83,367705
-323.51820581261757,92,367797
-96.16117190770503,88,367885
-226.43671236790001,104,367989
-76.08514835133623,71,368060
-88.82193715716163,62,368122
-332.66973721348677,102,368224
-90.21272690702281,61,368285
-136.15259482516223,97,368382
-145.00734291674317,82,368464
-189.36429565039901,60,368524
-144.4655680328249,85,368609
-90.38783929320448,96,368705
-204.46184465328668,76,368781
-190.4968130495753,142,368923
-223.36260926671736,84,369007
-119.63197856870863,109,369116
-291.12095342303724,119,369235
-484.5190437056146,95,369330
-82.99735966045421,57,369387
-351.41655745799426,86,369473
-272.11075967467764,94,369567
-350.95721402543,87,369654
-134.27225687929405,114,369768
-99.00366540173555,89,369857
-390.33331760867316,117,369974
-257.113658487016,92,370066
-54.94325762562268,69,370135
-192.7801354735713,98,370233
-96.924014490253,72,370305
-306.5287333630374,92,370397
-184.86231941704443,85,370482
-129.8411338445508,105,370587
-325.85444850495077,104,370691
-96.15693871413076,72,370763
-94.48625523215155,103,370866
-213.39912012327864,142,371008
-177.70751211699894,125,371133
-278.47592352206345,122,371255
-322.19228221490033,94,371349
-108.10796639863831,114,371463
-146.19979742949266,78,371541
-127.23721739348467,101,371642
-203.5152320676159,101,371743
-205.9001721566227,99,371842
-345.71553790169776,91,371933
-443.1582477031868,86,372019
-83.30711877839809,82,372101
-124.51659781850469,70,372171
-114.97586753593667,81,372252
-80.52814736051084,70,372322
-82.74163754820796,67,372389
-325.7669597555367,81,372470
-140.52876785246542,93,372563
-129.2853425782497,72,372635
-254.99407816553332,71,372706
-55.68147163145926,122,372828
-128.6001109720082,112,372940
-10.10381073237977,117,373057
-103.06067478366622,104,373161
-77.22618141644048,74,373235
-99.55375606027005,64,373299
-214.4150622858552,76,373375
-126.06016813243002,79,373454
-104.0791616358134,76,373530
-109.2364150982851,78,373608
-274.92774325910716,68,373676
-78.6102196201059,111,373787
-95.02854580643579,65,373852
-235.58513345789845,95,373947
-443.42927266520553,87,374034
-124.6224184426361,83,374117
-236.8600104127048,109,374226
-127.39807213586317,69,374295
-60.037350558552326,64,374359
-120.09955505289079,72,374431
-317.69486878152816,104,374535
-192.05491798608085,119,374654
-42.858139066563055,77,374731
-102.68798178315569,60,374791
-282.5265049731671,111,374902
-104.30435808827283,108,375010
-354.9536802147393,107,375117
-120.13893205161216,81,375198
-115.36272601446655,86,375284
-314.98744485997634,65,375349
-110.89193514023306,123,375472
-241.6327849775861,97,375569
-235.3237206006843,99,375668
-334.49903964271766,91,375759
-55.15497091031952,87,375846
-496.36271877547466,85,375931
-275.7918907871988,89,376020
-208.51506860919142,106,376126
-110.36264324335787,72,376198
-327.64681760517715,116,376314
-289.10094327650404,104,376418
-306.9196051846515,114,376532
-190.98957399556645,70,376602
-104.9088909748305,85,376687
-277.5023156262861,75,376762
-215.41660574925666,132,376894
-320.0474678785724,106,377000
-94.71657435838124,100,377100
-146.0906915796852,115,377215
-98.78208792314516,61,377276
-254.00851472727072,94,377370
-123.53593047022375,83,377453
-106.53804387572228,87,377540
-236.04612448459895,92,377632
-138.20523187406172,67,377699
-392.03704669243297,105,377804
-178.63517023503078,81,377885
-178.77616159012683,113,377998
-81.62498102081221,115,378113
-93.0835620879644,93,378206
-56.209643963366815,129,378335
-331.82842989689186,67,378402
-145.1583752157563,78,378480
-141.98243595748647,83,378563
-165.46171968565747,97,378660
-386.51289879539155,106,378766
-293.8317778974205,126,378892
-75.24201782108511,72,378964
-356.1249188088885,91,379055
-205.3327509007471,78,379133
-75.6131061547035,62,379195
-57.45469581138958,67,379262
-182.46889165775877,72,379334
-110.28304022039927,74,379408
-390.68179809601645,100,379508
-70.06294541037079,73,379581
-142.73545486222815,81,379662
-414.20802582232653,91,379753
-174.65066430568618,65,379818
-89.01838218684381,58,379876
-203.21994877504977,92,379968
-196.19561894990764,85,380053
-148.1802903875859,109,380162
-323.74626469579505,94,380256
-102.00557648014468,65,380321
-224.8143067897176,140,380461
-241.7979704975387,111,380572
-117.21861603080163,73,380645
-196.28334649532712,85,380730
-399.7922829095654,106,380836
-116.56606887877592,54,380890
-96.76783751966758,72,380962
-315.5844864819619,101,381063
-473.24185192053005,105,381168
-244.50334765249272,96,381264
-189.8759404480523,107,381371
-177.84796346613763,91,381462
-173.02713047905613,101,381563
-76.07539767603672,69,381632
-94.2275143731162,83,381715
-284.65230784715766,73,381788
-266.19424181932186,101,381889
-213.19905591436722,89,381978
14.908388361148823,64,382042
-209.7972993360081,102,382144
-241.17106729325081,128,382272
-250.267546147097,96,382368
-76.91846477158552,68,382436
-133.8495641930923,81,382517
-81.68374908290701,77,382594
-246.24173753944305,127,382721
-345.4891510888915,85,382806
-483.22876384722315,84,382890
-83.45514713134517,63,382953
-243.8188115258773,129,383082
-229.41901016054115,123,383205
-222.889180835927,95,383300
-283.0449342868031,80,383380
-159.6255337360575,90,383470
-238.82026984195727,73,383543
-207.690547306995,102,383645
-86.5163237734725,147,383792
-139.02176211357533,110,383902
-122.87536923865005,100,384002
-462.1250953842494,118,384120
-267.26265815249747,127,384247
-108.15421668619959,90,384337
4.354947983689897,119,384456
-102.4916340566132,84,384540
-183.35554052244532,114,384654
-125.65522422642891,62,384716
-78.0090767157588,63,384779
-231.99554546577312,130,384909
-222.0292441858315,92,385001
-241.60694736725333,75,385076
-265.4891480260221,85,385161
-127.94276132704753,88,385249
-71.9422724928258,117,385366
-148.89792759099316,91,385457
-109.02129492345242,73,385530
-120.7935869408614,71,385601
-154.20020437891293,75,385676
-199.0632904398117,127,385803
-153.90670690871147,84,385887
-181.23447269911756,73,385960
-212.10185556211457,73,386033
-336.9612764148494,84,386117
-302.8896364218969,110,386227
-88.81462771924859,82,386309
-107.40030518355385,87,386396
-251.40811734876542,79,386475
-185.132634617373,103,386578
-317.4520224466289,95,386673
-303.23810936975883,98,386771
-405.57164229332943,91,386862
-107.74764207898032,91,386953
-136.52359253874766,88,387041
-213.76976461942053,81,387122
22.077478071255598,118,387240
-4.363381948237219,105,387345
-103.30831166042874,56,387401
-237.9399088132538,100,387501
-68.02625559976791,70,387571
-115.2457850486416,82,387653
-145.61360419194705,72,387725
-268.1764011192389,83,387808
-51.858874610415704,72,387880
-132.97819769742716,86,387966
-100.82156091958721,107,388073
-142.79152643719544,108,388181
-30.524511977673683,81,388262
-262.22170136052137,89,388351
-149.73433762327977,93,388444
-79.7363569112263,97,388541
-217.97822259522616,79,388620
-79.39501934268502,66,388686
-78.39512894731357,68,388754
-84.58585827414441,63,388817
-98.65539303213595,66,388883
-197.33774423564955,104,388987
-112.86826847856713,154,389141
-299.9427915934158,111,389252
-194.7146362813067,84,389336
-140.29990077855223,107,389443
-104.23548690240548,111,389554
-126.83313841556989,62,389616
-60.64411091736098,76,389692
-157.29972020737546,88,389780
-99.73359786196227,76,389856
-310.0790028889916,78,389934
-135.1221721384178,85,390019
-165.07240963736004,96,390115
-43.0873326836581,66,390181
-474.90575402746305,107,390288
-195.42484649354367,63,390351
-315.1637053932586,108,390459
-215.88917871054738,112,390571
-182.4582864989125,79,390650
-124.91224972437396,88,390738
-15.319568661514325,108,390846
-80.59860902382589,130,390976
-99.65976981200313,97,391073
-203.93153093993118,94,391167
-199.5381564534892,78,391245
-62.14778524637707,80,391325
-109.8282236397211,92,391417
-64.82895418612863,80,391497
-102.32266296972169,102,391599
-165.04630307085745,67,391666
-297.7465534935785,111,391777
-172.22115820476358,114,391891
-131.45160812597703,72,391963
-115.3761462216826,83,392046
-500.0007380352086,92,392138
-136.13292829020975,106,392244
-88.27834973911126,70,392314
-421.80114563288583,106,392420
-274.37966322682416,116,392536
-285.00185643441057,104,392640
-110.12808122332447,69,392709
-319.3372610912006,112,392821
-91.0781808624526,71,392892
-311.7816418111198,110,393002
-98.38929709374271,78,393080
-437.3274371175981,103,393183
-144.83330147604985,81,393264
-188.7386998187148,119,393383
-365.6834246564428,122,393505
-205.8410297923816,115,393620
-277.341772278563,109,393729
-208.533425014618,88,393817
-138.39741714347835,85,393902
-102.71154397416029,116,394018
-104.09765913751245,80,394098
-97.10225587304379,73,394171
-147.5637036005226,77,394248
-274.34306370458313,114,394362
-108.04495775556161,70,394432
-113.47995175513313,77,394509
-166.41777642592842,90,394599
-201.6810109839719,120,394719
-118.97003255788468,127,394846
-100.1270936624678,64,394910
-286.75530844321213,100,395010
-62.29716334866776,64,395074
-376.68568427783924,95,395169
-368.03799664187534,88,395257
-177.54763749530076,119,395376
-138.86855970044513,110,395486
-85.40859356902337,64,395550
-123.60041035384775,127,395677
-175.65824291925114,81,395758
-189.64542573294938,74,395832
-174.1572990871893,96,395928
-163.10472565879272,75,396003
-216.04804816722483,76,396079
-509.44250035404673,89,396168
-97.69090332102904,164,396332
-197.03116546819078,77,396409
-164.97800751828333,83,396492
-68.70006247178003,60,396552
-127.2526648268628,94,396646
-121.36228025287795,62,396708
-394.1403058695119,93,396801
-65.75208412412644,62,396863
-113.17282658272508,94,396957
-378.85774067710383,89,397046
-334.5230070687021,100,397146
-125.86418466259647,64,397210
-75.00944944073086,150,397360
-231.36385976652116,91,397451
-462.08201976375653,124,397575
-192.62448751251628,101,397676
-178.6121269260868,128,397804
-483.40472627014793,115,397919
-92.23979103188918,62,397981
-232.00360009680577,89,398070
-81.08474387057757,73,398143
-507.21116933012024,127,398270
-56.08358635193781,73,398343
-274.1122075346311,76,398419
-280.169877224233,102,398521
-387.349615441642,109,398630
-126.25867429536706,86,398716
-120.0261099836375,78,398794
-62.969743152946855,73,398867
-400.57452649078004,142,399009
-91.97778916863066,62,399071
-274.7471278809868,87,399158
-145.3454673718989,80,399238
-88.65515714200652,75,399313
-147.37296100419195,74,399387
-123.36816067513685,90,399477
-219.26679938643088,72,399549
-89.10262159383885,71,399620
-309.71558830251746,78,399698
-49.66925768111802,69,399767
-180.95749214301927,95,399862
-85.48534677638159,111,399973
-77.46060680110884,59,400032
-223.01416320142332,103,400135
-106.18201571552684,90,400225
-318.23481270192167,117,400342
-210.7381763045608,75,400417
-104.37191975665209,79,400496
-114.84055211221411,92,400588
-372.0042708611571,71,400659
-137.79984476829057,86,400745
-215.2975395334033,123,400868
-376.8492145612023,114,400982
-113.90141550234628,86,401068
-240.8882521109248,109,401177
-105.34749948165388,72,401249
-138.32301707120888,90,401339
-51.446214119575416,76,401415
-160.58463913645767,120,401535
-311.2676791516162,87,401622
-76.97083471725266,70,401692
-82.74371361479794,57,401749
-104.29166187502864,69,401818
-341.32924104866265,95,401913
-122.15925280856247,80,401993
-151.55734471189476,59,402052
-124.1325511442653,89,402141
-136.46230799424688,136,402277
8.074821447892774,131,402408
-213.32999304860752,64,402472
-142.07180749841365,100,402572
-354.9208169079199,93,402665
-210.9786454694538,68,402733
-91.98348140561062,62,402795
-84.67809034021654,85,402880
-63.19782990334612,135,403015
-176.63351731352998,126,403141
-351.20971422762136,103,403244
-102.60526694293888,77,403321
-77.6478196099425,67,403388
-121.31528798315586,97,403485
-305.5211524537221,99,403584
-228.35646881802163,105,403689
-146.72221258957154,95,403784
-143.7246726387215,112,403896
-155.12477344358754,110,404006
-346.97489078420136,111,404117
-110.16386587751691,57,404174
-86.32430389992,64,404238
-79.15249534137499,76,404314
-110.41384869091264,104,404418
-184.334530259265,93,404511
-94.21674078577169,77,404588
16.92776258177865,72,404660
-115.35784271974089,60,404720
-206.35496135903816,67,404787
-119.32526043000776,121,404908
-133.69345668298405,67,404975
-90.92378390776862,79,405054
-117.44350043108483,79,405133
-206.16525385119647,78,405211
-143.7939229158746,63,405274
-252.1095604833494,111,405385
-129.0681742508255,88,405473
-63.60900202592884,65,405538
-220.55348270653653,129,405667
-49.881889858075596,86,405753
-97.73822922488606,73,405826
-262.22111585812604,112,405938
-99.529855292896,72,406010
-149.6715820939804,69,406079
-39.66107563514237,140,406219
-370.887822393915,94,406313
-192.47812822359595,84,406397
-58.34348497330949,65,406462
-134.91496224228553,89,406551
-178.03597815615086,99,406650
-263.6527140107973,84,406734
-125.08534149815023,95,406829
-152.22885597498146,93,406922
-79.98932842017174,70,406992
-168.8089476377541,81,407073
-279.06767831404585,96,407169
-381.7264492713534,85,407254
-369.88965826981,87,407341
-158.68621842386125,95,407436
-103.20168601454283,65,407501
-129.16164754425643,100,407601
-380.46139984112637,109,407710
-150.70182341667746,101,407811
-77.61711931383512,70,407881
-110.56212519267932,121,408002
-426.24589490697616,112,408114
-152.52922016459513,82,408196
-87.32892351954148,77,408273
-74.70014665081244,89,408362
-167.71549226500593,82,408444
-369.19006080989607,124,408568
-98.04617908268136,77,408645
-201.10546674898214,83,408728
-321.20163878037454,104,408832
-194.66979881527223,89,408921
-255.27419767992555,75,408996
-99.2344540680356,61,409057
-67.94201668192633,78,409135
-48.70579071568628,71,409206
-180.78567071397052,138,409344
-31.28148821244163,79,409423
-353.3719021025764,89,409512
-108.47867636483772,100,409612
-77.96640880578009,87,409699
-127.3675753305676,96,409795
-144.28667489091214,74,409869
-173.92106443535107,108,409977
-205.57194456389738,90,410067
-98.59375856956262,98,410165
-216.25159575316223,100,410265
-509.9472420513427,103,410368
-422.4024725791382,121,410489
-108.57683420119464,102,410591
-132.09084926378304,87,410678
-180.10519796159923,91,410769
-36.478465201178295,121,410890
-314.0066005455371,109,410999
-135.8278035203611,112,411111
-114.7762881668771,109,411220
-114.0481939598961,73,411293
-292.6167111061883,91,411384
37.8864043571383,1000,412384
-158.81958835299469,92,412476
-356.6199160839547,107,412583
-100.95461950543404,62,412645
-390.5827899845687,93,412738
0.44864526896988366,122,412860
-190.85361412343826,109,412969
-202.93263565077564,99,413068
-129.36797823385805,73,413141
-139.27779814747967,104,413245
-154.0640595092816,122,413367
-125.58483664596531,75,413442
-185.67180590052345,91,413533
-339.1732391956425,115,413648
-275.18289944108807,140,413788
-70.57052076397646,62,413850
-152.64538031692973,80,413930
-108.45717275339105,78,414008
-80.4175832872298,76,414084
-95.30254690066857,67,414151
-4.677141810980913,102,414253
-379.79446779794864,97,414350
-158.6594535703829,104,414454
-79.79687898176275,66,414520
28.507417711885324,109,414629
-274.2511297364924,92,414721
-121.38723009385681,69,414790
-75.09002560057127,74,414864
-78.33954620432714,85,414949
-169.292545131295,70,415019
-126.82810255552423,132,415151
-163.0288663937768,77,415228
-204.74206887328182,84,415312
-307.47698356903607,133,415445
-65.58281992045991,73,415518
-111.52003918404259,125,415643
-292.74248411902056,99,415742
-402.6748875778065,111,415853
-365.1129209984422,117,415970
-90.43070746594404,84,416054
-130.2317287240865,106,416160
-70.45627300936953,74,416234
-95.79514157750395,121,416355
-97.13522629979674,93,416448
-419.8194146620243,122,416570
-116.22785981737962,105,416675
-121.63333583446104,77,416752
-83.55587986334996,78,416830
-163.25889730400797,110,416940
-140.65570698099143,81,417021
-194.76736788368947,92,417113
-109.5251384589912,70,417183
-172.01830051688336,109,417292
-107.0581954201292,75,417367
-97.29794117546065,90,417457
-77.09180076882355,66,417523
-116.8883810324408,96,417619
-118.14201710525131,92,417711
-132.9304910914401,139,417850
-110.47537903440715,67,417917
-364.91687744605275,116,418033
-99.84057028115468,78,418111
-386.93762010416856,105,418216
-147.70667109220634,84,418300
-107.5707365855517,66,418366
-51.82286009049622,156,418522
-149.88888261983027,116,418638
-227.33521900938015,117,418755
-70.93066197498233,61,418816
-199.6436023604951,143,418959
-97.0638268791158,119,419078
-252.30270102294614,108,419186
-247.54298002454374,129,419315
-267.48525542880253,116,419431
-106.09298281034941,129,419560
-131.5092824022811,60,419620
-148.96447774956505,76,419696
-103.6946282774253,58,419754
-69.07615263945291,68,419822
-360.26964275439303,130,419952
-211.32264397342,123,420075
-92.21016633489792,120,420195
-210.15467087742098,59,420254
-236.68034104405768,115,420369
-296.94262386534075,104,420473
-384.57509587395384,83,420556
-264.46660739794106,99,420655
-189.44154247051574,97,420752
-113.96582257082856,106,420858
-453.04223963748757,96,420954
-349.94889763156516,89,421043
-215.73319666588108,78,421121
-124.26470011717079,123,421244
-11.154980107108997,86,421330
-214.10930393162195,107,421437
-197.08693438101722,61,421498
-546.6573630543132,129,421627
-395.8356491623478,96,421723
-352.27807674450344,106,421829
-249.22100617112852,107,421936
-131.78101963420954,98,422034
-155.91810082896592,107,422141
-139.96379695419364,101,422242
-151.41954267314964,80,422322
-98.64492103531184,57,422379
-74.99181079814807,70,422449
-291.14350611295936,104,422553
-104.57742959553704,69,422622
-211.5773936926841,103,422725
-87.76569500928315,58,422783
-92.89485588936213,66,422849
-307.7095489330179,111,422960
-209.60095732153593,82,423042
-178.5743600419371,73,423115
-234.23781435537558,95,423210
-389.3441209534998,81,423291
-129.4696464446938,107,423398
-340.7877880656581,89,423487
-155.70840870683122,75,423562
-130.73204290116334,97,423659
-370.2068597911614,113,423772
-118.91429641406017,94,423866
-366.7428613667164,103,423969
-69.48133124457726,79,424048
-121.00367748968362,131,424179
-63.224652646551675,76,424255
-296.4243951239649,75,424330
-119.64730008216848,109,424439
-131.86792354761496,72,424511
-127.03119668512001,104,424615
57.714941328106164,95,424710
-158.3953250482546,69,424779
-171.02280855517728,106,424885
-86.82376009831668,71,424956
-442.7475204776827,115,425071
-102.9364772577567,85,425156
-233.86112479221333,87,425243
-137.8262553154195,65,425308
-85.68741679027053,61,425369
-132.53334011571144,107,425476
-131.45147907631673,80,425556
-270.9698567959933,79,425635
-131.91183440728372,83,425718
-98.4981751656985,82,425800
-296.9830232829541,96,425896
19.72943322751702,78,425974
-416.3462912389619,114,426088
-127.69125878289663,69,426157
-99.13708090357974,108,426265
-182.63625841212334,59,426324
-235.25684965411085,110,426434
-83.5608169523163,130,426564
-217.13186965066313,105,426669
-286.4184854646162,65,426734
-107.15763708589697,90,426824
-187.68242196347947,58,426882
-126.35366286426103,58,426940
-244.54196880768725,115,427055
-111.2616486418993,68,427123
-20.805199461741992,93,427216
-348.02806937379205,104,427320
-143.87135724623278,129,427449
-103.46564913540597,61,427510
-68.68565051246462,109,427619
-280.65143987960516,101,427720
-131.35525128136746,125,427845
-113.16994432642682,76,427921
-94.17668028821326,97,428018
-93.82008080236018,67,428085
-129.57974183223178,117,428202
-125.00621130956009,120,428322
-161.15235058296184,129,428451
-115.66530837103731,69,428520
-391.4593182641644,100,428620
-177.14247901788227,103,428723
-248.53897162164438,117,428840
-97.83340845374283,89,428929
-331.8485122720193,70,428999
-163.16665274692306,104,429103
-380.7915821172934,70,429173
-115.25432769620163,72,429245
-7.957956492591563,112,429357
-140.46544264820724,90,429447
-281.8520880210076,116,429563
-98.71198534279068,72,429635
-90.34275846082565,80,429715
-164.82438021388623,67,429782
-117.2630509772404,95,429877
-208.29874376612506,60,429937
-281.67919397813154,94,430031
-239.75504142281676,76,430107
-332.5485935757374,79,430186
-72.65190092467978,110,430296
-142.1972143912929,72,430368
-259.1737076798531,105,430473
54.225025262828694,79,430552
-315.2069376941159,150,430702
31.372885542268307,118,430820
-267.0377407344905,99,430919
-186.512841194014,119,431038
-96.42033530452639,126,431164
-284.13486941131373,75,431239
-122.8666879006608,93,431332
-179.2735989399568,74,431406
-105.70750456582847,119,431525
-116.74498041710758,100,431625
-205.81008626500784,81,431706
-229.09390461879576,117,431823
-123.81562522128712,90,431913
-195.24526559047433,120,432033
-94.23805062334472,72,432105
-270.2621156452295,111,432216
-421.1459091198153,101,432317
-222.77496198894664,109,432426
-456.3010397021253,102,432528
-74.53212679776473,91,432619
-139.06717964104726,84,432703
-118.06686089870394,94,432797
-411.250136607063,98,432895
-218.8882310717287,114,433009
-294.4066324115453,121,433130
-92.76969319373704,64,433194
-76.0205159230359,75,433269
-76.43281605588083,75,433344
-98.01552263415284,121,433465
-184.09894475078795,115,433580
-401.96014630410593,94,433674
-320.3153366383498,100,433774
-205.1145010890072,99,433873
-325.5163550463486,83,433956
-145.34860907133452,158,434114
-434.24910905843683,120,434234
-352.7951992434946,98,434332
-115.5542923645736,78,434410
-56.15160501062843,130,434540
-129.28603052773514,65,434605
-141.14429602112864,102,434707
-121.35575659650695,115,434822
-145.9397027937556,118,434940
-369.19877032435693,110,435050
-7.216124852651689,131,435181
-327.40853906055077,123,435304
-78.59745784054056,64,435368
-184.76484486491074,77,435445
-143.0324558693955,103,435548
-238.32313422491495,85,435633
-112.99427714728803,87,435720
-106.62331962421656,70,435790
-235.1265893469205,73,435863
-293.2601734146929,101,435964
-152.04457287423475,125,436089
-59.82367632581579,68,436157
-165.38733792114272,75,436232
-110.09781804572344,64,436296
-281.8128283477391,99,436395
-192.42817712129073,111,436506
-63.494216084079326,87,436593
-193.17121759914477,104,436697
-378.2619954005269,96,436793
-98.59913761853359,104,436897
-267.34910630046903,86,436983
-139.93118970681914,93,437076
-267.60058925622354,88,437164
-283.6512663398457,110,437274
-393.1610938414045,92,437366
-91.2604585895112,64,437430
-140.95961786927933,64,437494
-152.10713519807427,97,437591
-69.7936720751239,89,437680
-77.26220152708748,70,437750
-364.97800821663634,128,437878
-128.17365803353647,158,438036
-91.79328428984678,88,438124
-126.7423189687759,105,438229
-83.99422023290902,84,438313
-350.01688048512256,80,438393
-192.56987950913134,95,438488
-335.2316233201774,130,438618
-174.2197169554084,58,438676
-76.06060281209142,57,438733
-250.45675161580596,93,438826
-153.9879724296536,100,438926
-151.92781086158234,105,439031
-251.7820120775568,92,439123
-191.25979502446506,113,439236
-330.0894643545113,108,439344
-139.0442992209105,81,439425
-256.0964144404193,86,439511
-234.957887847485,102,439613
-114.36581164796999,106,439719
-103.00659345490911,60,439779
-119.49588919980854,59,439838
-193.5121797479659,112,439950
-78.8270893644345,71,440021
-105.68691423565102,71,440092
-108.91802473165296,95,440187
-78.31106535450598,66,440253
-121.68894782195925,65,440318
-123.50069692609657,66,440384
-114.27861147732663,96,440480
-280.7982685798047,166,440646
-182.23426833271435,164,440810
-195.5129122441609,57,440867
-348.3644707539502,119,440986
-74.98138777420161,63,441049
-133.6238579462356,76,441125
-166.6890365539084,82,441207
-132.5465283117182,130,441337
-222.3857919853346,68,441405
-172.54703054940924,63,441468
-235.72181461745524,72,441540
-280.211194497162,95,441635
-47.8066341865824,107,441742
-75.77342753301951,74,441816
-247.49903313815986,77,441893
-116.33974373697413,79,441972
-83.350326559026,85,442057
-101.13538275254076,75,442132
-296.2108614601091,98,442230
-442.57616239829963,107,442337
-154.9551645890669,79,442416
-122.99618546230636,80,442496
-129.92843689014705,70,442566
-107.29059713472444,77,442643
-174.47914258683505,67,442710
-194.59992786055048,71,442781
-55.29934161100266,67,442848
-82.1192582921318,104,442952
-214.5043499146953,107,443059
-89.85215083268449,101,443160
-78.79954044935639,99,443259
-410.59170760181166,131,443390
-271.56082209781965,116,443506
-294.28687586563274,103,443609
-142.62108010325858,73,443682
-213.1289303197084,110,443792
-380.1923443235416,107,443899
-360.4136410259635,121,444020
-343.3318756848332,97,444117
-187.43088959829055,76,444193
-128.3953417542271,72,444265
-410.2437874397713,89,444354
-127.14098219564679,99,444453
-118.6803943102069,86,444539
-271.7866668115754,65,444604
-262.3524965396449,114,444718
-357.86735094150976,91,444809
-96.34973607155462,84,444893
-403.4445369759221,114,445007
-14.667694953532916,129,445136
-96.19187604094097,64,445200
-107.8054452661694,113,445313
-163.97472629922032,104,445417
-361.4755775414347,108,445525
-299.9766665976347,96,445621
-155.602891563249,84,445705
-67.41320611493789,61,445766
-147.04700390126476,66,445832
-279.2545966177145,110,445942
-296.3247082731666,92,446034
-399.7878243427489,131,446165
-106.71409349202692,75,446240
-26.524371490095447,115,446355
-46.08341246151332,106,446461
-196.8919189503634,76,446537
-364.6194533312807,113,446650
-122.75724924045245,107,446757
-104.701976187127,85,446842
-41.2455409794366,118,446960
-278.68587064844587,94,447054
-302.01304541750324,123,447177
-240.2104458989678,133,447310
-343.44711159182066,78,447388
-70.5180978588779,66,447454
-246.32254307222948,94,447548
-107.99387653660295,81,447629
-83.06286305558132,76,447705
-102.7043162321826,94,447799
-125.51866417980904,124,447923
-295.1191547372358,115,448038
-129.01427777562697,65,448103
-339.21345624852046,104,448207
-209.18730848053593,79,448286
-194.2368941105365,94,448380
-144.09733494316868,77,448457
-159.76678423395634,103,448560
-107.68100482698914,109,448669
-429.03454893983053,108,448777
-190.78879717305637,103,448880
-68.43476534517563,70,448950
-127.58727607910927,83,449033
-92.40512388576029,81,449114
-271.8327994013272,88,449202
-124.72948078599211,56,449258
-374.3443758893411,85,449343
-170.86185253980062,131,449474
-481.0244402997472,101,449575
-89.11853936432217,75,449650
-228.91602527508022,66,449716
-300.9288927509732,105,449821
-58.552676786338466,57,449878
-249.8602817939225,92,449970
-199.63235786646584,109,450079
-232.2332025350817,98,450177
-209.36157887719523,74,450251
-283.0774640081649,156,450407
-80.20901556953291,82,450489
-103.25055191407976,118,450607
-263.18312056057334,108,450715
-52.27023715158508,83,450798
34.982937228374624,75,450873
-193.00391833041573,101,450974
-60.204802814717226,112,451086
-107.41774830929637,94,451180
-291.5753981973256,84,451264
-269.62430634563657,107,451371
-45.05726528685782,67,451438
-25.677162484395993,133,451571
-92.68651017498811,86,451657
-96.66681304101462,71,451728
-286.0703727689497,129,451857
-96.87721357578874,79,451936
-126.29160962728048,103,452039
-163.77644222529284,98,452137
-162.87474625209427,69,452206
-77.18754519503224,84,452290
-92.46419429668148,72,452362
-236.36994440944474,113,452475
-114.32546670917674,77,452552
-305.9048185443269,95,452647
-94.91598601393561,96,452743
-479.5837426737462,101,452844
-163.87324760918622,66,452910
-193.7812113114118,99,453009
-201.2334107035888,93,453102
-110.17009658509082,69,453171
-258.8822099814411,118,453289
-104.63272953836824,78,453367
-212.63343704132348,81,453448
-114.88703101846009,121,453569
-123.65405986957191,71,453640
-129.36336131731392,65,453705
-133.96225079574975,81,453786
-139.45858652234045,89,453875
-86.0492227091033,72,453947
-78.3306653618801,71,454018
-227.94783961498044,59,454077
-109.26113041208892,94,454171
-304.4620096907836,110,454281
-209.1558671813372,78,454359
-115.66781377264189,80,454439
-99.9276409585634,76,454515
-106.40924200531977,84,454599
-64.51848285649696,87,454686
-393.0141626804597,102,454788
-449.65085831608553,82,454870
-115.34563892031824,79,454949
-169.83866130486393,68,455017
-76.71545048045694,62,455079
-85.60546085932509,64,455143
-106.0972747569002,71,455214
-165.6545672005043,66,455280
-118.90085270415658,65,455345
-307.6808323961319,127,455472
-33.778614245514575,97,455569
-430.34524900916887,97,455666
-111.84745663066836,98,455764
-304.52589204395497,92,455856
-142.33066087807168,105,455961
-147.13311033112115,103,456064
-120.81483262126872,72,456136
-58.837948532268,90,456226
-119.5935115271633,89,456315
-89.75353677436726,100,456415
-262.1036470650674,97,456512
-154.44474046365224,91,456603
-99.78690775691106,68,456671
-83.09428453044984,70,456741
-196.25333722832931,124,456865
-135.54962603266674,113,456978
-69.70705576980333,71,457049
-321.28831897272295,112,457161
-10.40129169655134,64,457225
-224.04229558255383,105,457330
-119.15552655286291,113,457443
-96.34415474778469,68,457511
-107.20690160902286,137,457648
-241.83556520587493,127,457775
-267.099614777156,106,457881
-109.17164020491323,100,457981
-201.99509437474921,83,458064
-27.40214558109392,112,458176
-137.59463452546998,124,458300
-135.66730175898175,79,458379
-106.49687028615219,75,458454
-417.7550232234285,101,458555
-384.22128076726005,111,458666
-122.501384312425,70,458736
-205.33995488325405,97,458833
-79.2345044763143,85,458918
-303.7741075089422,92,459010
-114.96706345291183,88,459098
-184.36457851967714,127,459225
-124.97198411469026,116,459341
-431.5947900874083,91,459432
-96.57550385665269,73,459505
-143.92895957508898,116,459621
-120.81741065223184,104,459725
-264.0890977495672,82,459807
-176.16898472873316,104,459911
-160.51819271289625,78,459989
-335.58820990546167,125,460114
-217.43980471710543,113,460227
-282.18538487444476,117,460344
-157.72945407695818,128,460472
-62.42452674111004,62,460534
-233.88682227041244,112,460646
-72.75310688711448,95,460741
-67.90846023280133,128,460869
-77.96820271056595,63,460932
-150.3317709359158,97,461029
-238.54969577884825,106,461135
-315.83123917985733,106,461241
-93.96512881225668,84,461325
-125.92920452956673,73,461398
-209.46855621123314,102,461500
-104.15577606382881,72,461572
-202.44210808097628,91,461663
-85.00067280095794,65,461728
-77.1813123823521,77,461805
-146.00710887501947,84,461889
-279.1317729059274,87,461976
-128.63113009670707,88,462064
-209.8000642527311,75,462139
-106.69924049541574,79,462218
-112.1405816732244,96,462314
-116.09711609736539,116,462430
-252.4202301216891,94,462524
-55.580138904437234,83,462607
-122.26144969453924,86,462693
-216.92152294854947,99,462792
-66.86226559530422,104,462896
-100.8396052563899,69,462965
-82.23612667699715,71,463036
-134.73937312944696,68,463104
-243.92393615799296,108,463212
-432.7012931617037,111,463323
-85.0527870750959,64,463387
-98.49047384463813,72,463459
-59.13043930423093,131,463590
-186.49732539382455,100,463690
-125.39183215413101,102,463792
-335.2116845761317,94,463886
-116.73015132119414,58,463944
-130.5968278228509,95,464039
-118.12085091648098,93,464132
-81.94975248884596,57,464189
-236.0929861373535,101,464290
-143.19698861457636,74,464364
-521.328822584071,93,464457
-359.9545957653501,91,464548
-258.63249285871655,87,464635
-491.3704990392049,102,464737
-166.81121468996605,84,464821
-84.15600715076724,89,464910
-392.2511580834689,129,465039
-273.13421645961205,96,465135
-361.2333423350318,111,465246
-101.89825062903792,105,465351
-101.32084049210617,126,465477
-354.16999987533393,138,465615
-160.25155578614226,114,465729
-124.12263101765944,75,465804
-134.29907117731656,74,465878
-301.9976532796427,101,465979
-117.37710801362621,63,466042
-187.52854026284098,83,466125
-495.6762602823415,137,466262
-162.12925801504167,63,466325
-95.2910810596085,85,466410
-157.46728938628775,104,466514
-66.4644890647831,85,466599
-131.66160352893834,98,466697
-422.6480843445372,105,466802
-357.43227422166734,81,466883
-379.61012000366287,84,466967
-202.13368454625925,79,467046
-199.62199749385934,78,467124
-193.5870950377104,70,467194
-312.21505747420855,109,467303
-96.49975083936637,107,467410
-184.5112048157991,105,467515
-179.18073397460927,127,467642
-126.53177554413332,76,467718
-140.7845598888051,94,467812
-232.31872319799945,107,467919
-36.17667059566862,84,468003
-154.40884577715957,88,468091
-190.9361386348908,110,468201
-323.5082920386284,84,468285
-243.23313126191735,73,468358
-111.58933917773594,132,468490
-250.5567980163094,122,468612
-152.33918651699975,95,468707
-89.25956054367654,87,468794
-584.8279983324397,104,468898
-138.2041287931101,72,468970
-163.53267990954086,87,469057
-237.43837467922162,101,469158
-127.50756166890267,60,469218
-279.8173903278091,94,469312
-254.64978913000093,109,469421
-119.59435051860922,73,469494
-202.2590596929993,62,469556
-132.49116950506368,82,469638
-194.95993388009433,71,469709
-119.71189148803626,60,469769
-98.99876175839911,93,469862
-207.40547603890627,89,469951
-304.4052683678334,86,470037
-273.55841500652696,93,470130
-425.8397561448662,94,470224
-205.4191053042366,123,470347
-157.32523865355716,119,470466
34.0344067707571,134,470600
-108.54477277462884,62,470662
-336.3636252967204,94,470756
-76.66432146626599,66,470822
-121.72027825090558,63,470885
-124.72393346167385,77,470962
-208.30608767588217,100,471062
-354.4509999772985,103,471165
-199.5624588889158,105,471270
-102.69808174169823,119,471389
-79.24093908787592,58,471447
-253.81718835553346,66,471513
-178.46534035721697,87,471600
-338.9236137389749,93,471693
-140.3616010883856,68,471761
-90.15368927654195,98,471859
-248.6537609830394,90,471949
-101.49500281245408,83,472032
-66.60867930525754,70,472102
-129.44137163109286,122,472224
-81.49674709660823,124,472348
-414.5675027405608,96,472444
-195.78012184833406,76,472520
-190.82042736071514,92,472612
-44.47365630944285,131,472743
-174.37491601206767,74,472817
-333.46630793276125,94,472911
-102.20565319304266,94,473005
-79.6707276429292,67,473072
-91.08527546664781,124,473196
-99.93082547762904,62,473258
-326.2523923900968,128,473386
-154.7106023576862,69,473455
-37.549529630055474,87,473542
-98.87024076013446,70,473612
-392.3716595889437,103,473715
-124.399891227475,112,473827
-373.39209964937754,110,473937
-422.6256090574037,119,474056
-75.98991975699309,104,474160
-314.97608111859466,92,474252
-362.46422334944185,93,474345
-231.22882064905286,68,474413
-311.197094971866,112,474525
-186.8907807532204,79,474604
-181.83479238522898,71,474675
-280.01575084051365,90,474765
-93.19980861065825,83,474848
-128.5106224359065,66,474914
-133.92940736268906,87,475001
-182.07802716110572,82,475083
-114.90645255650514,82,475165
-198.01844118350866,60,475225
-479.38149539147537,127,475352
-188.51344481486035,75,475427
-316.11687146743066,76,475503
-214.69807521279898,107,475610
-431.65173977468703,116,475726
-347.97685367882866,110,475836
-145.8439448521795,98,475934
-100.48265074734002,82,476016
-54.61127496173836,91,476107
-125.09939949274838,65,476172
-160.11445272549514,118,476290
-165.98938930544256,104,476394
31.74889910505854,91,476485
-270.72963002948416,106,476591
-66.78601015504917,93,476684
-269.6022757106588,124,476808
-149.92317193046495,114,476922
-60.97521891253217,105,477027
-396.58439826327515,95,477122
-160.92157397007048,112,477234
-242.1169470964553,84,477318
-100.84608564398985,78,477396
-145.12289040094754,96,477492
-335.36925806144194,108,477600
-163.5519304678075,113,477713
-387.58127527945317,107,477820
-162.21381066008828,87,477907
-266.5145632980698,72,477979
-99.2955368104084,62,478041
-135.42015027773095,89,478130
-155.1651819414459,76,478206
-159.0372662212459,107,478313
-149.0408964974945,139,478452
-434.6143531641164,104,478556
-143.0574062070007,69,478625
-112.26662360707319,103,478728
-346.25458057248767,104,478832
-111.99057750726554,83,478915
-104.58881815364417,79,478994
-114.58365852826809,68,479062
-273.2855825791569,129,479191
-124.81607022216059,75,479266
-162.7143301401456,93,479359
-375.06240550060727,90,479449
-149.45437033671914,74,479523
-292.33156455322774,119,479642
-109.83995114156559,78,479720
-64.41962126862425,96,479816
-162.84033314796736,86,479902
-273.7744756255085,105,480007
-114.4236907894179,100,480107
-131.367089190822,79,480186
-216.28767274162598,101,480287
-90.0451927051178,63,480350
-119.75349351960611,81,480431
-272.9538155336304,77,480508
-71.4665934835592,139,480647
-423.71516088337313,93,480740
-90.68519447440411,78,480818
-68.38537894122378,63,480881
-78.05037659716493,127,481008
-105.53034196219562,77,481085
-107.22168374322041,124,481209
-183.99583416511564,109,481318
-54.02955438137596,80,481398
-317.09685535239294,90,481488
-118.59280310408346,82,481570
-258.26377683188684,113,481683
-225.2753070892938,100,481783
-441.4494179946125,108,481891
-148.34597913172038,67,481958
-61.47736029171318,64,482022
-235.82448497555052,123,482145
-161.99176880278947,97,482242
-258.5592699058718,120,482362
-115.92922736403159,125,482487
-335.5242370284392,123,482610
-256.31811811699174,106,482716
-71.2630231082216,60,482776
-109.78366269146514,120,482896
-161.87396412175704,75,482971
-119.87477597095075,76,483047
-359.8463840060483,81,483128
-131.09618708592862,115,483243
-416.240695407555,90,483333
-79.6436028711486,75,483408
-248.34887881672145,125,483533
-212.39240232246783,119,483652
-253.07871160300996,72,483724
-163.88017576503373,118,483842
-81.49780098509001,63,483905
-70.71746693928444,61,483966
-90.41742151529715,74,484040
-139.31503966804834,97,484137
-181.67175743797245,92,484229
-346.677039312515,88,484317
-289.5988708975789,112,484429
-205.89169317348097,63,484492
-293.0793606556093,92,484584
-131.61573680933677,112,484696
-192.59950109887654,110,484806
-316.3115603452385,126,484932
-197.78332865066795,74,485006
-316.2180792379388,106,485112
-292.6193173505726,102,485214
-369.23458156154214,125,485339
-183.58614333322197,90,485429
-98.28597348329555,115,485544
-205.65425145756933,102,485646
-19.79696566516533,105,485751
-425.70019291458686,97,485848
-154.0352462667694,105,485953
-150.08572932289627,77,486030
-438.70202933031544,103,486133
-117.89310916169532,67,486200
-194.5217543108534,110,486310
-218.6761302745344,78,486388
-96.37554023848,77,486465
-259.16147316161926,114,486579
-342.8016606661902,109,486688
-269.58119748987434,89,486777
-52.27772520527337,58,486835
-211.38512060879776,130,486965
-279.1409595413164,123,487088
-73.0324303456589,61,487149
-220.72925731305975,92,487241
-272.50964376768496,88,487329
-103.89646794074004,67,487396
-118.32395401498289,95,487491
-107.32306924806943,72,487563
-87.29352669971624,86,487649
-79.03379793021037,63,487712
-272.5859271227489,111,487823
-163.58712037830452,84,487907
-291.4952340853495,93,488000
-204.80455159207807,88,488088
-305.2672053072895,97,488185
-181.39310126092312,130,488315
-192.41709162342778,59,488374
-101.70788171135025,112,488486
-20.16751892963002,119,488605
5.301816679463727,93,488698
-333.4910054105044,105,488803
-164.6003585680462,111,488914
-188.47343329490715,74,488988
-172.59812239974195,65,489053
-120.41749148911651,65,489118
-35.99354725356348,95,489213
-107.05713859204636,76,489289
-103.86971967295254,90,489379
-391.52794067931245,96,489475
-20.037292126940883,120,489595
-238.56115643676674,112,489707
-346.2176447589975,114,489821
-291.7984746059575,109,489930
-267.44598178331387,106,490036
-177.2652490387533,76,490112
-348.3675688219093,110,490222
-116.24920913792165,75,490297
-471.4165180227459,86,490383
-208.40513212413492,81,490464
-169.59078634406364,108,490572
-103.6533524768105,60,490632
-402.73356323685186,88,490720
1.4123637932935367,110,490830
-102.40210047498965,62,490892
-406.8061176390249,94,490986
-524.1457004264689,111,491097
-117.644150636404,95,491192
-123.90241529661753,86,491278
-178.1007189265301,118,491396
-111.51770395193502,70,491466
-411.64640038080915,88,491554
-112.23914741692235,133,491687
-332.0597597661913,101,491788
-117.91724681247406,62,491850
-112.00680371804529,95,491945
-63.70419276466657,67,492012
-129.70452950463783,94,492106
-124.00896781331966,91,492197
-55.23700939551105,74,492271
-297.0301633507688,111,492382
-69.63416379291645,133,492515
-109.92617423511969,105,492620
-99.17833174922927,74,492694
-296.9964581208453,129,492823
-250.23379220964057,97,492920
-108.51022387390717,96,493016
-242.37781885705053,116,493132
-483.87775774997885,98,493230
-61.82268709459909,63,493293
-61.07897769783057,92,493385
-372.229137871863,104,493489
-211.53511880935858,68,493557
-75.60778769366264,66,493623
-91.343077569481,75,493698
-132.00529822588916,66,493764
-154.51756452609817,121,493885
-115.77789517069158,111,493996
-361.24524708969227,111,494107
-184.46282923958276,77,494184
-102.16909966390796,77,494261
-383.18284511928294,95,494356
-374.0345800416706,90,494446
-170.10702801173227,69,494515
-145.6550910589183,108,494623
-139.81950546923073,105,494728
-174.5499033710746,90,494818
-276.65998326296364,106,494924
-199.44112198103528,120,495044
-18.683820100074854,96,495140
-441.15735562135063,115,495255
-370.08883853826455,100,495355
-123.0833074694614,73,495428
-324.9816231153534,97,495525
-194.57071279522546,68,495593
-459.41049741567633,114,495707
-107.27038673493273,99,495806
-51.25453240811491,68,495874
-94.93181339961131,123,495997
-215.89163873753722,97,496094
-209.33107289844423,133,496227
-234.67517823660967,80,496307
-65.15765379954391,73,496380
-104.59453148974639,85,496465
-112.56904979112849,116,496581
-113.13462321417673,103,496684
-93.36201138888849,133,496817
-167.2549802848375,102,496919
-127.89757626765478,95,497014
-134.78612230836174,61,497075
-337.89840196472403,86,497161
-74.9046182106133,89,497250
-99.20305407280848,91,497341
-527.0167503589923,95,497436
-261.7407565093753,108,497544
-212.16600659791655,63,497607
-119.96273575857796,71,497678
-122.54809407916035,84,497762
-238.16539804469937,112,497874
-78.63488473346243,77,497951
-168.47558609907338,74,498025
-80.00555378725129,65,498090
-334.69194690785946,88,498178
-57.23331044104191,65,498243
-372.9656799176028,86,498329
-376.6019032708918,98,498427
-91.38722619453513,91,498518
-101.89229074663747,86,498604
-319.26594843623,98,498702
-187.65717845575278,70,498772
-117.19819589670851,73,498845
-214.65963537858,135,498980
-114.62518234358612,65,499045
-346.1402018359576,94,499139
-78.1901956321024,116,499255
-181.24051006392264,94,499349
-185.6139741094908,74,499423
-136.30376312812882,112,499535
-247.12270490113917,106,499641
-94.08190999934175,78,499719
-139.3677933018797,71,499790
-98.3867299724007,83,499873
-131.73589738417525,74,499947
-71.57118268883401,69,500016
-171.44027058791505,70,500086
-58.555123009969385,128,500214
-357.9954134721023,103,500317
-209.32544355379633,123,500440
-408.05418095194074,93,500533
33.084212288496616,79,500612
-121.23863091148334,86,500698
-154.02651138121468,115,500813
-107.37101527299576,71,500884
-354.50678467123737,149,501033
-295.8547408834098,109,501142
-41.77578661715485,144,501286
-319.63522809878583,112,501398
-344.91549490351815,97,501495
-130.4247164672878,91,501586
-268.2500251679792,91,501677
-381.30207324572143,125,501802
-115.99797418392355,75,501877
-64.32863137890827,72,501949
-94.12716459666338,84,502033
-105.85338550755286,114,502147
-101.29265103345871,80,502227
-105.31199701532896,100,502327
-96.44971530936472,116,502443
-108.97090161709248,100,502543
-269.21806718808557,93,502636
-212.8367379300443,136,502772
-67.45076556278144,58,502830
-140.3551897144966,130,502960
-45.47604538968362,65,503025
-432.8316189364302,99,503124
-254.7933803515242,70,503194
-55.050552359961166,135,503329
-84.67817018649792,81,503410
-420.8906635534471,118,503528
-312.16870363064106,130,503658
-291.50885275480323,101,503759
-170.4422132883496,68,503827
-243.02816929461133,82,503909
-430.0773942242625,102,504011
-183.0501556787131,96,504107
-105.8192887852106,66,504173
-266.36759198851297,81,504254
-114.74282848339085,99,504353
-282.61130284437644,91,504444
-554.6161917541257,96,504540
-111.92862916667103,106,504646
-163.10628607011506,82,504728
-284.87999920610514,60,504788
47.74307801225541,93,504881
-236.22642693270453,94,504975
-245.80314728072275,74,505049
-237.12097115559664,62,505111
-87.49727385941989,98,505209
-103.15636441613351,104,505313
-263.6203576874585,129,505442
-172.45301601605956,104,505546
-100.2182229872858,102,505648
-424.6906581647585,108,505756
-378.8190240527554,98,505854
-73.82580440634085,80,505934
-80.93867090574253,65,505999
-321.53724514273233,98,506097
-171.77940292298797,85,506182
-14.581059149777431,106,506288
-120.30583611225546,109,506397
-162.9097825616509,100,506497
-207.08234133000227,95,506592
-54.74183403595082,73,506665
-123.256727720169,57,506722
-286.3095261284668,98,506820
-107.45304527039706,145,506965
-127.09114037334822,98,507063
-146.27477226744895,74,507137
-102.76928368571465,87,507224
-94.20049196098645,89,507313
-287.1467809630134,88,507401
-102.72179985812144,105,507506
-427.42795647415164,120,507626
-280.5618766338203,137,507763
-252.12475598990906,119,507882
-397.05441555966223,90,507972
-120.12308095957162,89,508061
-143.69789702463265,73,508134
-270.0097490572671,112,508246
-79.82356672493509,78,508324
-97.00080726074528,106,508430
-210.3580462659484,78,508508
-318.97801019919837,95,508603
-157.8119642680129,86,508689
-143.3558348571043,109,508798
-104.88752650362707,72,508870
-214.30115120678107,105,508975
-134.61439803953846,91,509066
-144.0944688025752,78,509144
-108.3133755314391,92,509236
-95.5965465666954,67,509303
-175.72987878633148,115,509418
-276.6952252169226,86,509504
-191.31556100994743,104,509608
-122.18139479713189,113,509721
-194.41660545509268,133,509854
-374.7275510743441,111,509965
-382.8270355504738,152,510117
-58.62344642452859,105,510222
-128.32840276202933,85,510307
-187.91128148346365,111,510418
29.526206252395212,80,510498
-145.53313536085508,109,510607
-75.18300712042134,98,510705
-263.7335890959444,133,510838
-83.61585247542664,52,510890
-68.68876515108335,55,510945
-116.00886653085189,100,511045
-127.92103723698462,91,511136
-311.7713196079218,77,511213
-218.301535370011,110,511323
-151.93362766096965,83,511406
-121.21458848377085,73,511479
-42.4705113207186,91,511570
-338.7564320452169,90,511660
-83.60048649567909,110,511770
-109.79520126561238,115,511885
-191.05623304090489,108,511993
-208.00533715465994,64,512057
-85.6440695237033,78,512135
-123.92764653557555,81,512216
-134.63737832509244,98,512314
-124.33996973231301,85,512399
-169.54140412510094,82,512481
-120.35253907539222,85,512566
-133.43013120023227,115,512681
-393.3161446451477,136,512817
-348.10160534327736,94,512911
-122.57573766002363,86,512997
-253.97769467344423,122,513119
-105.46917591933038,74,513193
-96.2272826845652,71,513264
-281.93397892551525,116,513380
-72.33924175303964,75,513455
-290.7409613964045,116,513571
-78.44275049065433,81,513652
-119.22834329946595,92,513744
-350.6032158412331,98,513842
-84.41430083708028,74,513916
-218.26409391845527,77,513993
-289.0763496810936,105,514098
-311.98336689628525,100,514198
-71.60117252593187,64,514262
-391.9906055364328,95,514357
-100.88771215756238,64,514421
-363.77593403438027,90,514511
-64.52417420077434,113,514624
-56.3784680055533,65,514689
6.67111901932148,150,514839
-352.4379294823533,77,514916
-114.64188028162232,73,514989
-259.0104468535359,109,515098
-222.58073287871963,81,515179
-280.2671062447875,70,515249
-333.8814041947487,82,515331
-108.83317334493384,61,515392
-101.41966286732584,107,515499
-230.7379906062151,109,515608
-400.1799785212513,111,515719
-516.3719581201921,115,515834
-111.26659722941665,82,515916
-255.97513643506795,105,516021
-257.35628858276334,78,516099
-100.37804025994816,57,516156
-301.2057555614992,95,516251
-138.31344543926673,89,516340
-78.02051544959741,69,516409
-101.2895411613063,67,516476
-74.35376085971728,99,516575
-139.93105315277327,64,516639
-74.05925611648854,87,516726
-125.38530348296389,108,516834
-310.8286811005406,101,516935
-100.49725626368608,116,517051
-67.17708880495277,64,517115
-334.0913849254585,133,517248
-126.09878188653627,107,517355
-356.99157656701266,93,517448
-111.67965943766669,86,517534
-293.6302956665345,87,517621
-286.86164428756615,100,517721
-75.40635697079443,74,517795
-118.98616707739315,65,517860
-127.57641216979238,109,517969
-19.30902001605739,130,518099
-122.28766532908946,120,518219
-352.7389369715322,102,518321
-126.76714133064277,88,518409
-423.6845111888259,91,518500
-228.1766709262358,112,518612
-423.6790671370228,130,518742
-136.45394669680587,119,518861
-103.11266988716072,62,518923
-188.9733584651148,125,519048
-363.6636387779981,100,519148
-94.73192925602885,114,519262
-124.98468159687062,120,519382
-332.3438448256858,125,519507
-113.38011915010406,60,519567
-143.0840437707556,140,519707
-110.64807478750463,71,519778
-212.78542778959707,99,519877
-71.3761019081055,71,519948
-106.76589725055729,66,520014
-503.0530247087531,124,520138
48.18234497650306,80,520218
-137.77935238946174,91,520309
-207.24818059619977,70,520379
-14.979493671336684,122,520501
-137.77350468937485,123,520624
-110.74097445131255,62,520686
-16.01175485255291,73,520759
-100.47127046434268,117,520876
-110.49989085086736,88,520964
-108.882912480854,72,521036
-421.7324313871055,91,521127
-139.38302276883744,84,521211
-346.1046686847264,78,521289
-116.18242312865203,107,521396
-123.93680373326659,118,521514
-100.67229424069173,70,521584
-194.5894283949217,76,521660
-54.25962007127288,60,521720
-384.49742042297765,126,521846
-73.91349442703199,83,521929
-217.37598033162166,106,522035
-241.190131643485,104,522139
-181.34436190522803,89,522228
-78.30926054864119,92,522320
-98.23123444145584,72,522392
-101.50540860692406,118,522510
-88.05165349476576,118,522628
-358.69575483324996,98,522726
-230.34429745614105,121,522847
-72.49545007339287,64,522911
-323.6358879681719,78,522989
-454.31116122691924,97,523086
-215.09842038429656,64,523150
-110.59312234773911,71,523221
-210.28633754578158,111,523332
-111.0300573265244,143,523475
-191.6822598742932,130,523605
-296.65250681749944,107,523712
-189.8652355082028,77,523789
-237.61619234353435,99,523888
-63.072489512561916,70,523958
-380.52128032022364,120,524078
-81.98239910848886,94,524172
-407.59146118587273,124,524296
-61.01708944859599,72,524368
-317.7483033222724,153,524521
-152.96328718725144,93,524614
-109.09562815168013,69,524683
-102.55449375870647,103,524786
-119.74899382558742,94,524880
-63.837541326023356,71,524951
-444.3125314315906,96,525047
-250.41619939966498,97,525144
-230.32737471464065,88,525232
-73.72535822733057,68,525300
-258.77111643630303,107,525407
-94.979682682521,66,525473
-95.2128759222031,70,525543
-96.34306311387293,75,525618
-119.54334309104392,101,525719
-230.4463757287935,124,525843
-153.83654142486867,84,525927
23.519689411080165,88,526015
-139.579435514981,84,526099
-158.58084581229366,124,526223
-351.36483460717517,88,526311
-469.025923302938,106,526417
-251.60907653805472,101,526518
-93.17150453033332,77,526595
38.56088329049052,78,526673
-89.49248146912066,84,526757
-42.38502961606842,84,526841
-125.69082724958801,124,526965
-214.2618577757873,88,527053
-369.9911135316946,97,527150
-221.80222553872528,140,527290
-163.48082521923777,91,527381
-444.0600363882095,116,527497
-351.24931676336615,87,527584
-74.67437591017898,73,527657
-378.6830169066527,97,527754
10.948431546068576,69,527823
-239.358483349486,85,527908
-90.34222721793468,77,527985
-166.1359692424991,83,528068
-138.16546350538746,89,528157
-102.04677457103304,74,528231
-386.6469177669778,97,528328
-53.64855940383378,96,528424
-64.81243269006208,64,528488
-113.23412663668597,66,528554
-147.32746248495278,82,528636
-112.80943853120931,65,528701
-75.80144976252033,79,528780
-329.93413488817066,93,528873
-180.67960831366878,71,528944
-255.60020216030915,114,529058
-443.5237136503354,82,529140
-112.79104693347304,71,529211
-223.7213308719374,59,529270
-120.2427361171357,57,529327
-119.84584384625389,92,529419
79.7389471452164,1000,530419
-168.91823478166944,84,530503
-104.32582390196714,67,530570
-354.41910250508,99,530669
-260.1763568444484,68,530737
-115.2199234371628,113,530850
-135.10029613878868,69,530919
-134.41487734749376,81,531000
-343.9414137468252,93,531093
-176.210471547236,80,531173
-85.97959299340114,71,531244
-102.57107244036257,137,531381
-138.43389269503604,118,531499
-298.8941222544537,90,531589
-238.2255986253899,101,531690
-195.89437707288272,144,531834
-202.00745529641162,75,531909
-180.60514821821522,84,531993
5.949485476664194,76,532069
-85.17913828176951,86,532155
-321.6595841064567,123,532278
-115.63541950868903,83,532361
-98.31858418620219,88,532449
-142.0384087045801,68,532517
-184.09581074262923,92,532609
-165.8842251437552,80,532689
-140.42762398901107,81,532770
-85.67967054985652,60,532830
-142.3695687775047,67,532897
-261.23440125903903,101,532998
-25.86777700722871,122,533120
-114.31678374325433,91,533211
-187.0469013736805,80,533291
-21.966954869423546,76,533367
-106.95485595580337,74,533441
-187.5785448211484,121,533562
-341.5315683908973,84,533646
-457.6553552614545,112,533758
-90.58015331036175,75,533833
-273.62392646262396,115,533948
-103.7156754498425,113,534061
-128.35111320192973,68,534129
-89.81630539633488,94,534223
-254.4769356759251,101,534324
-205.86188425790073,94,534418
-388.85555865964454,94,534512
-106.80195303192151,87,534599
-264.92808015173136,134,534733
-147.04998579736633,128,534861
-110.5226347154859,96,534957
-240.86601367522448,106,535063
-172.9851885695581,129,535192
-102.69869184701835,82,535274
-345.87689348069523,90,535364
-395.39165455440246,93,535457
-115.98062705482178,100,535557
-57.51933522799705,67,535624
-240.6585951893795,58,535682
-130.63231935062697,79,535761
-102.92031566096065,92,535853
-383.0902422156332,88,535941
-525.5049887417156,102,536043
-165.23596469134208,113,536156
-98.91975341963561,113,536269
-174.7954178622559,66,536335
-407.4953545536854,126,536461
-94.75108585797724,82,536543
-134.3961630498449,76,536619
-96.22291607753104,78,536697
-367.4737747561728,108,536805
-81.26470008747043,65,536870
-272.56708035705435,81,536951
-343.8942269944305,121,537072
-156.28559439982513,114,537186
-106.97790036140711,83,537269
12.708144655068182,92,537361
-110.96485663484853,71,537432
-121.93100320292032,126,537558
-418.60726808269357,77,537635
-28.184183025932157,109,537744
-53.72141862539783,118,537862
-18.510875824106805,99,537961
-89.28976871050034,69,538030
-104.43900844738367,77,538107
-141.4814988729213,83,538190
-48.85325523946686,61,538251
-201.1800662521692,85,538336
-103.6087145057792,87,538423
-112.89968957595168,84,538507
-355.66951540304956,104,538611
-263.0181986841051,79,538690
-106.44482264851709,72,538762
-305.30415602448346,90,538852
-85.21316362378059,64,538916
-78.70562139647303,85,539001
-140.17633909479193,63,539064
-117.27510327066904,89,539153
-98.76804216273972,84,539237
-162.5677296512738,89,539326
-512.4204156223336,92,539418
-139.59965875877145,102,539520
-408.7688877682543,100,539620
-68.44837382099676,89,539709
-124.12791076554102,78,539787
-97.74700576509582,64,539851
-280.4552478132285,72,539923
-284.46960478632116,119,540042
-108.85925011364796,106,540148
-100.08635612856096,72,540220
-309.74942760822074,98,540318
-352.51298272103327,108,540426
-116.05008173986441,94,540520
-124.51487633960912,72,540592
-225.10175860230467,106,540698
-390.7486060526451,101,540799
-249.43807521836692,81,540880
-170.48616471114462,133,541013
-307.03860084654366,94,541107
-264.06923646816347,104,541211
-82.24598147565823,72,541283
-39.526363906473684,92,541375
-123.94205831327766,86,541461
-241.83747273070946,93,541554
-354.13713505902183,107,541661
-81.77695372187073,101,541762
-189.18242059234984,101,541863
-215.36994906833195,111,541974
-347.3333468300174,114,542088
-273.818124594603,87,542175
-164.73881304499233,81,542256
-216.65087416806023,74,542330
-56.94000759695541,60,542390
-214.0454688027889,103,542493
-62.28544477690351,70,542563
-283.9500586639275,118,542681
-126.20064688705992,70,542751
-153.36513125327758,71,542822
-110.06703600534398,113,542935
-222.2949584569389,59,542994
-97.9809658698056,69,543063
-166.3206217724939,61,543124
-138.27224683851347,93,543217
-460.16046855708447,90,543307
-92.36519389612498,81,543388
-404.54506012964833,129,543517
-172.51871505092203,103,543620
-127.29457681742869,89,543709
-121.77241465127662,91,543800
-358.9038373817447,93,543893
-96.77490957702831,89,543982
-99.51622260249381,70,544052
-92.70621300635786,96,544148
-344.7355605098127,74,544222
-113.49393405353037,56,544278
-223.9970795509647,90,544368
-246.0777147212656,113,544481
-90.09562493535108,73,544554
-355.07178756739154,96,544650
-244.5087864109131,86,544736
-132.43565426613418,69,544805
-127.90913775669219,122,544927
-73.77361561462047,92,545019
-120.54570540053659,83,545102
-142.73686290540599,69,545171
-523.5017443161314,102,545273
-10.518276048340567,67,545340
-349.82754065139994,104,545444
-222.64596383149103,87,545531
-119.48027797493948,91,545622
-197.58972579404352,111,545733
-282.5899577101199,95,545828
-255.28920471781902,104,545932
-359.14340005285044,114,546046
-138.8984346762884,70,546116
-101.50490193581253,60,546176
-86.60021291147595,130,546306
-122.14964824468034,99,546405
-82.7978815043228,75,546480
-99.21748065429041,64,546544
-237.42448151864747,130,546674
-32.072451861690965,92,546766
-142.27142503044257,70,546836
-336.5318319440604,102,546938
-356.26907873501034,111,547049
-290.081285179548,109,547158
-79.3337960032737,67,547225
-97.24126488589323,64,547289
-75.87917644840076,112,547401
-214.70255749993564,140,547541
-162.82003136656618,109,547650
-114.3624008941937,93,547743
-97.53823872640014,73,547816
-98.29137700262277,68,547884
-309.6276863873395,93,547977
-123.81561694502426,104,548081
-116.6882827875146,115,548196
-194.41340352441864,129,548325
-108.19325442561662,68,548393
-130.079367503017,109,548502
-304.1660362188711,114,548616
-294.96131740150037,107,548723
-180.9795531938396,74,548797
-383.7560638967839,149,548946
-435.15886517243035,136,549082
8.913736646330136,82,549164
-106.71852740090469,101,549265
-256.7915226464911,68,549333
-314.5332626626889,106,549439
-81.65938384650113,69,549508
0.36611879832680927,96,549604
-121.56105529018367,114,549718
-254.64871943453946,123,549841
-190.75379093768225,110,549951
-115.03061496162367,84,550035
-95.5703784807031,81,550116
-148.39925198276072,87,550203
-88.27202396280408,70,550273
-109.56600506731495,81,550354
-103.20923507099134,88,550442
-253.39322826461557,93,550535
-98.16706155050548,63,550598
-182.4156402537161,73,550671
-125.85389843523961,102,550773
-252.59701027839313,87,550860
-63.33067343539308,81,550941
-143.34763227240097,85,551026
-174.86208400754026,106,551132
6.4783298063099295,92,551224
-231.48920106836906,82,551306
-126.47828839716007,99,551405
-141.08055685971794,86,551491
-188.8866943919342,87,551578
-95.61942009513001,92,551670
-62.25413472332746,60,551730
-41.15947478713057,79,551809
-96.20018440535438,86,551895
-267.9459044257754,73,551968
-280.75207285713094,103,552071
-296.19688920493263,137,552208
-90.73189481112354,100,552308
-177.95647444199196,73,552381
-182.4573751112589,95,552476
-204.85098006918597,61,552537
-66.49297642016002,118,552655
6.149211461372218,88,552743
-181.5364877176147,76,552819
-211.27554358735256,119,552938
-269.2480258854207,93,553031
-147.7625344177244,104,553135
-168.34941810488004,96,553231
-215.313225638529,121,553352
-392.40020292402005,125,553477
-142.78174053380292,71,553548
-139.49029803688543,99,553647
-122.48545343734912,90,553737
-156.61319087732392,90,553827
-306.48906911293636,97,553924
-72.77585633501835,83,554007
-368.525022360658,116,554123
-338.9336640338231,103,554226
-339.0015501966857,120,554346
-111.90467625101519,62,554408
-171.54612006267195,64,554472
-206.40489823436297,79,554551
-126.70973216389626,108,554659
-424.4040064356818,92,554751
-385.3520923919156,87,554838
-280.2262521207098,109,554947
-38.206877592640865,90,555037
-201.72560144532696,112,555149
-97.37492108791406,98,555247
-246.92539510407346,100,555347
-332.70673756998275,118,555465
-174.19241182499763,122,555587
-388.89859759874963,107,555694
-138.80820196333514,88,555782
-410.4853737136178,90,555872
-71.20367644066879,70,555942
-151.61948344163167,63,556005
-177.74524072962777,85,556090
-79.44640933756958,107,556197
-193.23418693229726,88,556285
-147.9321848216896,81,556366
-247.80953062977173,85,556451
-121.44809344441747,68,556519
-304.07986327518455,100,556619
-125.90858879917609,81,556700
-95.73666239542061,78,556778
-153.69229649782704,91,556869
-419.68536934756963,85,556954
-82.23017152590491,77,557031
-114.87926820013212,75,557106
-385.989577969644,100,557206
-94.23999644778495,79,557285
-160.36888473261263,118,557403
-100.03356116431053,142,557545
-142.1609676236811,63,557608
-332.91166419821536,117,557725
-177.62848827096758,92,557817
-362.06148433294135,104,557921
-202.53108269984205,97,558018
74.84173535258384,1000,559018
-131.27832989694517,68,559086
-197.2697935021272,92,559178
-118.92837007464827,80,559258
-138.61960305049922,85,559343
-104.69960625072716,79,559422
-253.51010782217935,78,559500
-201.86675486886253,123,559623
-131.5546247051648,122,559745
-169.40747520354512,108,559853
-225.87323171153844,99,559952
-148.5018880069652,93,560045
-39.67501641050386,63,560108
-210.36204263549857,91,560199
-143.5920223751776,108,560307
-135.78257451977356,114,560421
-262.0624569895969,105,560526
-112.4817259333591,69,560595
-172.22871882657063,75,560670
-66.80785284907205,64,560734
-346.9882691408286,84,560818
-80.78387697351249,137,560955
-114.358123744187,70,561025
-283.4833368755538,138,561163
-128.0323635368176,81,561244
-272.6393115196779,81,561325
-219.67548366111362,75,561400
-348.78116385374744,89,561489
-452.2186888076953,89,561578
-76.4883412570974,77,561655
-122.113453625375,67,561722
-82.2215159132665,64,561786
-106.55727843569771,69,561855
-91.7320885455264,72,561927
-102.62787313049634,60,561987
-62.67362834640677,83,562070
-109.33179891101213,72,562142
-104.6002205702072,68,562210
-98.57030866348398,66,562276
-105.1740027026893,99,562375
-115.27376515246954,89,562464
-60.520079531335654,74,562538
-108.45945827274294,89,562627
-281.73603298401844,115,562742
-203.1535491484437,107,562849
-311.72276881244113,119,562968
-137.94419934603155,90,563058
-79.95659805687077,92,563150
-117.80697934622498,75,563225
-257.2311040363861,121,563346
-399.1678851067514,115,563461
-138.25717131927547,79,563540
-372.30718852354624,92,563632
-297.0461761148846,107,563739
-128.26645611254168,77,563816
2.6627079775271625,115,563931
-101.39731341393735,70,564001
-7.4058736201141215,119,564120
-183.27923808537878,101,564221
-234.034819544011,115,564336
-98.33640010321763,62,564398
-252.0174764098378,105,564503
-124.68761151781115,75,564578
-380.14625404682795,80,564658
-154.06602116731102,85,564743
-99.44966453262151,62,564805
-142.03218401238763,87,564892
-148.46103016990764,108,565000
-66.44361158716248,57,565057
-102.76254338837542,77,565134
-187.30187445320928,80,565214
-170.60181081066105,73,565287
-100.8738460508406,94,565381
-92.39908737565038,59,565440
-102.55957684211526,126,565566
-255.1360900619402,109,565675
-296.2585602521243,72,565747
-280.1912261117333,92,565839
-332.69583738925536,103,565942
-110.5316785709607,78,566020
-162.57086980677096,98,566118
-286.031722805533,95,566213
-304.83794094083953,117,566330
-121.64839884873842,106,566436
-327.9129436726968,101,566537
-286.17192246550565,106,566643
-362.8678528600044,84,566727
-54.73672538612472,74,566801
-168.8173970553349,75,566876
-400.3251480246045,101,566977
-110.86639303805669,101,567078
-183.1592749520205,68,567146
-89.92920457437884,68,567214
-103.58706001550644,68,567282
-193.51307681906846,97,567379
-80.18710269211118,69,567448
-103.35681311260545,65,567513
-129.9131366888056,142,567655
-302.8568805998284,87,567742
-530.237808944665,97,567839
-133.4882188057615,96,567935
-94.64072374984251,102,568037
-209.83385018448615,106,568143
-85.0140573226158,60,568203
-406.2664694812167,103,568306
-36.17022190970373,132,568438
-216.06441091764833,97,568535
-91.16403076749206,75,568610
-142.21803536808596,72,568682
-99.48995833537289,71,568753
-83.55242561698802,60,568813
-122.8038899619274,64,568877
85.59142033257339,1000,569877
-305.55208872316757,113,569990
-126.66266801796748,77,570067
-54.0420523118119,132,570199
-278.24667444281886,102,570301
-124.12522891272505,74,570375
-70.44869438563933,70,570445
-311.422376017058,97,570542
-203.4023947318598,131,570673
-153.93524811916666,142,570815
-138.99189274694837,139,570954
-77.93409660431512,65,571019
-160.9919677269043,140,571159
-2.975759216225157,96,571255
-234.09911514746636,87,571342
-311.66181776650467,116,571458
-74.32606537040193,116,571574
-160.82168772624993,109,571683
-110.1657884509489,91,571774
-117.76805670687892,64,571838
-153.31376203557045,97,571935
-73.86219357626837,61,571996
-104.84858220694882,70,572066
-271.5584099094609,113,572179
-134.3657131147449,74,572253
-227.64105232860567,91,572344
-188.5022218321821,83,572427
-284.5882736364746,97,572524
-96.3459529023207,70,572594
-102.17592321734632,59,572653
-73.50576019845364,64,572717
-163.1381661225003,100,572817
-109.19477430784656,66,572883
-279.2253535243453,94,572977
-74.32280360692094,65,573042
-101.24757312227482,79,573121
-89.44819299452539,62,573183
-61.87392491028604,64,573247
-139.7769541024702,71,573318
-255.63970434737732,65,573383
-167.1287312729812,84,573467
-328.3286159019448,120,573587
-144.84501648910214,83,573670
-126.45363160256994,69,573739
-112.29486179357701,161,573900
-128.63807228227836,60,573960
-197.7513551300081,106,574066
-190.61212853520112,96,574162
-230.4553271311443,90,574252
-344.75779790564536,94,574346
-189.2479953838648,66,574412
-108.53660057523112,82,574494
-139.53853333648846,87,574581
-273.1826580032851,81,574662
-158.320208188025,93,574755
-222.40561841474516,116,574871
-77.0909667233814,60,574931
-236.51474693893837,75,575006
-132.5319353491612,119,575125
-374.4327587438331,79,575204
-35.16451011928402,84,575288
-124.22233903668655,113,575401
-138.1294743330174,94,575495
-203.17763093197038,106,575601
-111.30294885914692,131,575732
-284.3203743325493,108,575840
-276.4605629152829,79,575919
-78.09512125031242,83,576002
-208.74511414702002,89,576091
-423.3714728096736,95,576186
-146.2531547844769,79,576265
-91.58931281673104,58,576323
-151.3949613071788,108,576431
-245.74768371808264,95,576526
-388.9962726915486,110,576636
-93.20545644866269,64,576700
-109.75315811925567,111,576811
-65.8092930340991,62,576873
-93.81205944350158,64,576937
-184.11791733378098,79,577016
-44.723081638692335,124,577140
-92.79689057351935,100,577240
29.380895997915758,104,577344
-187.87386642460478,103,577447
-176.60485346453,75,577522
-294.5528864110039,97,577619
-154.0446392453714,77,577696
-78.48066613362215,68,577764
-186.18203304150705,62,577826
-50.680826897709906,70,577896
-278.89713770337846,133,578029
-131.1749319762962,82,578111
-431.1052182682426,98,578209
-122.99890508546129,70,578279
-138.28965581931138,91,578370
-138.8724926925633,76,578446
-330.52415660918854,74,578520
-241.4601548874832,90,578610
-122.3917670264467,114,578724
-105.74361167072482,78,578802
-185.75347285772966,86,578888
-118.60264323207875,107,578995
-495.78504053351384,94,579089
-258.274902030415,99,579188
-318.48046389316266,108,579296
-53.96736842358445,76,579372
-107.13391877698761,114,579486
-426.06731099060255,121,579607
-72.84046793555393,68,579675
-87.29314546310667,66,579741
-169.6536508068238,85,579826
-306.9857320122279,99,579925
-168.36670078247053,64,579989
-223.7750452554551,89,580078
-59.84076075103961,88,580166
-268.38804037911814,95,580261
-350.09188571069535,103,580364
-340.4598665679722,143,580507
-196.13127209195451,109,580616
-74.34460057478665,88,580704
-166.76093224093947,78,580782
-113.59410535572107,70,580852
-130.84134661614212,114,580966
-86.48949799165304,82,581048
-349.017227782839,137,581185
-389.4047055141794,125,581310
-142.07254020125853,85,581395
-108.41871410634695,69,581464
-295.5084615404754,100,581564
-84.12036126575286,82,581646
-119.46973766490768,78,581724
-101.72199610735923,77,581801
-339.10542816752735,121,581922
-235.37028436037318,101,582023
-303.77644324771927,105,582128
-95.92757258352584,85,582213
-202.98374437670645,106,582319
-212.0015478575011,93,582412
-86.5254346451126,71,582483
-120.5835114824595,95,582578
-92.68342947886248,86,582664
-109.53286706406672,59,582723
-124.18078437443609,89,582812
-147.57602484390833,68,582880
-119.27893709788299,96,582976
-101.05311367325562,96,583072
-380.26552673945673,103,583175
-114.33721831981865,87,583262
-110.90797932062739,55,583317
-297.0997747734043,173,583490
-64.01478365344029,66,583556
-180.3951631523306,81,583637
-468.4246562643508,112,583749
-36.61742565582762,123,583872
-107.81311286944873,90,583962
-101.36204695925692,98,584060
-286.73960570399,109,584169
-429.2953364038761,85,584254
-429.42768003298124,85,584339
-257.10433641102964,131,584470
-152.7944487349815,66,584536
-359.0414868036682,123,584659
-395.38109203513113,96,584755
-282.0733731839373,105,584860
-436.2638238009397,87,584947
-249.36401267253714,95,585042
-102.21161127202959,92,585134
-281.6874214576238,63,585197
-195.68231903776928,132,585329
-369.4530044919282,93,585422
-83.58002789513881,118,585540
-85.53911731622645,67,585607
-110.52101155675784,71,585678
-426.67719293550834,99,585777
-74.95780190877538,72,585849
-300.6640423369648,95,585944
4.333993594176491,81,586025
-127.99309763999507,95,586120
-98.87642067380739,68,586188
-127.82196126605523,82,586270
-321.56787492839123,140,586410
-170.45474574065554,84,586494
-163.86189113222332,132,586626
-190.61160924703876,68,586694
-141.16303960067611,85,586779
-324.0265550399113,78,586857
-313.76711345786657,106,586963
-97.90306214350252,77,587040
-207.36370180608685,127,587167
-138.43768419085336,94,587261
-300.996946582019,83,587344
-271.46842039833075,149,587493
-125.76550584998014,83,587576
-109.00356901680995,70,587646
-63.238165829553324,86,587732
-502.42897715270914,120,587852
-110.47482081685455,117,587969
-365.13955597847917,126,588095
-98.90747284774253,130,588225
-388.4475760288928,113,588338
-127.87866735198706,123,588461
-92.61119195448362,78,588539
-150.68865427865893,85,588624
-165.97835602466012,75,588699
-333.8521393444313,130,588829
-95.16217801659603,110,588939
-169.64936769872725,74,589013
-128.29825957266766,92,589105
-65.386910521262,70,589175
-116.59452134071742,69,589244
-397.4712214756315,95,589339
-126.54788850355717,129,589468
-118.611362950126,102,589570
-416.3558029863789,113,589683
-132.4620646007723,115,589798
-17.40317373739053,90,589888
-289.25609170637733,117,590005
-132.51186582724148,64,590069
-49.961823101529866,79,590148
-94.27980177722185,81,590229
-57.6951740071448,81,590310
-184.17104335258455,99,590409
-315.6413307784705,102,590511
-385.26530708010995,102,590613
-374.9556329702208,94,590707
-345.0384977193899,108,590815
-73.25165953727225,64,590879
-111.09253395124362,85,590964
-98.59800336378679,70,591034
-83.50722590332228,62,591096
-157.39998518874467,102,591198
-132.97512039906636,81,591279
-84.05082414829907,82,591361
-142.34322199087535,117,591478
-77.6397236612846,87,591565
-131.48574232069154,79,591644
-224.78240149815676,118,591762
-284.79959278088677,107,591869
-322.910139221534,87,591956
-76.47082737130702,107,592063
-97.23648371965767,76,592139
-226.6548319210401,90,592229
-302.9878325628921,88,592317
-328.13220716884393,121,592438
-186.6782637847926,69,592507
-199.45053482683653,121,592628
-184.8853749438004,78,592706
-421.6446775512274,122,592828
-283.9994821143407,55,592883
-260.3408083575157,88,592971
-97.8516420823693,137,593108
-92.50766383859101,60,593168
-135.04287036501768,73,593241
-316.01283518538605,93,593334
-93.86635417373145,68,593402
-147.48596149423463,73,593475
-196.45563850532488,84,593559
-136.10599596177923,63,593622
-212.51804992268876,77,593699
-91.31388602843566,57,593756
-264.79248850504814,114,593870
-73.99377517445149,78,593948
-264.08803907795004,103,594051
-175.95337828104675,73,594124
-191.4233678818802,130,594254
-310.4456279523439,89,594343
-424.090423561061,78,594421
-479.55841575171723,149,594570
-329.95803396376687,98,594668
-0.9960649771841332,119,594787
-102.31666347468119,78,594865
-407.91110112627405,90,594955
-387.7738302697914,113,595068
-234.37552833822565,107,595175
-84.77846455255367,81,595256
-48.55873211945463,121,595377
-242.2834786766934,145,595522
-59.511123857156306,70,595592
-234.52891498769844,117,595709
-411.0822045492352,113,595822
-306.93907283082785,98,595920
-201.86561127321346,96,596016
-115.4051980773152,134,596150
-162.4964946423463,97,596247
-140.06470149288785,113,596360
-60.00088053073718,59,596419
-149.5341277057992,123,596542
-120.71880429888158,73,596615
-164.14856321545503,67,596682
-136.92037219577196,81,596763
-91.78996165528467,56,596819
-202.32846468906098,105,596924
-458.7884864580759,121,597045
-144.2095862253753,84,597129
-191.285307912187,95,597224
-130.66332444178178,94,597318
-204.31284262341404,71,597389
-84.11636015571816,76,597465
-85.12542670940715,58,597523
-200.05417995082058,64,597587
-200.35988947354508,89,597676
-170.32311053634783,89,597765
-80.77008709453673,72,597837
-92.06890958848186,80,597917
-108.28283954744862,84,598001
-236.08169632715249,64,598065
-323.12136583955674,112,598177
-134.23814978216345,133,598310
-250.35015078646435,83,598393
-111.19170853766097,66,598459
-158.8062800646095,70,598529
-411.297636385264,102,598631
-229.21651008604312,143,598774
-158.76840341272992,73,598847
-160.56169878510454,82,598929
-115.71496278135425,73,599002
-86.08762235216788,113,599115
-192.80861317520754,103,599218
-299.409833424484,144,599362
-109.18556328190698,82,599444
-332.5731649137035,74,599518
-80.56140161819854,65,599583
-134.13648631728307,61,599644
-86.89090392008256,77,599721
-516.5196922616324,95,599816
-190.53611907743738,89,599905
-164.1463035702127,127,600032
-180.71031198692089,99,600131
-267.8635978128574,95,600226
-100.2602249667881,81,600307
-283.70952615134246,93,600400
-172.12740681064554,87,600487
-273.74974079798676,79,600566
-202.57904632328018,89,600655
-72.22540966657965,131,600786
-120.04339988830716,58,600844
-294.6619636703423,86,600930
-326.1304459577761,89,601019
-100.15345665283999,118,601137
-87.3972103016593,70,601207
-306.490139485088,107,601314
-379.07524296460747,113,601427
-135.134162390837,103,601530
-103.67687265085571,83,601613
-426.0757575662155,77,601690
-395.53076014383663,94,601784
-399.7946538768199,101,601885
-75.40241361012268,71,601956
-79.72988978630727,118,602074
-107.36652271786062,86,602160
-211.80290280789367,139,602299
-90.49185768649755,117,602416
-366.47842408924504,105,602521
-109.79481339955223,87,602608
-444.56827730183824,83,602691
-206.002097385441,81,602772
-380.0998496362989,92,602864
-94.25522132644917,57,602921
-104.51966935593298,69,602990
-94.02693996776071,79,603069
-112.71156202572453,94,603163
-343.846336395405,89,603252
-321.61869447777644,68,603320
-220.56943290562486,111,603431
-186.37654070962012,105,603536
-121.33354517767496,64,603600
-73.16988615214134,72,603672
-307.7727355017726,107,603779
-140.3910023219327,79,603858
-135.5276029837537,110,603968
-92.01791790235828,75,604043
-243.10561366624088,125,604168
-96.21830726853742,72,604240
19.253100113008855,71,604311
-453.06228165122036,129,604440
-41.9579608003596,113,604553
-134.8850836105076,67,604620
-97.62586201260802,87,604707
-122.48163170983862,79,604786
-136.20124431657717,95,604881
-245.35121989708898,106,604987
-438.84316847649075,102,605089
-153.13372275559297,109,605198
-308.83445362790326,133,605331
-94.71918521735165,64,605395
-127.395593947789,85,605480
-80.81962874185984,60,605540
-120.84786317901137,87,605627
-163.22371284998164,115,605742
-320.03786154371033,111,605853
-206.2709805563349,125,605978
-243.89713391490815,103,606081
-155.58572169736794,83,606164
-317.39264076607617,101,606265
-150.69014339968695,113,606378
-277.9093666752951,72,606450
-193.33645666462462,129,606579
-118.58277751344608,94,606673
-132.76452725864948,79,606752
-240.09116789281944,95,606847
-73.9455852432418,61,606908
-252.96723783604904,106,607014
-223.85907950204134,95,607109
-263.24682272703296,115,607224
-137.57003796275194,75,607299
-453.0690154964467,89,607388
-56.21739414100267,86,607474
-83.82674995200588,110,607584
-225.64711277297806,71,607655
-252.36240932807465,102,607757
-114.9752368555264,85,607842
-129.62199687657198,103,607945
-89.81334895525484,118,608063
-99.59541113650816,118,608181
-202.60137166161002,102,608283
-97.72820531860273,76,608359
-363.20848652099124,94,608453
-219.63954835613123,132,608585
-340.2567152197955,90,608675
-280.27405904525597,94,608769
-270.53723192668843,68,608837
-70.77664530411569,84,608921
-425.6185372495221,85,609006
-108.08130255751567,133,609139
-338.7494814893313,91,609230
-85.42217423697835,74,609304
-237.3987802008112,112,609416
-409.0423529638531,102,609518
-283.43569387038093,99,609617
-108.79334028117006,85,609702
-175.33098349447653,71,609773
-113.98017173711764,71,609844
-83.26220048919365,60,609904
-68.118298171301,93,609997
-147.0394099727372,88,610085
-270.8877014488344,104,610189
-343.1103704176567,89,610278
-161.91314016139518,82,610360
-50.936729769043694,64,610424
-141.73195453765922,71,610495
-329.63762978788884,92,610587
-333.4585980036993,108,610695
-159.50784949192587,109,610804
-98.16580796409245,63,610867
-148.65170225549537,102,610969
-430.8767824026871,126,611095
-142.76228925458096,81,611176
-360.8619072676251,150,611326
-95.0024268307246,73,611399
-224.02132936446714,107,611506
-314.5660848163395,92,611598
-359.25431766143373,103,611701
-372.48399238948855,95,611796
-318.1875873914048,100,611896
-291.8416520948189,106,612002
-449.2033632396179,89,612091
-133.4247526633899,79,612170
-299.29149784650565,67,612237
-192.09649171418621,113,612350
-79.00341976233977,79,612429
-407.9311235449578,124,612553
-430.67674850598144,86,612639
-146.89993942839806,84,612723
-125.30152029642942,75,612798
-109.82886728676183,93,612891
-255.69445552663018,77,612968
-224.69491486376614,108,613076
-0.8278078710610828,65,613141
-127.47033043979191,83,613224
-314.6772941343649,109,613333
-128.49653910648513,89,613422
-346.33982153685764,109,613531
-414.633686568052,116,613647
-390.99422230212,128,613775
-82.28647390271726,78,613853
-100.4464031575362,70,613923
-226.89060363967099,70,613993
-163.80393108348204,103,614096
-142.3977817580349,90,614186
-74.4224260680397,70,614256
-150.16542687038992,113,614369
-278.55733816335794,84,614453
-180.24002618348223,83,614536
-109.38199796746626,70,614606
-179.69163108735899,65,614671
-125.54153285111384,106,614777
-116.56009995130083,100,614877
-244.4136379393404,82,614959
-263.89518542076496,87,615046
98.54412369500798,1000,616046
-151.6938579367187,82,616128
-142.0879262479772,98,616226
-172.92088185388025,101,616327
-168.03467066748533,88,616415
-246.11635204280637,77,616492
-104.4493605764954,87,616579
-163.55865158757967,83,616662
-83.1155333163212,71,616733
-113.5730403575603,55,616788
-254.74903913035092,103,616891
-262.90536180851404,108,616999
-43.27965131810538,91,617090
-327.19934583950806,75,617165
-193.57951890974596,102,617267
-77.20566019111556,115,617382
-233.16743065091885,115,617497
-373.3203355173404,86,617583
-232.08608618298237,110,617693
-301.67076355145673,96,617789
-378.12074065615013,70,617859
-75.2646442689309,73,617932
-268.3979647248797,104,618036
-124.94272391364274,108,618144
-92.78665874577044,60,618204
-157.66254034589804,93,618297
-151.17728418240483,78,618375
-355.6988342087535,66,618441
-144.72825306524842,108,618549
-159.7835345443945,90,618639
-154.55463070664712,65,618704
-132.54090011158667,70,618774
-173.60222080315233,91,618865
-380.13199321209527,117,618982
-383.1819828517334,95,619077
-138.83054610757335,72,619149
-106.16796823395946,61,619210
-124.13391231450827,105,619315
-229.22167785761442,88,619403
-110.22382154160552,83,619486
-114.3170641993807,60,619546
-378.0048645127449,103,619649
-95.9802818064964,68,619717
-72.57940514520533,78,619795
-167.6707140013313,108,619903
-138.82382507785036,114,620017
-209.24598728192305,79,620096
-91.6889582431156,70,620166
-304.24928598563366,72,620238
-116.35860444218082,91,620329
-106.17285901950903,79,620408
40.21482243109233,140,620548
21.258350259075783,91,620639
-87.540993891157,107,620746
-74.68544210433178,95,620841
-112.87148752663687,64,620905
-105.07885753059253,56,620961
-171.6332195168739,69,621030
-124.92726732957881,71,621101
-71.09234092980535,83,621184
-109.1796440382242,134,621318
-216.8993220002849,105,621423
-96.22196768378386,76,621499
-190.11441036791055,135,621634
-87.31984440291811,130,621764
-333.4933948452493,83,621847
-416.6041336180706,91,621938
-340.1336846149262,92,622030
-211.11390652939147,106,622136
-220.11586309086238,66,622202
-269.0742936851733,96,622298
-108.40585795069381,76,622374
-125.63632705350689,67,622441
-377.91648102443133,91,622532
-199.69773421475838,96,622628
-328.7640478549783,110,622738
-198.8128062644316,113,622851
-248.26200801153254,121,622972
-127.17527618051798,144,623116
-94.72567826332188,134,623250
-187.2617816336644,94,623344
-12.43608579206915,97,623441
-99.59270763717059,109,623550
-343.7973187140807,124,623674
-371.49928927970285,100,623774
-160.55032842935398,80,623854
-38.83635707384007,61,623915
-251.59147038816653,59,623974
-312.8697814367555,98,624072
-364.76508186556504,129,624201
-154.05848999905854,129,624330
-378.57658513274464,96,624426
-328.4041423268027,98,624524
-124.14340952557738,90,624614
-147.96400868628126,99,624713
-107.55382397440007,75,624788
-273.4094348898989,99,624887
-262.4136241721434,81,624968
-222.226150003763,106,625074
-321.07044386174636,118,625192
-131.6264708735026,63,625255
-389.21646744635495,99,625354
-131.48986432892409,99,625453
-380.5111166907157,85,625538
-292.41168517539484,73,625611
-121.22689970733342,107,625718
-186.79925909059716,76,625794
-127.48108161524384,93,625887
-166.98009955447873,97,625984
-374.02725387780197,90,626074
-263.7031827637004,152,626226
-102.0010749187714,72,626298
-124.93594894828045,75,626373
-175.72357228742715,113,626486
-213.34636298703776,132,626618
-104.52779418682863,83,626701
-118.6387879221876,70,626771
-128.08603065434846,125,626896
-13.683482032720505,115,627011
-219.18997916252786,92,627103
-108.99762804568462,119,627222
-94.73613577808945,97,627319
-204.10574034399664,85,627404
-430.19084357076076,95,627499
-88.07534978140059,83,627582
-122.54205832946003,123,627705
36.128330695682536,144,627849
-105.48308900067015,103,627952
-321.8340011761343,107,628059
-106.86559706951208,66,628125
-170.1554049381101,76,628201
-132.49504366442,64,628265
-93.30767706486365,105,628370
-118.13519647264451,92,628462
-33.08625284346034,102,628564
-111.8075794032522,107,628671
-243.14644656425304,123,628794
-328.10371620238607,115,628909
-86.974715873295,84,628993
-318.9232984881193,84,629077
-94.49996520520679,83,629160
-99.02922410451026,67,629227
-193.49010711707388,94,629321
-235.99949833253848,116,629437
-156.68459843002915,80,629517
-263.1116052181725,131,629648
-366.89891012923863,105,629753
-147.51711642190816,97,629850
-131.7442172379284,91,629941
-83.90832637453701,67,630008
-58.280549773744646,55,630063
-223.79291686886526,88,630151
-95.79402985849384,64,630215
-348.18746239409154,89,630304
-134.49971049546016,95,630399
-76.80287709826001,70,630469
-59.23856094908086,94,630563
-124.8625504986334,83,630646
-167.35381472977352,105,630751
-197.9815431254405,60,630811
-440.75276121600893,91,630902
-86.3300887600065,79,630981
-107.12448380022602,104,631085
-384.4763639263327,113,631198
-105.92567935968925,69,631267
-222.91108369885015,74,631341
-342.2428384407297,127,631468
-125.62367761000523,84,631552
-312.0380202194485,103,631655
-316.5867517018438,82,631737
-160.50265987062124,96,631833
-371.6559426420234,145,631978
-80.07619595925621,97,632075
-238.70262334170127,123,632198
-104.5563882814755,70,632268
-428.54682843774526,82,632350
-130.9292297360598,116,632466
-257.3114287563902,118,632584
-88.19285258277205,93,632677
-131.33089038125485,99,632776
-258.22011709866604,75,632851
-231.42152497390728,103,632954
-172.2411245492949,81,633035
-107.17808312652568,93,633128
66.50051071360002,1000,634128
-50.77641095018876,61,634189
-118.84217689419808,67,634256
-353.13012723977204,91,634347
-136.03410619323614,90,634437
-97.51945700778444,68,634505
-90.89642856430767,103,634608
-120.56639052321339,67,634675
-163.71358390036693,63,634738
-191.30349885109217,64,634802
-128.2271615105076,118,634920
-152.07995367129712,81,635001
-297.8754538596777,79,635080
-251.84696671685433,122,635202
-86.49117337132796,70,635272
-138.7700306236339,86,635358
-75.45844517410944,74,635432
-18.602021525418664,95,635527
-326.2191177085326,76,635603
-459.23048814845123,113,635716
-327.41382716929786,91,635807
-101.90131132361304,82,635889
-119.6864545081346,94,635983
-427.8262721826628,88,636071
-425.51153793557313,102,636173
-199.92104630431467,88,636261
-346.0005689836929,107,636368
-133.46745876624132,74,636442
-291.0006612514583,126,636568
-96.42752090331525,87,636655
-138.56329236413052,63,636718
-164.5422095057353,84,636802
-333.2196463502962,84,636886
-161.2800836880354,65,636951
-139.24520538042333,119,637070
-90.98226576155051,92,637162
-335.3783790759732,67,637229
-316.242725505948,86,637315
-220.86387539545495,105,637420
-117.91276323992125,88,637508
-91.53966436880343,85,637593
-409.8376270602519,94,637687
-351.7136377584069,91,637778
-370.4218816449527,115,637893
-15.851867991923314,106,637999
-33.038188990030875,115,638114
-154.8824929947687,100,638214
-90.19141104183977,59,638273
-118.23963975310033,69,638342
-56.89941361486791,67,638409
-398.2188460791285,97,638506
-415.0249721471423,113,638619
-438.7428123267948,104,638723
-124.74446198812383,90,638813
-224.1485137043709,121,638934
-122.89326620398671,68,639002
-187.61253668596396,87,639089
-97.36897351616136,75,639164
-98.9370734949109,72,639236
-55.801249842757926,66,639302
-49.097197713150685,86,639388
-104.91451030287924,89,639477
-108.69737410882964,77,639554
-84.23316428028038,81,639635
-375.6889716391591,97,639732
-89.10659209156236,65,639797
-102.08012359470766,78,639875
-118.13983803356577,68,639943
-156.36773965794725,90,640033
-75.13483447212408,65,640098
-78.65728188632916,108,640206
-129.61188804184053,84,640290
-240.98574278451898,107,640397
-114.41128452060845,76,640473
-324.20970080440543,74,640547
-303.9026303967544,82,640629
-7.049736648456189,90,640719
-116.63975659177363,103,640822
-62.81931710697508,96,640918
-115.28289524365795,100,641018
-214.21196962143682,78,641096
-149.56303129954682,95,641191
-263.22456847501,92,641283
-125.99858931273236,76,641359
-102.04929358581315,76,641435
-104.36290717689145,82,641517
-117.68804040113399,98,641615
-274.0077289764156,68,641683
-335.1850355508652,123,641806
-121.48500907499223,64,641870
-68.93539640710746,88,641958
-193.03988714816663,114,642072
-137.7263201361472,93,642165
-94.87532406936226,85,642250
-97.22944768787366,87,642337
-210.3817031434542,97,642434
-282.50913048551007,82,642516
-47.76803947292366,61,642577
-216.1792983040937,82,642659
-180.2407927891525,81,642740
-150.65032677862533,120,642860
-322.3223036124749,120,642980
-207.52031841743485,97,643077
-200.55850532721308,126,643203
-143.53360920155677,75,643278
-201.0874293281115,75,643353
-40.263496458484745,61,643414
15.083371483557386,87,643501
-84.68786923335114,65,643566
-201.5172045203733,99,643665
-520.8114667867967,119,643784
-178.56001477758375,67,643851
-294.54893435595307,87,643938
-120.98944137140498,73,644011
-113.03939515575486,86,644097
-236.1141658516115,89,644186
-103.2695423588105,116,644302
-100.47537137400339,97,644399
-233.06203213046683,91,644490
-413.7788057933002,95,644585
-361.8458644825476,107,644692
-123.67764353643652,119,644811
-109.83374788407106,82,644893
-180.9899283621936,72,644965
15.863277365559767,99,645064
-534.31980357482,111,645175
-77.66791070744644,75,645250
-265.96850294371745,88,645338
-132.35763513074048,102,645440
-165.67542033614757,70,645510
-280.7035030711206,114,645624
-86.91828592218081,72,645696
-112.53911625512643,74,645770
-128.8546579860637,96,645866
-251.85411663812613,108,645974
-94.24529035738244,64,646038
-85.98003899948655,72,646110
-121.2247939138655,93,646203
-343.9476441687818,92,646295
-328.9900905231457,84,646379
-114.69867525199999,79,646458
-240.88653105013452,84,646542
-113.40114829041661,105,646647
-99.6366357779848,82,646729
-82.72545078373676,87,646816
-281.0091949639212,106,646922
-196.4001921789024,122,647044
-126.53620536416022,92,647136
-186.02118229340158,97,647233
-214.76288374904686,97,647330
-99.91288011108666,85,647415
-192.43023701916445,81,647496
-268.49631352239123,96,647592
-399.4892268891947,121,647713
-99.05896073607883,91,647804
-386.09628105274817,101,647905
-125.58734974352855,84,647989
-45.28951403788871,73,648062
-103.88032450636399,81,648143
-126.24222124741434,77,648220
-89.99578371351745,79,648299
-104.47718797921786,68,648367
-378.11721977548063,93,648460
-72.72846397616098,83,648543
-62.441394234845646,70,648613
-327.4804726196987,100,648713
-194.915896956646,80,648793
-77.45619623481929,87,648880
-306.7036265285607,122,649002
-330.4417106453767,93,649095
-76.62473643794218,74,649169
-338.3752447338673,105,649274
-142.03517516609284,87,649361
-125.89054636406937,100,649461
-229.07455215045175,80,649541
-285.180591151262,115,649656
-96.90714582521046,115,649771
-165.76565662988537,111,649882
-420.92481321764024,87,649969
-115.21219953038552,93,650062
-44.71997405068945,77,650139
-90.61575311349534,79,650218
-111.25278647676427,108,650326
-67.03203481297201,69,650395
-387.29378832494893,103,650498
-255.33667944963557,110,650608
-231.01360708936318,80,650688
-134.85535354376708,77,650765
-117.02345168943032,110,650875
-251.5341114688117,87,650962
-396.82758186861525,108,651070
-173.13770432448007,81,651151
-366.9068844939108,95,651246
-375.65581525176117,105,651351
-245.28224480628816,106,651457
-303.17287109136,98,651555
-134.83088418660356,70,651625
-225.2800446769835,98,651723
-27.899576061354068,106,651829
-170.1158824456229,128,651957
-160.96672434772904,117,652074
-68.5923410589976,66,652140
-118.88606318399106,86,652226
-111.8805756824528,68,652294
-242.78622947527163,104,652398
-105.90785722012784,90,652488
-92.62405940767546,114,652602
-132.76753773602007,116,652718
-210.42719397195611,90,652808
-71.0679039776535,93,652901
-119.67036178594097,72,652973
-491.57955609293947,95,653068
-352.52622071647124,86,653154
-138.6136859238426,90,653244
-141.81356478678802,74,653318
-128.7377898360118,114,653432
-106.95754497449589,83,653515
-115.63279020577716,91,653606
-98.531324771668,83,653689
-104.27354805398187,101,653790
-103.15107760687722,115,653905
-295.5162190719292,101,654006
-358.5187676405633,123,654129
-79.80759805656572,72,654201
-438.8753698699241,140,654341
-199.0972083546177,90,654431
-266.2778378700158,139,654570
-165.8189427488185,94,654664
-8.96838424018992,104,654768
-243.38056058936357,115,654883
-110.32231059188348,111,654994
-365.45438855091845,115,655109
-258.40147328717694,105,655214
-86.05490191514039,67,655281
-122.83129942575451,61,655342
-198.45961613635046,113,655455
-269.01867941837463,80,655535
-119.57438699149158,94,655629
-133.5527942181394,72,655701
-254.41809935544072,95,655796
-66.7721125888618,67,655863
-351.9763037877416,105,655968
-116.6220603799033,73,656041
-115.22129208927404,97,656138
-100.27710384580011,84,656222
-219.90159130306137,81,656303
-166.6263883128596,91,656394
-342.4711518259814,93,656487
-181.61329620038163,126,656613
-301.5932102589645,110,656723
-194.72523292879498,78,656801
-85.48747188070196,69,656870
-132.93463060255442,102,656972
-179.4784987178397,64,657036
-103.61587364582059,75,657111
-153.18924383830944,97,657208
-83.01700321258389,86,657294
-332.48892657489785,75,657369
-75.08509225796446,104,657473
-152.2801556122502,61,657534
-187.41895594566853,84,657618
-175.86118564923748,62,657680
-202.37145252910398,64,657744
-214.21320151716998,81,657825
-176.7540546466295,73,657898
-102.19769114233944,90,657988
-72.60307069808033,75,658063
-379.00003032913406,97,658160
-90.61328765032482,86,658246
-99.75590425581773,65,658311
-325.9986367202681,85,658396
-107.91655122707486,86,658482
-33.23836347815063,93,658575
-86.52107878288626,64,658639
-64.01436216826933,72,658711
-87.22154234541156,71,658782
-180.2358237242882,57,658839
-181.79761251368072,78,658917
-69.79044426556348,85,659002
-157.4882085500398,65,659067
-68.31672120726242,94,659161
-207.135722198295,127,659288
-117.06593679236087,110,659398
-130.9239583413967,128,659526
-202.19383573905392,112,659638
-138.27230894607374,120,659758
-128.46804770484076,59,659817
-126.3696043584759,107,659924
-187.28199103863426,82,660006
-366.76645561295544,90,660096
-118.76065518853008,61,660157
-126.80732963098588,101,660258
-122.0378059297405,100,660358
-411.9876042568111,97,660455
-108.39241219005736,73,660528
-96.30639576407518,142,660670
-147.6583011552597,85,660755
-89.15850598685243,127,660882
-87.59577814838009,65,660947
-158.74221635048207,77,661024
-279.8318930400691,88,661112
-119.56794992454995,95,661207
-118.68443114109714,114,661321
-130.9123693300318,98,661419
-123.06469858869612,90,661509
-175.1991131690484,78,661587
-91.13052459947625,109,661696
-61.8598252092077,120,661816
-172.82907344650846,60,661876
-237.50622200904087,129,662005
-236.82490962482174,80,662085
-42.47739525790372,100,662185
-120.71195781883671,110,662295
-215.50164133781362,74,662369
-345.3730767058638,101,662470
-201.45621850190557,91,662561
-54.07022391093972,82,662643
-100.72956498426215,68,662711
-446.4499254913463,97,662808
-95.56325731738846,56,662864
-96.74985559738595,98,662962
-102.8297345778985,76,663038
-109.73626042308038,77,663115
-115.56831592652324,55,663170
-174.8119013577842,60,663230
-323.8696511979541,100,663330
-194.5789830338759,112,663442
-210.3824736587514,69,663511
-54.626947319041044,73,663584
-139.31280055860452,76,663660
-333.96209540080554,115,663775
-72.27652771055546,85,663860
-95.31975726306477,64,663924
-231.14732563353073,126,664050
-117.73487799639454,81,664131
-149.72519268167085,100,664231
-108.87181461262324,66,664297
-355.6205848497026,90,664387
-399.7984718873956,111,664498
-187.0819740455898,145,664643
-451.1608957539235,91,664734
-143.62438052777642,83,664817
-156.6884391480425,123,664940
-308.6545258630483,126,665066
-76.93336852806327,63,665129
-315.6544002136403,109,665238
-445.0897422869741,98,665336
-97.73950871983844,68,665404
-177.90537325996507,104,665508
-206.09694113160154,79,665587
-114.96715181800622,81,665668
10.206970420764364,116,665784
-517.0148297989248,105,665889
-410.77801634807764,95,665984
-299.92551963503314,96,666080
14.993160052525909,91,666171
-112.33978556679686,70,666241
-221.66457706148094,134,666375
-149.8193701175357,105,666480
-453.43632206504617,119,666599
-332.275063447603,124,666723
-219.83508977152843,71,666794
-197.61584896683078,89,666883
-89.8367354732191,68,666951
-305.7829763550217,124,667075
-229.99202958843932,103,667178
-190.24674307444357,146,667324
-348.44743852013653,94,667418
11.22490682628441,125,667543
-279.59510092237224,92,667635
-380.0642280306138,117,667752
-204.8657518584355,81,667833
-61.483755930688545,89,667922
-41.84842888182911,139,668061
-169.44597088124266,73,668134
-116.67006119210184,77,668211
-116.76785868243226,68,668279
-117.23712432161244,120,668399
-82.60229238772405,66,668465
-148.290133892658,84,668549
-81.48962916485146,66,668615
-82.6126801299999,75,668690
-92.74905205702295,61,668751
-411.22763152258835,82,668833
-265.2142142347667,94,668927
-221.57852294260783,91,669018
-55.58397023921444,69,669087
-420.66502909129156,127,669214
-296.3350198033361,91,669305
-237.87154673881423,99,669404
-102.72733153985082,64,669468
-99.06736143236733,63,669531
-193.05734811611492,119,669650
-91.44588949197237,77,669727
-107.76304185176043,72,669799
-372.228066866113,90,669889
-149.56634965496426,71,669960
-98.76580043165745,98,670058
-202.44493015211697,127,670185
-153.76169788238323,65,670250
-126.91948897626702,68,670318
-185.37297425531085,114,670432
-302.55004858840516,94,670526
-138.57216122052012,113,670639
-82.74720039651746,77,670716
-93.0111184765876,91,670807
-139.7290853244158,82,670889
-160.44951774974166,77,670966
-132.99492442464788,78,671044
-182.35770970496915,95,671139
-149.1281728188912,69,671208
-62.63123174652976,62,671270
-274.87855029090997,97,671367
-392.19629778616127,86,671453
-231.22513016566973,92,671545
-95.45692411351861,88,671633
-129.87749152450164,106,671739
-233.00941450336578,88,671827
-86.0496227143348,84,671911
-93.40893012361963,60,671971
-114.19658062545975,83,672054
-208.88608420707732,71,672125
-112.18282942820181,79,672204
-331.86364430251734,119,672323
-433.9527390516086,105,672428
-168.32558603505402,100,672528
-135.2218909247882,91,672619
-106.39672277550874,95,672714
-58.53444690217758,133,672847
-135.83191134333762,75,672922
-133.37383142186272,71,672993
-222.65898184908735,109,673102
-232.3349385109435,100,673202
-303.1264027642553,81,673283
-290.62814650174744,110,673393
-199.4314221620356,91,673484
-67.19853447110107,61,673545
-195.89578346473502,105,673650
-173.3649533352101,90,673740
-94.94759277738157,122,673862
-125.68234449610634,82,673944
-120.13155826183981,68,674012
-130.82985756874973,100,674112
-219.71828384470584,75,674187
-165.01247008850135,137,674324
-315.30343269556397,71,674395
-112.86601962556725,66,674461
-185.21990105671807,118,674579
-240.1870417343764,98,674677
-278.1170012731076,108,674785
-58.668240947805785,60,674845
-339.82967962622126,103,674948
-128.41854847033818,93,675041
-206.9095206496341,97,675138
-64.19207059443013,110,675248
-65.18304722458701,99,675347
9.843076492756822,118,675465
-46.13310938418071,100,675565
-190.67578836813013,96,675661
-133.59638027411847,61,675722
-124.3701776924851,90,675812
-323.63447933273665,109,675921
-156.46953677617464,131,676052
-12.033076068368501,102,676154
-105.92624670556191,79,676233
-69.49724469517805,67,676300
-336.85999803027437,96,676396
-193.64692230125246,73,676469
-194.8233293879614,131,676600
-327.2760390283522,123,676723
-162.6657867304719,58,676781
-100.34976057534703,96,676877
-87.20947245073691,72,676949
-90.65825353930235,139,677088
-438.3756859756954,90,677178
-308.021601437003,91,677269
-83.9377988603379,76,677345
-399.8654006305868,87,677432
-79.0078485908314,68,677500
-247.8913286780319,114,677614
-328.4021522343219,94,677708
-437.3295764826973,109,677817
-406.28041088606494,94,677911
-570.523632827249,104,678015
-82.02050294620176,81,678096
-208.71248344942285,84,678180
-169.526236778324,111,678291
-118.02465277652863,80,678371
0.6471623854690307,99,678470
-119.60130664054066,112,678582
-74.57826023182733,104,678686
-163.05892675413077,113,678799
-67.53220795674491,107,678906
-273.7016236841129,105,679011
-93.78940312588601,92,679103
-87.80718001819581,82,679185
-251.04766260287633,98,679283
-222.82871886663554,121,679404
-84.88555474011491,62,679466
-61.17888515024046,57,679523
-136.0810510546574,102,679625
-145.5745330694472,109,679734
-426.47600338950235,117,679851
-112.37183691757502,66,679917
-220.11575901641123,111,680028
-101.1828824711562,91,680119
-133.52687269335482,70,680189
-294.1673935506004,102,680291
-81.05258051829473,75,680366
-243.01072258205005,87,680453
-135.00530409697018,112,680565
-215.10472057285565,101,680666
-245.6599923474632,105,680771
-153.91241400138838,73,680844
-100.88392366170699,74,680918
-342.4576118554376,118,681036
-256.45176872290904,104,681140
-183.5973884004096,108,681248
-461.0954270190677,94,681342
-188.8984898077813,95,681437
-127.0099654197372,133,681570
-100.59567750294468,68,681638
-155.407731669731,81,681719
-138.51995855245065,70,681789
-155.5594527436947,110,681899
-368.45901587903865,127,682026
-147.94935592726944,60,682086
-111.7180008698584,108,682194
-116.97936618863537,74,682268
-340.45926858684675,104,682372
-166.58435573249926,76,682448
-218.75107418175273,94,682542
-302.8486080293882,116,682658
-92.50976654641433,85,682743
-82.86810410526806,60,682803
-446.289626946487,111,682914
-107.7587050914118,102,683016
-225.66323677256418,94,683110
-56.2602525831445,85,683195
-165.7723404462077,100,683295
-214.95720659558955,86,683381
-260.86509475735784,69,683450
-152.54560029575765,57,683507
-14.039829562735719,121,683628
-215.12900546989312,95,683723
-90.84694884106273,83,683806
-88.18262220829229,69,683875
-305.1480442739384,105,683980
-105.45496468171861,76,684056
-130.64836716643413,115,684171
-382.71650377391666,110,684281
-88.25218488182352,92,684373
-223.35027313718777,116,684489
-103.23273249452463,76,684565
-434.09553198435634,96,684661
-339.1235077343904,90,684751
44.91282160079908,76,684827
-98.82762691306863,64,684891
-90.15925105945846,59,684950
-178.1425386035532,73,685023
-125.39303375636865,61,685084
-99.88616976591769,78,685162
-258.7838271843136,109,685271
-107.59637095303034,71,685342
-109.7724132031382,78,685420
-325.69187816562675,106,685526
-128.83084851061702,81,685607
-121.87213277282834,74,685681
-94.32770689362316,75,685756
-82.90450950947212,104,685860
-497.52254446013677,101,685961
-49.74979330040466,100,686061
-103.9209006664681,94,686155
-188.50503448470212,67,686222
-235.65656513446504,95,686317
-163.8538611620054,81,686398
-346.31862039303314,99,686497
-80.77753580603431,70,686567
-98.42686867979779,70,686637
-155.00901756061225,74,686711
-405.83984405506925,94,686805
-291.135893332191,87,686892
-139.32588455834883,100,686992
-345.3659392635791,78,687070
-76.36320269777028,108,687178
-422.327241996343,76,687254
-177.4307743020824,122,687376
-122.63429014589784,94,687470
-351.17138310631776,118,687588
-123.2147703087743,66,687654
-120.4737123074575,102,687756
-450.8556720262122,87,687843
-360.8950032146227,98,687941
-73.1446968491932,112,688053
-174.40605851806038,72,688125
-61.94745788725801,118,688243
-109.70708330721362,90,688333
-147.9669036032409,95,688428
-53.668533352224344,130,688558
-91.54841765743205,110,688668
-420.6040008430579,101,688769
-336.5591174608797,82,688851
-123.59416328671493,105,688956
-357.7568001804456,106,689062
-271.9988836781487,91,689153
-283.38306643712576,94,689247
-217.09951636726805,117,689364
-240.0881210699954,152,689516
-103.56606223740766,96,689612
-150.06365242230177,133,689745
-115.92591078493143,109,689854
-245.02251633519654,105,689959
-123.18980665454873,70,690029
-104.23496897280654,71,690100
-133.47294352815499,118,690218
-112.1733635262183,108,690326
-91.4332326148827,67,690393
-110.94888834771503,80,690473
-182.78026918674448,72,690545
-209.56073543198102,90,690635
-312.49685870897645,73,690708
-352.7536491764895,101,690809
-112.9983675647274,75,690884
-96.20368081732849,75,690959
-108.61804557152904,89,691048
-102.2019563144518,111,691159
-135.3675066630527,116,691275
-146.0903666398675,94,691369
-176.4131595848391,87,691456
-82.69942373206803,63,691519
-183.65439691379297,71,691590
-92.84039148992179,80,691670
-94.59375896877926,96,691766
-173.27990432628667,69,691835
-111.25346186539522,86,691921
-308.8986700215077,123,692044
-120.51899698426855,84,692128
-87.47034978018394,77,692205
-207.07457294103807,70,692275
-185.7567528977081,110,692385
-149.11998447863206,74,692459
-251.6362549497069,111,692570
-220.58774759536027,118,692688
-151.8641351582849,111,692799
-354.5960802428514,87,692886
-354.84922894359835,93,692979
-113.58633505160232,79,693058
-66.6201938169691,135,693193
-94.4985982378187,67,693260
-113.80003994636404,83,693343
-312.67682265019255,112,693455
-299.468750361674,119,693574
-444.66863283616095,118,693692
-149.66220995017324,85,693777
-136.8773808657429,62,693839
-188.0658086646933,133,693972
-102.98989940699425,70,694042
0.3742842942618694,96,694138
-322.34726967919937,96,694234
-131.47201835267646,83,694317
-112.14244610280905,103,694420
-95.71347496619995,72,694492
-305.6521236755822,76,694568
-345.7699001069712,114,694682
-113.79723849206624,70,694752
-125.6878416069185,72,694824
-346.86026027779224,122,694946
-151.19709671586685,86,695032
-137.91689863324922,58,695090
-152.85638351607346,86,695176
-157.24825515036454,84,695260
-125.6808734535121,107,695367
-75.0785330902055,113,695480
-62.767170495532255,81,695561
-309.02472003753553,57,695618
-89.01328682319323,75,695693
-74.09505039137264,80,695773
-125.75812066229742,94,695867
-134.43228055411208,107,695974
-344.0850910074484,110,696084
-226.49894962482355,104,696188
-135.19405446968983,90,696278
-85.06065789762359,76,696354
-143.40770945889076,90,696444
-191.6180745553982,123,696567
-126.78843169064235,74,696641
-74.74816711623589,68,696709
-205.1182940178603,110,696819
-157.32781009112546,122,696941
-169.97773122129794,72,697013
-124.08527509194207,67,697080
-257.37332736391477,103,697183
-86.6026521302532,69,697252
-127.7277681069545,96,697348
-91.85430351794946,87,697435
-102.70648327430544,74,697509
-123.36744521271402,66,697575
-165.71490540225992,69,697644
-101.76020042005666,94,697738
-126.67970256026955,82,697820
-120.3862325651902,104,697924
-77.66438867970466,86,698010
-140.87165455517334,104,698114
-325.63538031925407,95,698209
-68.80609098371659,120,698329
-75.07428161052488,58,698387
-195.7577676943068,114,698501
-388.3068837307675,114,698615
-423.1308217057982,122,698737
-220.4263101311626,88,698825
-81.7817365163681,69,698894
-146.7308387114428,82,698976
-117.50558451029299,63,699039
-101.53364265933946,100,699139
-104.5377242593405,76,699215
-194.73686211892237,91,699306
-252.00368588732988,103,699409
-178.29047248734898,60,699469
-337.77959915274107,107,699576
-161.91064861959012,105,699681
-115.37179026715671,76,699757
-504.60308016003006,140,699897
-145.26649677934802,84,699981
-118.62508122619369,94,700075
-102.2034440150024,107,700182
-89.23343156408838,59,700241
-99.99308813218413,94,700335
-426.6966675995871,80,700415
-360.08168338240375,112,700527
-86.62179756596181,61,700588
-106.63504744749015,73,700661
-271.6879954046184,112,700773
-414.5088425669524,98,700871
-89.9790995415761,73,700944
-155.41194479912957,95,701039
-77.20173741106306,73,701112
-142.2706650124076,68,701180
-301.3103506759069,116,701296
-123.0940027677424,107,701403
-326.853251131935,122,701525
-265.187050862449,92,701617
-73.8112162366759,70,701687
-131.3794467637187,67,701754
-186.42761772963968,71,701825
-195.2653866935309,87,701912
-121.7329382697307,87,701999
-486.74249517915314,111,702110
-80.51900021994116,61,702171
-136.02514277532197,77,702248
-519.102414293332,91,702339
-151.85633785356197,73,702412
-96.70823277992486,81,702493
-100.5299359192828,87,702580
-65.6470430491398,76,702656
-120.67122025601779,73,702729
-81.02039239222104,59,702788
-199.56925449098884,79,702867
-327.95080345293024,87,702954
-265.8827287303691,94,703048
-129.2588505681851,67,703115
-109.80413024569405,82,703197
-166.0547779724673,101,703298
-91.25949491414869,76,703374
-250.3879934396652,80,703454
-310.5796817592212,77,703531
-245.45784286524506,113,703644
-178.59061913234783,65,703709
-318.23405184434625,101,703810
-157.32676447903802,102,703912
-106.21838462832355,57,703969
-131.20189802558815,109,704078
-166.49296475981282,72,704150
-357.0130634884397,117,704267
-132.49103720408738,63,704330
-77.67636757883182,63,704393
-112.24034484507587,127,704520
-225.3147806419231,95,704615
-60.569448338376105,62,704677
-102.3544838446195,87,704764
-116.93037306021023,70,704834
-77.81261057173518,67,704901
-457.216693816698,117,705018
-114.55828660983327,79,705097
-140.86511101502737,74,705171
-73.61002352565278,72,705243
-194.86428803710754,80,705323
-123.14742911520212,130,705453
-367.9812888411718,80,705533
-180.23454561393194,92,705625
-100.43037067077506,75,705700
-131.70124326524058,91,705791
-93.53061085820397,72,705863
-240.5717645677237,86,705949
-121.79043181384233,80,706029
-437.39150394149266,110,706139
-110.1894360584202,94,706233
-190.42082285079474,106,706339
-93.30597694754621,133,706472
-183.86189438651897,70,706542
-120.29588740065152,86,706628
-125.62344662463663,107,706735
-100.57304022776276,85,706820
-67.02305609273972,72,706892
-92.00112215560422,78,706970
-219.25649151195762,93,707063
-154.9225277232494,69,707132
-171.1692088149489,95,707227
-298.92543247983815,103,707330
-71.52192147000568,71,707401
-166.43197911576792,72,707473
-371.72646571433927,91,707564
-241.9323612399906,119,707683
-391.18542394009836,92,707775
-170.92332909851388,82,707857
-123.39328239363454,75,707932
-212.32570133573455,119,708051
-196.4761315463152,70,708121
-226.91921677033545,96,708217
-318.36247359175,123,708340
-119.0391318586677,81,708421
-309.81211940356275,122,708543
5.500669415948295,64,708607
-171.4166882144313,117,708724
-368.5669831210945,98,708822
-346.25304255623735,99,708921
-340.8079674579567,82,709003
-122.62235030625374,100,709103
-104.30230963836549,111,709214
-320.43064229107824,102,709316
-99.72134723345872,69,709385
-132.2722849550685,77,709462
-261.77365144526937,135,709597
-79.94126165654441,82,709679
-384.8290372921698,118,709797
-131.9385840158269,58,709855
-101.38639314695918,108,709963
-346.9006486714792,86,710049
-279.445834887925,120,710169
-90.42826190982099,75,710244
-180.24718102162365,77,710321
-456.6126061607611,100,710421
-165.70645336584616,116,710537
-126.13129901682225,79,710616
-222.2879986484847,89,710705
-171.58848330366936,98,710803
-232.0704830437866,126,710929
-157.47797348357946,99,711028
-216.02874378275297,83,711111
-85.0136469118577,59,711170
-123.34093522398277,89,711259
-372.33491407647455,94,711353
-307.68459195542766,109,711462
-165.01591151155412,68,711530
-110.61742771853037,97,711627
-315.2940259606995,107,711734
-147.32731513321895,75,711809
-385.6090165069006,119,711928
-261.0534747484582,65,711993
-147.50721211768666,84,712077
-132.54054941865655,94,712171
-150.56802170126855,69,712240
-344.5161321029231,130,712370
-157.21140468341122,71,712441
-99.86141676563251,56,712497
-412.14598334500795,103,712600
-55.1128960219514,77,712677
-173.64705297729546,67,712744
-180.84952001912967,69,712813
-114.84104418137599,108,712921
-148.48345837061413,61,712982
-133.77130464122524,131,713113
-154.83172358745787,104,713217
-119.93325690935401,124,713341
-251.68817591521955,88,713429
-346.713679012899,115,713544
-61.78699294434251,84,713628
-129.0654550898956,79,713707
-78.36429822294652,72,713779
-359.624219191936,106,713885
-72.0242064999783,72,713957
-262.0714801182381,116,714073
-94.78637063063067,63,714136
-119.83925003990034,74,714210
-149.31851489902857,135,714345
-115.52344537651194,70,714415
-142.8397396103979,116,714531
-496.66200262146475,104,714635
-170.39284807109533,112,714747
-169.4581271676056,101,714848
-93.23724898819466,95,714943
-86.48637529679242,76,715019
-366.26953376020265,99,715118
-22.917831832554185,148,715266
-57.0213694082806,118,715384
-111.02790955975017,85,715469
-288.1686361767299,85,715554
-106.7589218935575,82,715636
-191.12093052339677,143,715779
-103.34955371386229,89,715868
-185.54934348165395,98,715966
-100.70583521696618,79,716045
-306.6331849966859,79,716124
-92.8069103559221,60,716184
-251.47066395424488,114,716298
-199.47555598193426,92,716390
-16.909526626328557,133,716523
-82.58227510151715,92,716615
-259.8417774525047,108,716723
-174.82219360246154,116,716839
-64.3999181305939,61,716900
-156.41819332637397,81,716981
-224.92477273992137,78,717059
-344.19359207786124,113,717172
-90.553210071338,88,717260
-363.833531962876,103,717363
-135.81048617204368,71,717434
-180.16920803982728,82,717516
-100.99776658345662,60,717576
-338.80953231410865,93,717669
-317.0397692731616,88,717757
-39.77779420009119,81,717838
-422.8695182922238,114,717952
-154.97748954624836,101,718053
-414.9952564414145,87,718140
-279.24053943823696,93,718233
-46.439191620793736,84,718317
-124.27656772979236,99,718416
-166.5536590298048,74,718490
-114.23916422738476,64,718554
-53.398843003760156,66,718620
-163.97853646142278,64,718684
-88.39354231034001,91,718775
-313.7571316839108,95,718870
-228.92790105288978,78,718948
-110.41437826841012,84,719032
-199.9580280282063,109,719141
-89.35149466860956,80,719221
-94.65046964307754,79,719300
-185.72243411596787,81,719381
-438.388634095694,108,719489
-123.34470950499212,67,719556
-73.80495250362313,72,719628
-156.9140252538258,85,719713
-204.4121533188063,112,719825
-112.38544609483623,78,719903
-311.072908287681,104,720007
-115.12924825174866,112,720119
-139.0713429856219,80,720199
-343.1789673528551,88,720287
-140.79035702708157,115,720402
-38.129948187276995,71,720473
-248.27749572242956,104,720577
-78.16769200962271,64,720641
-239.23762228966595,127,720768
-447.8795385324262,84,720852
-130.21233139220254,91,720943
-346.2618069109532,89,721032
-252.80671925545673,117,721149
-93.05030016489442,70,721219
-132.41882566701827,90,721309
-219.14955448505467,60,721369
-110.82041535859545,63,721432
-116.31862438773769,67,721499
-40.841224395732326,60,721559
-79.40369419075947,79,721638
-128.47263236599179,92,721730
-45.67352874400781,75,721805
-355.9313167908809,91,721896
-120.99680460348608,79,721975
-185.27172229078073,88,722063
-72.94571063497486,64,722127
-185.29964586181092,60,722187
-147.18668202086886,70,722257
-99.30608669975885,77,722334
-88.2919160283217,65,722399
-143.6518335235351,65,722464
-122.58553888190855,76,722540
-116.33875773576487,70,722610
-70.60483492717391,79,722689
-166.06173000627348,81,722770
-43.210078267231495,93,722863
-206.21363731744262,104,722967
-117.90442412904021,91,723058
-107.43308859964102,79,723137
-177.68123426314975,67,723204
-127.1027857543579,80,723284
-269.6689674949715,138,723422
-358.76990531102086,88,723510
-99.19387165090367,72,723582
-105.32537652078712,88,723670
-51.89500248239234,77,723747
-229.88196567645363,113,723860
-98.05612161770767,70,723930
-203.1352281807209,89,724019
-115.33826120512803,103,724122
-178.07377822243305,117,724239
-258.94732384390096,91,724330
-237.59104742337257,75,724405
1.9324517739068483,107,724512
-380.44786468228665,80,724592
-47.23461746871844,66,724658
-113.29175148915022,85,724743
-356.46590519288765,98,724841
-348.3237670167671,91,724932
-139.00497386081327,107,725039
-97.83994591560169,61,725100
-73.43894790023236,77,725177
-223.76779102286764,115,725292
-190.02841043921995,125,725417
-94.05740924891941,64,725481
-382.0923215950329,111,725592
-100.63411554783023,76,725668
-115.48375011106663,133,725801
-133.15350104080989,91,725892
-240.35660971480272,62,725954
-266.8754162864915,110,726064
-161.56382930845626,86,726150
-358.25968064588807,140,726290
-84.10405599191184,105,726395
-118.30932522526524,101,726496
-200.81111651145338,145,726641
-210.55886715328597,77,726718
-152.04859248180054,89,726807
-106.00662765787828,88,726895
-47.6174341364303,74,726969
-97.57940051946085,100,727069
-205.69023162353423,100,727169
-203.78550926580604,63,727232
-151.39394270607352,114,727346
-96.62341002893533,97,727443
-111.2525465933161,69,727512
-103.16389369491625,58,727570
-557.7363762410611,102,727672
-103.48817569343908,106,727778
-297.1437773673624,80,727858
-81.90610407840296,84,727942
-95.21280273071665,78,728020
-367.02068603692464,102,728122
-399.35946742601107,87,728209
-154.89995776148922,130,728339
-156.7493429395271,64,728403
-439.4381457198403,106,728509
-178.25898737414286,90,728599
-113.87341172143256,73,728672
-165.43677666260186,96,728768
-125.87581559647401,90,728858
-101.53047794098929,64,728922
-31.549496582030812,87,729009
-319.34159026922714,77,729086
-218.69262098251357,85,729171
-513.1046444244155,89,729260
-495.31504832901624,95,729355
-56.88795178609307,63,729418
-84.82486726527398,67,729485
-121.6727011895207,87,729572
-116.98632584980555,97,729669
-50.656122439233016,79,729748
-117.38334243439544,82,729830
-247.3130259444226,94,729924
-94.34948889936803,71,729995
-280.59029830572877,77,730072
-285.1010076155304,89,730161
-68.25343441214412,68,730229
-324.45594402097936,100,730329
-231.33354513828374,134,730463
-163.1226475318976,113,730576
-83.48228315803959,100,730676
-335.06300260327146,98,730774
-270.6589394985783,106,730880
-122.00357879287276,65,730945
-398.4362777447414,74,731019
-92.07579509994463,77,731096
-270.9714353919045,66,731162
-177.2455266451698,76,731238
-92.23027800721496,107,731345
-143.77418614051547,99,731444
-85.9585850718371,97,731541
-139.69978858817709,71,731612
-93.67912909174046,68,731680
-223.46884758958052,79,731759
-94.73179692673715,96,731855
-148.1506988483286,69,731924
-86.54732523780511,101,732025
-339.6866860144495,93,732118
-88.34013197568598,59,732177
-113.45285520211982,86,732263
-381.0321244261583,85,732348
-358.73965978883774,101,732449
-17.989150572141057,108,732557
-82.6785046916016,79,732636
-53.815750390049864,83,732719
-127.73152562894086,107,732826
-85.67476469294539,67,732893
-177.6294659822803,77,732970
-285.0192191947667,108,733078
-162.71856073882026,132,733210
-129.29427476141007,70,733280
-349.27092698073113,77,733357
-321.25887770403597,91,733448
-122.44726794136723,81,733529
-113.26452381812763,68,733597
-21.805820704340775,117,733714
-135.76352064307065,78,733792
-375.5737986829155,87,733879
-96.36239662300491,72,733951
-201.3373455851363,123,734074
-287.98191755621986,103,734177
-234.35462538786567,88,734265
-137.7168189443243,83,734348
-82.01934884603159,63,734411
-66.84525430787478,102,734513
-129.8855330501718,114,734627
-275.7752918954462,110,734737
-131.12506767781565,84,734821
-141.68943315346965,114,734935
-14.863966482931431,70,735005
-85.64832013127747,116,735121
-141.43216745605892,79,735200
-159.18403052077355,82,735282
-88.98008786619152,70,735352
-503.29975839484797,93,735445
-227.20976390483844,75,735520
-111.68378730049923,90,735610
-94.09796987653229,66,735676
-104.36572347587912,105,735781
-114.3491299401408,122,735903
-290.19829091316,108,736011
-109.42287655642106,79,736090
-204.07620828031742,75,736165
-273.78428805873676,80,736245
-83.26251942997688,106,736351
-90.37504268537519,129,736480
-68.63751788965513,67,736547
-311.26732830340876,91,736638
-411.82278470185014,119,736757
-135.80565856558317,75,736832
-89.07572824082766,79,736911
-186.06568646209382,87,736998
-210.92530748884033,73,737071
-261.24984951878065,119,737190
-339.37188156481545,88,737278
-379.5293009798511,96,737374
-125.46708532239454,87,737461
-158.84625929473032,60,737521
-134.38263755199515,91,737612
-147.11540433971416,110,737722
16.019507572756993,111,737833
-76.82363752575442,71,737904
-23.004110403916926,92,737996
-167.37859925725428,85,738081
-76.66430933963224,70,738151
-159.03671470143252,107,738258
-124.56491928439817,118,738376
-478.51627394163495,115,738491
-139.39661815356487,120,738611
-99.68610917283817,72,738683
-164.85535037243613,57,738740
-213.39637854200936,120,738860
-94.0010239753377,93,738953
-467.2522517126014,95,739048
-96.34861384558673,69,739117
-233.92173046731182,106,739223
-98.55463723460674,98,739321
-423.0508115119178,114,739435
-226.2992512207398,113,739548
-367.46448353117,113,739661
6.539132551330596,74,739735
-385.75114281624974,76,739811
-83.39768664475639,62,739873
-152.13203110201033,111,739984
-235.23184154563478,131,740115
-260.2642541487941,102,740217
-104.94231433657703,69,740286
-129.86502535528842,134,740420
-10.925954414390375,80,740500
-433.9675130346888,87,740587
-506.7912945112333,130,740717
-384.83139027626504,100,740817
-377.23738549070885,107,740924
23.331709426318326,78,741002
-260.57461579907573,71,741073
-215.45294602845422,111,741184
-69.21771499493002,80,741264
-158.57867554557257,78,741342
-190.9416204705829,84,741426
-388.0411928460868,97,741523
-285.3675354410124,90,741613
-139.14451161203817,115,741728
-316.5232074979609,102,741830
-100.67759135104745,58,741888
-68.32572265372637,67,741955
-99.27342886272399,75,742030
-152.69207382905637,63,742093
-76.74132657680501,76,742169
-152.44067428990462,114,742283
-95.23778423768579,61,742344
-104.06654207308176,89,742433
-108.94434057051487,99,742532
-172.6904131816729,83,742615
-90.9005164789748,107,742722
-191.9365242988313,95,742817
-130.0561779809442,78,742895
-107.8442072740838,89,742984
-64.1370926737887,65,743049
-112.57572334751616,78,743127
-423.1860596251586,84,743211
-277.3984129566462,78,743289
-132.04183216759427,82,743371
-120.40538320805251,105,743476
-140.70684085567262,116,743592
-262.5538735125905,92,743684
-107.92365034505617,103,743787
-85.55872812342236,66,743853
-330.08352490306487,92,743945
-78.04523748540618,105,744050
-197.11765513378367,72,744122
-130.40735028723063,84,744206
-82.81177198779363,65,744271
-136.91455408423548,78,744349
-111.46591443188765,80,744429
-193.9227500988613,90,744519
-88.27226005853942,61,744580
-135.3755538051713,79,744659
-197.89096809956806,125,744784
-86.12476996424121,70,744854
-187.90155227502865,78,744932
-154.30146825223073,102,745034
-149.3950613155197,71,745105
-171.0859463428003,82,745187
-109.72481264346516,84,745271
-101.30798823275192,73,745344
-166.87450297719312,98,745442
-201.37561000895303,106,745548
-244.85854981511739,89,745637
-82.56169572542522,73,745710
-95.91510169590963,79,745789
-394.1786148273137,75,745864
-94.74136738378101,73,745937
-126.66638257600728,72,746009
-307.66555980546326,90,746099
-359.1956434213369,99,746198
-101.66822918299398,60,746258
-343.3654260457453,78,746336
-103.07385571931833,84,746420
-155.54815770438503,90,746510
-208.31668683539152,79,746589
-266.49789746801184,80,746669
-277.4534977304571,73,746742
-80.64273631380715,63,746805
-157.24846533155892,56,746861
-84.5072332339252,61,746922
-187.86608543333745,63,746985
-154.35295070690097,130,747115
-276.7484969214328,126,747241
-89.56555562034174,64,747305
-307.72483683562734,74,747379
-272.69124853730534,101,747480
-125.89234731582823,96,747576
-234.43764660566913,62,747638
-202.0036668128463,69,747707
-115.75673022281418,88,747795
-220.6982944104145,103,747898
-344.7391168537545,84,747982
-264.2784140398835,115,748097
-142.7309947358915,129,748226
-148.29142395102917,131,748357
-85.4210277039382,56,748413
-86.08187477242423,80,748493
-306.8291305898367,134,748627
-109.17672794293085,108,748735
-107.43723235176797,83,748818
-194.01149441252178,85,748903
-169.4774061406274,84,748987
-105.44007410587871,67,749054
-58.63522776283079,60,749114
-152.51328318321686,145,749259
-92.85213135595977,62,749321
-213.6473643073256,105,749426
-282.8302991607466,69,749495
-78.40143377817144,90,749585
-108.73195804632924,72,749657
-168.4302337134843,78,749735
-343.63179453282015,74,749809
-263.0129180303428,94,749903
-289.3526369440011,102,750005
-291.04647612454664,69,750074
-149.90461661805443,79,750153
-148.2483048668485,60,750213
-280.62625438574196,121,750334
-130.2259389166452,102,750436
-240.67365459520494,88,750524
-102.47723337689315,76,750600
-332.00943721592046,115,750715
-108.50287232775605,91,750806
-439.08836993904475,96,750902
-112.30533658670073,88,750990
-186.44374085340675,73,751063
-102.86465153110916,85,751148
-172.94189011586852,100,751248
-107.74106896964037,69,751317
-105.60817926264208,113,751430
-100.07680436983397,73,751503
-217.4463283315148,95,751598
-253.00358565143412,115,751713
-165.80925372437372,163,751876
-239.1130976875116,123,751999
-307.677057380865,95,752094
-230.07573685467676,74,752168
-93.81799812018824,92,752260
-148.31683338155406,76,752336
-59.57184463605756,70,752406
-107.45000729768397,84,752490
-379.8631712217702,97,752587
-104.44749942925213,70,752657
-90.51755596206398,87,752744
-193.6832698015396,68,752812
-90.1097171955686,68,752880
-178.2422253392042,113,752993
-100.05333891010783,97,753090
-178.85420624665085,75,753165
-117.75128105560074,72,753237
-92.47626994135243,77,753314
-218.80654104434439,69,753383
-127.28943864745348,63,753446
-276.6815947005182,124,753570
-111.09057036230314,87,753657
-280.7789727833459,107,753764
-162.43883335403157,121,753885
-103.55556345959201,63,753948
-132.17856952158465,85,754033
-126.95452532158207,115,754148
-79.38950627655107,98,754246
-151.25443376020908,83,754329
-80.23057923859838,105,754434
-182.13350361814156,93,754527
-131.06303053753098,104,754631
-177.49614675232442,129,754760
-68.04466441978812,62,754822
-257.58848822163213,71,754893
-230.4737227135679,65,754958
-205.8995202860652,96,755054
-99.7575469303991,62,755116
-108.56074161634467,111,755227
-100.2782412762601,72,755299
-175.738244552935,96,755395
-278.3159970116325,117,755512
-131.23343578618966,96,755608
-69.72054795899085,60,755668
-136.36154681796697,117,755785
-323.1791405275134,105,755890
-406.8814739358876,95,755985
-270.6853146063023,85,756070
-305.38890116256937,163,756233
-139.04930648183134,73,756306
-135.8993740798682,93,756399
-148.5083706079718,78,756477
-125.28966866445904,98,756575
-85.5533722901463,77,756652
-127.55443537948436,92,756744
-148.8389637719232,107,756851
-306.2778532590161,93,756944
-354.0252185643244,81,757025
-90.10727524585342,70,757095
-378.1052269150144,124,757219
-289.2501064491987,89,757308
-113.85604436368314,97,757405
-338.12561385845106,112,757517
-146.98833088348852,108,757625
-226.0871870587439,114,757739
-245.78029289887837,122,757861
-137.49573164755614,100,757961
-115.16484839593389,123,758084
-110.60623989358858,108,758192
-448.5243308971084,104,758296
10.481177478767506,82,758378
-133.67875076171856,94,758472
-316.02494529607515,83,758555
-198.89468604018495,95,758650
-297.02961713968216,107,758757
-214.48575418149508,102,758859
-93.50884162202047,93,758952
-88.66131426698824,111,759063
-172.4726817441661,146,759209
-98.65919185579148,83,759292
-402.70808431041957,127,759419
-235.07798739659623,98,759517
-462.5330895717773,106,759623
-114.10884618073686,114,759737
-78.32910177549444,75,759812
-117.10243692721232,94,759906
-71.05034173130889,66,759972
-204.9515980669077,94,760066
-111.32591688661265,90,760156
-190.2809354969944,95,760251
-364.0603573800656,115,760366
-302.19943688260025,90,760456
-99.11625597021441,126,760582
-125.86155811305471,121,760703
-83.55978684810626,82,760785
-143.76580754281377,103,760888
-88.28326007366361,58,760946
-113.75961879138244,119,761065
-235.671443361262,94,761159
-264.3460835462121,69,761228
-307.8084529959476,115,761343
-168.83000214341152,75,761418
-138.15331231761962,56,761474
-129.86304252193054,106,761580
-241.99123655963828,86,761666
-217.17650938400516,108,761774
-181.15994938739976,85,761859
-152.1357597261423,125,761984
-412.40809444144526,104,762088
-52.031619835168115,58,762146
-152.42029908710964,77,762223
-339.3063814368568,85,762308
-4.400753998820022,139,762447
-201.92715479288285,85,762532
-257.50597715879525,81,762613
-114.92778450346626,107,762720
-147.36779850386958,78,762798
-140.6608817348979,125,762923
-48.507324578362706,68,762991
-239.36333659462318,77,763068
-197.88415569532998,105,763173
-100.3326409100399,60,763233
-84.79847265643835,73,763306
51.29952055576641,118,763424
-147.67409665030794,77,763501
-72.8532620196205,60,763561
-103.80987154023384,118,763679
-58.656989163558535,76,763755
-179.82729598869608,58,763813
-290.8801750306652,93,763906
-187.85112457017533,83,763989
-96.2999164550038,87,764076
-90.96614350300254,78,764154
-122.6798450510539,129,764283
-209.703540673769,80,764363
-203.03896475393867,76,764439
-288.0303044149658,86,764525
-87.5241335409821,72,764597
-112.9313189065571,120,764717
-90.10464024651799,70,764787
-167.3116479499027,60,764847
-94.73199354337677,75,764922
-114.86530648129457,109,765031
-196.26109705496714,125,765156
-185.15841124818093,71,765227
-133.56224136935532,107,765334
-113.8223335449499,101,765435
-47.82788689032567,75,765510
-193.32987854336938,68,765578
-140.63804191114417,88,765666
20.372198460230777,79,765745
-145.14045327562854,88,765833
-222.10714317832816,111,765944
-116.59325324475043,132,766076
-11.57039188007299,93,766169
-108.19140976421265,73,766242
-163.06161525652175,101,766343
-107.41197243686658,74,766417
-61.21855812724213,59,766476
-370.79244016613774,83,766559
-270.50555465047876,88,766647
-118.08505741490836,66,766713
-89.08645739571992,94,766807
-89.91968145861016,87,766894
-201.73169948024403,95,766989
-96.75692145267136,93,767082
-187.41288730821458,128,767210
-284.59182487350336,110,767320
-100.99318337977776,70,767390
-64.73270442290477,60,767450
-208.5947372709757,113,767563
-288.1476169572396,116,767679
-256.82806592902426,83,767762
-98.75995319528194,65,767827
-176.56139237403363,82,767909
-359.73068357623566,92,768001
-147.78892626701696,94,768095
-95.62427214717046,71,768166
-119.83893322193298,68,768234
-125.29634970511123,85,768319
-182.33487346671677,100,768419
-104.62115347306367,119,768538
-204.7848572400648,90,768628
-99.92005900485694,71,768699
-238.82706537985618,83,768782
-88.38457277298198,74,768856
-146.94784076645828,85,768941
-132.1519110648372,86,769027
-180.7793858765299,113,769140
-137.5518413136066,89,769229
-322.33860192290655,102,769331
-165.61889944358444,63,769394
-111.84712315885612,102,769496
-187.83589052709425,107,769603
-120.57021137609887,70,769673
-368.82077304575375,91,769764
-226.57899117995225,94,769858
-184.16743471242174,102,769960
-117.5668823385395,108,770068
-169.9493772986932,104,770172
-208.07319745942198,59,770231
-90.91499209421181,92,770323
-96.62753120560924,68,770391
-161.22957392088324,116,770507
-92.46685700594313,73,770580
-80.07106066648488,67,770647
-63.371192472788486,64,770711
-85.54505745242338,85,770796
-175.26592730472146,103,770899
-97.91804240592032,67,770966
-203.697998396843,118,771084
-153.84023091300597,139,771223
-120.68733908148562,90,771313
-144.99743622234126,114,771427
-266.18114244274875,81,771508
-248.0096468027906,111,771619
-177.09785938939643,117,771736
-76.10701206826548,68,771804
-375.4834330791196,147,771951
-357.33611496821607,99,772050
-50.815166056115395,102,772152
-234.91353553631185,122,772274
-148.72792990785175,101,772375
-203.87459069957552,74,772449
-99.6995332850196,95,772544
-148.13107499720377,61,772605
-298.88629913256864,104,772709
-410.957027490598,118,772827
-232.61059992272715,103,772930
-175.4490209713424,97,773027
-66.29997309594236,77,773104
-434.25615483508454,96,773200
-82.0184449214808,57,773257
-99.86881343266839,91,773348
-50.24316453180633,61,773409
-100.46463505547968,64,773473
-105.18494274404027,76,773549
-129.87238233736878,103,773652
-198.95219912925108,119,773771
-103.71083905029153,60,773831
-116.91993503803563,73,773904
-178.55620569355125,115,774019
-81.57564010136349,69,774088
-147.24607176357597,92,774180
-113.11900716313032,59,774239
-210.22269209442644,121,774360
-405.40887767979564,97,774457
-90.54434500954021,128,774585
-112.77239476708694,123,774708
-53.30915109414589,66,774774
-97.55747764123153,77,774851
-89.88785082906881,77,774928
-318.18932230482983,88,775016
-256.61119062627847,124,775140
-341.7386599630567,92,775232
-120.79154986700368,122,775354
-103.44045892174731,106,775460
-283.89639885128065,85,775545
-122.7625940422735,131,775676
-289.5004389148486,95,775771
-325.531617104211,100,775871
-46.08368523799953,62,775933
-88.03088475782107,64,775997
-229.03253972405247,77,776074
-126.16107331938963,98,776172
-301.2776313447126,106,776278
-215.18149326723392,101,776379
-106.73419442662116,81,776460
-464.2479059779679,117,776577
-84.04001122051913,104,776681
-364.2578803001443,88,776769
-253.67332536394525,112,776881
-311.58995750542357,91,776972
-110.67501574782318,80,777052
-127.35177321773537,78,777130
-108.94235043883373,63,777193
-194.8647830818336,128,777321
-371.4916968006206,100,777421
-321.69665622051446,101,777522
-443.2214128447935,129,777651
-134.83392701053882,106,777757
-313.65926814707404,111,777868
-100.2344091467811,84,777952
-244.5635875680283,84,778036
-143.6034518076414,82,778118
-104.01573543156037,75,778193
-248.07585507121195,93,778286
-67.78448382414328,69,778355
-94.06622102392299,58,778413
-362.50294273418945,108,778521
-143.88641102653384,69,778590
-90.85342574109588,64,778654
-193.5299607380161,80,778734
-379.0982193584399,111,778845
-193.66276986333241,124,778969
-227.51047278220295,84,779053
-130.27868280656483,103,779156
-167.96586500216057,151,779307
-141.72670990585289,99,779406
-180.28210106426081,122,779528
-427.1045559301937,87,779615
2.480373491229429,85,779700
-274.0609907267078,95,779795
-155.11859194174477,69,779864
-408.23594737621136,83,779947
-100.98721689200143,78,780025
-402.4256241069537,93,780118
-355.27450669431573,104,780222
-308.85322837011825,114,780336
-166.4646122758735,114,780450
-158.49141941362592,95,780545
-381.8488591201554,113,780658
-100.68889522597854,95,780753
-305.6168811487274,104,780857
-55.14835547884314,86,780943
-188.66096386298693,75,781018
-211.86232599935752,88,781106
-139.0841596271214,58,781164
-116.34132311876527,70,781234
-80.3779464209203,87,781321
-105.08452471916856,83,781404
-102.7116515815549,176,781580
-221.23728851041392,119,781699
-112.61561183703186,78,781777
-140.8376743750934,90,781867
-82.25413000583373,83,781950
-88.84096431498517,77,782027
-114.85329819190471,70,782097
-63.84292900123697,60,782157
-121.51133063206349,89,782246
-285.28233336804385,133,782379
-316.6564425016641,96,782475
-124.99603396814192,106,782581
-400.9476610421556,104,782685
-207.32232525288651,93,782778
-236.23350500111928,93,782871
-163.29026645590076,129,783000
-134.69116142939967,127,783127
-88.12906749961132,69,783196
-134.72240691235663,86,783282
-206.73355316956875,100,783382
-56.491674041602316,61,783443
-126.53310930531538,64,783507
-99.52497145025941,63,783570
-6.250929995667747,84,783654
-11.092693095388867,103,783757
-172.61911821312157,97,783854
-75.67343213596278,60,783914
-130.96489927971925,93,784007
-90.3969629602121,72,784079
-262.2136583997564,128,784207
-100.29041151984215,126,784333
-116.83521116762168,101,784434
-131.53712061296395,83,784517
-178.2195009522493,91,784608
-90.51169758800769,75,784683
-332.1566733672703,81,784764
-331.07224679291346,88,784852
-245.89905395045488,86,784938
-282.63119368764416,87,785025
-90.93248843203736,93,785118
-317.5232988881173,106,785224
-151.01407566091115,79,785303
-372.36049573849,102,785405
-350.36209439070956,106,785511
-137.75539071328853,61,785572
-195.55083938930278,116,785688
-209.4846678916303,102,785790
-34.52823144277369,66,785856
-451.2258350720134,100,785956
-135.2703178901071,77,786033
-245.48400590232683,108,786141
-216.8587652029039,118,786259
-118.48071834422905,75,786334
-236.37600997042327,81,786415
-316.6687076409058,118,786533
-263.93368764137324,139,786672
-306.4988836576144,112,786784
-73.38266935805969,80,786864
-109.79894381291014,93,786957
-194.21657738593254,115,787072
-125.41912688684307,91,787163
-111.8551229775743,116,787279
-52.54387259931601,83,787362
-207.98397771288353,105,787467
-172.70652761936205,64,787531
-435.09155420630174,109,787640
-550.3744805229576,97,787737
-211.28549705573676,115,787852
-102.09153603801937,134,787986
-105.72354136795316,69,788055
-162.74542580331325,85,788140
-159.82219653708572,71,788211
-134.6539756900082,111,788322
-98.96170004810577,134,788456
-528.1597196707369,97,788553
-313.91313571754335,92,788645
-181.95008888831825,77,788722
-96.1657855232813,100,788822
-210.4005677042283,103,788925
-325.439223095083,85,789010
-131.00811906746605,114,789124
-116.87659035620567,71,789195
-125.5733245991691,71,789266
-403.7736752528231,110,789376
-78.4416085039056,75,789451
-95.79746119921946,83,789534
-117.11333275075525,109,789643
-419.98054495422616,105,789748
-131.93188433678202,92,789840
-161.8259410269184,113,789953
-272.173908263478,140,790093
-102.56949108257636,57,790150
-236.31443762035832,106,790256
-157.16035374835621,72,790328
-363.7443140221423,87,790415
-284.1872693129103,90,790505
-218.67812647820455,83,790588
-178.63414069138454,106,790694
-205.20617928603164,105,790799
-50.11937690704085,70,790869
-76.73093043347907,64,790933
-318.2374809297096,88,791021
-306.2768487021036,75,791096
-117.31088312007918,95,791191
-152.076394338189,112,791303
-207.75232653536318,74,791377
-141.04076858578287,116,791493
-23.9827771760622,130,791623
-194.9639624966836,110,791733
-133.92880949033002,104,791837
-370.4191497072207,125,791962
-439.0350388236763,109,792071
-192.61896771225275,118,792189
-61.729180433700435,111,792300
-128.49514805291147,80,792380
-204.6369271098945,83,792463
-220.56850866066844,112,792575
-157.46956176436535,71,792646
-132.40645866700078,80,792726
-93.43799726635424,96,792822
-230.54264368328487,78,792900
-125.5893091582819,119,793019
-205.7646739812551,83,793102
-97.2466587968798,66,793168
-112.43220528094484,108,793276
-98.29908359601784,65,793341
-517.2732043628835,121,793462
-252.52252134848442,104,793566
-161.50328986901314,69,793635
-96.19348971817183,103,793738
-217.01627136760487,67,793805
-119.73518552026759,120,793925
-182.96059014914118,93,794018
-135.18980268797725,66,794084
-129.35583257168832,135,794219
-159.6392035242465,119,794338
-167.9164592071074,111,794449
-199.6140959444059,78,794527
-66.82826941951798,78,794605
-191.07355712650073,119,794724
-421.317254845042,116,794840
-85.71843797739217,79,794919
-58.038601412050085,73,794992
-207.682236512072,106,795098
-100.21045787865557,100,795198
-285.41713757345974,101,795299
-128.55398180487873,80,795379
-185.05885144539897,73,795452
-127.15231166137386,97,795549
-134.71566904649217,100,795649
-61.39194122111665,72,795721
-228.99308648586188,110,795831
-455.06586739673975,107,795938
-82.25330995052363,82,796020
-18.404242657870455,102,796122
-74.03438075680705,123,796245
-211.95965395305686,89,796334
-154.46548331951033,88,796422
-106.78767600009412,113,796535
-112.41576452120245,67,796602
-331.03689600186715,122,796724
-148.77033453665354,104,796828
-197.28166444840951,100,796928
-123.55906721669355,65,796993
-246.58617213491334,86,797079
-182.76929349875218,63,797142
-153.06043865533928,74,797216
-151.83660297975615,109,797325
-126.26690686990672,98,797423
-164.4228266526003,112,797535
-265.31715604022463,80,797615
-58.954634391835775,122,797737
-218.51541428893705,98,797835
-98.92191839475997,87,797922
-218.2568001365707,126,798048
-119.25806560618267,110,798158
-302.4295936559263,85,798243
2.3483334603236585,86,798329
-118.01332783603046,94,798423
-195.35874870265684,87,798510
-92.77039090353111,80,798590
-248.5094153375088,73,798663
-68.18841708208811,66,798729
-99.53632011433952,72,798801
-143.16864096438695,114,798915
-133.581903737831,91,799006
-78.61817675157118,66,799072
-101.57885998438425,64,799136
-92.10589146948605,67,799203
-104.22773237389211,81,799284
-113.67281733903539,95,799379
-293.165585674629,78,799457
-46.719576183259846,62,799519
-131.68941615194407,62,799581
-96.65580876748791,59,799640
-155.33839147548247,77,799717
-150.84688537432845,79,799796
-90.89822110296082,86,799882
-116.53557803566815,105,799987
-164.88625013088563,71,800058
-437.5130068842631,86,800144
-100.75874300854383,92,800236
-112.81287544153328,117,800353
-218.8589109111948,119,800472
-105.9545618768251,127,800599
-106.60294268039392,84,800683
-112.69782536976422,92,800775
-198.49032151799176,87,800862
-142.9515422918156,103,800965
-149.06519573068513,110,801075
-272.07994997833543,72,801147
-175.24624216855815,118,801265
-194.3957162305096,75,801340
-170.54415948467596,101,801441
-93.41734761550649,108,801549
-120.0406961817167,79,801628
-84.15123210312349,65,801693
-166.73440169893462,93,801786
-257.60435697190337,92,801878
-118.6667939982461,123,802001
-242.5845273648477,103,802104
-170.50492518841725,78,802182
-371.11359428685563,101,802283
-125.37182546338582,85,802368
-382.3169957443498,98,802466
-236.7391391312502,73,802539
-92.55939209539113,103,802642
26.03838907324554,148,802790
-306.37597702204886,104,802894
-135.47728963254434,88,802982
-89.0806171554003,66,803048
-231.7424975739283,86,803134
-161.69405057918578,58,803192
-133.06321539634314,113,803305
-64.66716215981704,89,803394
-94.11654811467557,105,803499
-80.53746330879859,57,803556
-76.38475291895594,76,803632
-186.210089365982,109,803741
-123.46948012169999,111,803852
-203.0125266182824,90,803942
-272.6704706483024,112,804054
-192.34392090872183,123,804177
-100.8278895551048,92,804269
-100.17906577486289,80,804349
-128.7506948712758,66,804415
-176.0343437184382,104,804519
-66.59484028646405,68,804587
-360.6460448275209,79,804666
-149.347129334807,111,804777
-208.76922658553863,73,804850
-367.74263528363093,85,804935
-183.9671828380831,82,805017
-173.85138830622355,127,805144
-175.31020862094647,109,805253
-375.75286709281306,85,805338
-214.98682142114905,84,805422
-196.89725480687764,74,805496
-96.20726507739907,76,805572
-125.19855958123945,66,805638
-193.84104560433497,126,805764
-109.66595948434262,80,805844
-270.91161385068006,99,805943
-97.64256517107356,85,806028
-103.55996966445996,105,806133
-430.2218980004027,98,806231
-71.55411049844831,106,806337
-119.61199098230095,85,806422
-95.5642632931266,65,806487
-142.50199651838562,75,806562
-397.9024383927517,106,806668
-390.0037694876862,109,806777
-372.7829382310855,91,806868
-350.9806046081677,76,806944
-167.35826547988916,87,807031
-292.37709633613963,117,807148
-266.3068306197663,114,807262
-124.8814729304418,107,807369
-100.27299279565152,141,807510
-142.64821217055953,77,807587
-372.0019216860022,99,807686
-108.65101611657657,76,807762
-59.28049121247106,73,807835
-158.64093277810565,72,807907
-128.95006393414837,111,808018
-60.91622962520994,128,808146
-210.66873671938328,117,808263
-215.45948746201697,116,808379
-92.92583413632782,104,808483
-226.9904730595172,107,808590
-97.96394952104973,91,808681
-289.88616477156074,82,808763
-232.6281856216701,85,808848
-79.69382217385879,67,808915
-166.40403082685833,59,808974
-360.0456007347717,120,809094
-65.75231853502137,68,809162
-208.08224302473985,85,809247
-421.6761062016555,107,809354
-354.19819667110846,126,809480
-152.62797129700013,109,809589
-260.4188443302069,113,809702
-138.38142063802223,80,809782
-78.32272822799698,95,809877
-168.66559366571175,75,809952
-112.31919792747821,75,810027
-98.58639162146669,91,810118
-167.4076563444366,105,810223
-125.16820350997092,68,810291
-153.86492523768504,73,810364
-141.3907759431141,87,810451
-106.43625967889096,72,810523
-364.08428004632066,87,810610
-136.31132299636653,93,810703
-304.1723971490184,78,810781
-100.58509419723,94,810875
-295.51341371879823,90,810965
-360.59845787169576,68,811033
-146.1134339214758,72,811105
-147.18334728618416,70,811175
-100.47726894752918,119,811294
-145.9388156390345,69,811363
-121.72822369009918,98,811461
-176.60285141113494,112,811573
-229.92580765422474,85,811658
-72.89723334209447,71,811729
-376.17878971859665,77,811806
-333.2190930679035,64,811870
-81.69840800791627,61,811931
-189.50579855236543,121,812052
-483.6653859549449,105,812157
-157.80849464686898,80,812237
-144.96672795119306,110,812347
-105.06992323825288,82,812429
-326.45787720110576,84,812513
-96.85383610774807,75,812588
-329.6989659958325,93,812681
-47.75416326055381,65,812746
-73.70574664657369,59,812805
-24.11093984627918,65,812870
-222.93472495392638,101,812971
-111.72769060745458,111,813082
-137.5981803826857,81,813163
-76.11731507046517,66,813229
-314.58730788317325,100,813329
-133.58834322718872,98,813427
-219.7121441862032,106,813533
-66.3576782830672,76,813609
-134.53457851352286,93,813702
-24.668502549281172,103,813805
-120.26090569498298,131,813936
-175.71600140529918,96,814032
-150.20318275269884,92,814124
-101.44407194059903,62,814186
-205.2860001344402,85,814271
-27.797200420090505,108,814379
-174.48516010121241,98,814477
-170.8664766521027,106,814583
-103.57901402925188,55,814638
-134.46793801737908,114,814752
-104.47037668894014,64,814816
-78.86639260815898,104,814920
-130.25341902538906,72,814992
-421.87625341613284,123,815115
-102.94408015484117,101,815216
-142.18873206151721,84,815300
-360.4675269644157,136,815436
-197.17629217725957,60,815496
-127.8715546935719,85,815581
-84.90508761138577,94,815675
-91.11781126670161,58,815733
-124.86027243081422,100,815833
-97.7766472558653,90,815923
-105.54190085497862,86,816009
-233.14761051732697,128,816137
-191.1987098829763,124,816261
-239.03905045280104,121,816382
-280.1221987714972,133,816515
-170.7661817356549,85,816600
-95.66295563742695,73,816673
-101.94128972169257,96,816769
-216.67481079497014,109,816878
-260.56400972014376,81,816959
-233.94946694646217,160,817119
-87.68813524114287,64,817183
-131.53516226130404,103,817286
-216.1062992011411,96,817382
-194.85397550062538,83,817465
-177.2347966963505,76,817541
-224.7896071818376,85,817626
-105.25419897619,96,817722
-265.28138572974717,128,817850
-281.2697304508091,129,817979
-109.61974487329492,68,818047
-128.1132219201756,118,818165
-214.089912322597,102,818267
-106.90208169764473,70,818337
-351.8223106822846,73,818410
-229.0780510117914,117,818527
-481.08197569389694,84,818611
-117.74097505833657,69,818680
-247.22645051254437,70,818750
-378.68799562804315,107,818857
-313.5578450108311,81,818938
-174.74361976358068,102,819040
-90.07516977726175,69,819109
-176.18293080511074,83,819192
-118.37338233114178,97,819289
-344.5899645590298,108,819397
-109.40020782565536,70,819467
-150.64848264636265,88,819555
-317.1268540011432,98,819653
-100.66205401069435,77,819730
-283.4426340669865,97,819827
-92.42309434866078,70,819897
-120.53778491969011,100,819997
-301.6322597370057,84,820081
-207.48073749986304,91,820172
-176.05871898875557,110,820282
-475.79178886144626,106,820388
-74.72294026300986,99,820487
-197.72751729709574,80,820567
-205.83797656051374,114,820681
-174.3096736393135,65,820746
-202.52123124299527,95,820841
-113.9475119306624,74,820915
-418.9389472931044,81,820996
-221.33757112668513,75,821071
-70.44649135605832,64,821135
-103.02709801918563,96,821231
-118.65777229007483,111,821342
-101.19830041526087,68,821410
40.44442505275188,85,821495
-7.813957506820742,104,821599
-184.37207200683844,83,821682
-258.61762543438454,102,821784
-111.45563436072024,89,821873
-227.76620572314027,128,822001
-114.94137799040631,67,822068
-331.1471138946072,98,822166
-82.6360708979307,106,822272
-187.74161811160258,90,822362
-446.1508000701114,115,822477
-291.39060260456864,108,822585
-160.99492605674527,68,822653
-222.6290277521659,105,822758
-350.7796652769068,80,822838
-165.7986050842478,70,822908
-153.28645164745603,103,823011
-101.23912849490824,117,823128
-89.94650534889689,59,823187
-139.61642126734446,72,823259
-309.33849937465436,117,823376
-354.88364422520635,99,823475
1.2578735476555067,86,823561
-113.87274455239016,97,823658
-102.6600293870565,70,823728
-169.45221852775384,74,823802
-111.93809103757748,80,823882
-95.17533413967801,70,823952
-85.31093813422508,67,824019
-13.030851784346027,121,824140
-105.75114715028003,66,824206
-97.2233754296883,106,824312
-86.83910778091324,67,824379
-503.2535592539432,97,824476
-81.6351408640146,66,824542
-44.92518890454288,103,824645
-70.64855780385362,106,824751
-125.5458000534909,84,824835
-93.44194218704436,85,824920
-131.20686161617414,65,824985
-98.0599454291855,123,825108
-134.59054825167178,119,825227
-143.79560050339165,90,825317
-304.6956932994699,74,825391
-207.7993243415641,128,825519
-41.40806003452852,119,825638
-96.43495403074975,111,825749
-64.7463879174181,64,825813
-184.93489394921238,70,825883
-181.50734520471215,90,825973
-64.68927592547222,60,826033
-3.960177335650215,88,826121
-52.70182274836979,89,826210
-168.53564727176422,89,826299
-84.83848989766406,70,826369
-280.3586689652969,109,826478
-123.56762909249832,69,826547
-122.05847983752068,115,826662
-135.1461082989895,86,826748
-155.1621653173063,85,826833
-216.6310745444478,94,826927
-114.28916404179404,81,827008
-132.3857990147137,95,827103
-118.92283287652398,86,827189
-87.72268699373831,72,827261
-163.39334460695298,100,827361
13.635588910514471,94,827455
-107.8976160816586,65,827520
-93.41322933478216,72,827592
-163.06660042818754,83,827675
-50.57940366315753,83,827758
-102.20102827115083,66,827824
-145.30420053489732,89,827913
-144.76057509244777,97,828010
-230.10243009002448,103,828113
-72.57750489126002,59,828172
-64.90282300685368,67,828239
-207.5909392249486,131,828370
-390.24627998581565,87,828457
-156.80253536031577,98,828555
-114.46683719272785,89,828644
-181.64326134249396,87,828731
-61.61527742423671,75,828806
-128.51632763333586,80,828886
-364.11290258603987,145,829031
-123.59725087290907,99,829130
-339.3835467657314,116,829246
-119.10769724126045,129,829375
-171.60250850602546,101,829476
-183.58672341473502,121,829597
-31.722222638803856,108,829705
-331.2236912371051,108,829813
-82.84007577482308,63,829876
-162.90707404028808,70,829946
-266.1149782740788,95,830041
-191.1090387965967,70,830111
-132.066767279509,83,830194
-59.283954238586446,76,830270
-142.98238334853102,83,830353
-83.18463538094022,107,830460
-245.59213328116903,94,830554
-212.71814966269787,80,830634
-416.5002471781046,90,830724
-59.4081857627974,127,830851
-68.56895856056454,62,830913
-176.20146389883462,100,831013
-229.2693071449955,95,831108
-89.06684402897089,71,831179
-71.20263701301207,74,831253
-111.62159291839771,105,831358
-196.29029436361537,93,831451
-84.51523735409776,93,831544
-116.00725274485563,62,831606
-136.2363846381674,83,831689
-61.98116020227217,63,831752
-84.73078545695027,75,831827
-97.05483234125647,62,831889
-376.60914053120996,86,831975
-349.5659664877926,91,832066
-77.4621956068339,66,832132
-340.72198500580896,112,832244
-140.62432932348946,103,832347
-449.84480844118707,121,832468
-11.076126206230754,88,832556
-285.93531498782545,102,832658
-298.9871682319074,94,832752
-343.38076329709486,98,832850
-241.6726995267803,97,832947
-88.37624168277353,66,833013
-119.62014689891299,81,833094
-344.903008203944,92,833186
-82.66887179419976,93,833279
-135.46486469350933,65,833344
-128.8001066486154,138,833482
-144.94025971102332,71,833553
-122.54645040466082,81,833634
-160.91372661724938,58,833692
-135.07905295843162,89,833781
-253.1543106631087,102,833883
-43.758441751244774,134,834017
-164.2099565521377,75,834092
-82.12288827052296,109,834201
-94.63903515422912,77,834278
-147.14680164911834,87,834365
-163.73869413170007,86,834451
-8.814773121356538,134,834585
-525.8796635773824,98,834683
-92.31234301896062,65,834748
-244.1420081111098,85,834833
-475.0621367180755,109,834942
-129.80666791349648,92,835034
-87.6397429666476,78,835112
-115.10057581536545,95,835207
-118.74023233102983,84,835291
-110.1594147971037,85,835376
-60.30656092319198,74,835450
-114.4445567477282,87,835537
-115.06262005002588,76,835613
-167.4423131502965,101,835714
-91.8427110763983,66,835780
94.83087789886441,1000,836780
-117.21573679291294,98,836878
-59.08222312555275,63,836941
-194.06513109259006,68,837009
-164.47970293217276,123,837132
-331.16646501885964,78,837210
-74.46071072793644,83,837293
-192.2786585117435,94,837387
-119.66867685104991,99,837486
-269.2854526125707,69,837555
-110.39919221975467,76,837631
-307.7650991619737,116,837747
-109.82173241470163,115,837862
-87.8809659102561,75,837937
-230.41696264239417,128,838065
-328.56112538074075,75,838140
-187.8035163082642,70,838210
-133.2722985742771,102,838312
-139.11262050549539,90,838402
-360.43172730189957,101,838503
-314.21556472519507,113,838616
-131.6521927207418,99,838715
43.92262156850762,112,838827
-89.49848469736997,121,838948
-85.74272179270397,64,839012
-87.79088862481238,83,839095
-126.93650816691635,58,839153
-76.06374675547897,87,839240
-136.92439062128256,97,839337
-232.90058872924328,74,839411
-338.3471867369162,122,839533
-112.28265093151212,94,839627
-102.38978198355504,79,839706
-76.44790956488171,76,839782
-314.66384213264706,108,839890
-111.21287676173057,144,840034
-287.0737378796547,73,840107
-333.61472569922825,102,840209
-51.115116086609675,72,840281
-172.50405197998992,103,840384
-249.61490100756143,85,840469
-99.7292619739551,59,840528
-61.01331383095885,59,840587
-85.08718862533722,69,840656
-129.81777948852144,120,840776
-256.54929279580017,90,840866
-196.3469390558752,100,840966
-418.0738244572507,103,841069
-331.85400243989545,86,841155
21.816871314582713,75,841230
-64.76127617181506,64,841294
-124.56976286060782,93,841387
-108.79674335385069,101,841488
-184.57042351027695,115,841603
-47.109729338106476,95,841698
-425.87864220791135,125,841823
-265.59254707415823,129,841952
-104.68779881390317,80,842032
-389.2406417107103,99,842131
-330.50732001279545,112,842243
-116.28293642407337,74,842317
-3.536197500383352,90,842407
-409.12101476601845,76,842483
-140.88861632817236,134,842617
-64.59026003103935,65,842682
-143.54696194071485,68,842750
-251.06090652540993,104,842854
3.995994809703731,113,842967
-79.93959346819855,64,843031
-133.1086361784332,87,843118
-241.5294213626864,87,843205
-192.14424970022057,104,843309
-192.4996138897782,83,843392
-105.6739438407225,77,843469
-244.20688725517087,97,843566
-111.80507066648607,89,843655
-25.921555394006916,98,843753
-241.12942157651725,103,843856
-282.0757577037673,102,843958
-461.2163776002412,78,844036
-185.24249018824437,140,844176
-101.1016019605268,67,844243
-348.2069923941739,100,844343
-120.97073765311376,104,844447
-157.20590613474542,70,844517
-311.8737117536517,97,844614
-36.03490157533598,107,844721
-65.78666284536183,112,844833
-112.84771298681322,79,844912
-136.3713753761067,73,844985
-211.61461241427014,66,845051
-89.69483513197565,66,845117
-148.28786254725694,93,845210
-249.63958952061316,90,845300
-298.32130883264915,69,845369
-177.38560733933224,110,845479
-457.0278683776579,91,845570
-198.6653453867682,88,845658
-118.78658074362087,89,845747
-84.72949670417599,73,845820
-127.76169732762288,89,845909
-94.21510387207675,84,845993
-40.32461432003379,63,846056
-354.8670108576848,86,846142
-88.48504262950638,73,846215
-107.6331138137479,73,846288
-124.85998670031535,135,846423
-286.3698918486322,106,846529
-88.78637150566723,63,846592
-220.955714093768,76,846668
-159.89978910085506,87,846755
-122.24086167162295,84,846839
-81.66765034424932,77,846916
-160.19776377806303,75,846991
-119.08159085557118,84,847075
-241.77209200291517,76,847151
-239.04063876389426,117,847268
-177.69155933189228,122,847390
-103.49802739820439,81,847471
-146.00608833497313,84,847555
-251.08146755668673,129,847684
-233.27795829984115,111,847795
-227.85796209734454,154,847949
-80.05313276532564,60,848009
-152.41509021866003,120,848129
-129.27983666473864,85,848214
-155.1953487071927,79,848293
-172.82732053266528,122,848415
-106.07726722962914,64,848479
-120.75189085650291,80,848559
-240.44056276358987,81,848640
-113.94522655954255,78,848718
-322.95179403513987,119,848837
-262.81313271306806,101,848938
-221.9414322910918,115,849053
4.199583454070478,108,849161
-293.82317743954,98,849259
-122.6033087901353,73,849332
-442.6653179959702,97,849429
-109.26092575534759,101,849530
-111.19190006584552,78,849608
-348.96032915238663,94,849702
-142.37229719012151,95,849797
-257.56058083457475,99,849896
-84.31104324820288,78,849974
-198.94908087149477,132,850106
-100.47518654396714,71,850177
-410.13826757225706,84,850261
-204.04461030515722,118,850379
-320.8931226407758,90,850469
-150.64814716882347,100,850569
-157.43974516925402,81,850650
-292.41247241299527,115,850765
-284.9210335004997,113,850878
-300.3682455579663,111,850989
-88.42533557051638,73,851062
-106.2814966326752,122,851184
-145.8644211871293,78,851262
-273.73778526713784,112,851374
-105.51166323199323,105,851479
-331.8878573117182,121,851600
-101.37872058494072,100,851700
-131.6497325007494,85,851785
-7.808323567044113,101,851886
-238.89206066207618,74,851960
-104.6980483136244,78,852038
-88.5274318230579,78,852116
-149.20493435967526,73,852189
-273.95652784768225,105,852294
-373.72315563865004,123,852417
-81.11609156759786,63,852480
-200.86988559643126,94,852574
-115.93773864070963,103,852677
-128.3507600442571,72,852749
-211.50733107636324,105,852854
-158.50922639755942,79,852933
-329.9003076072805,96,853029
-51.75688342705298,90,853119
-271.692940727274,100,853219
-98.10471215588299,94,853313
-139.5286141188492,68,853381
-194.99496423982052,100,853481
-132.46549966538302,66,853547
-109.15465734808555,99,853646
-346.8861679440892,69,853715
-86.33402234925896,76,853791
-376.7668395817586,94,853885
-89.51839820367907,77,853962
-92.18736728429003,59,854021
-134.36896620466092,80,854101
-90.59486669871912,84,854185
-115.07774028481882,77,854262
-116.73465256758602,116,854378
-256.9245955337004,126,854504
-307.23679887362226,90,854594
-238.97821935842023,96,854690
-66.31236224379683,75,854765
-197.54094648284973,70,854835
-215.4673601750463,87,854922
-399.73658856193583,74,854996
-220.5775800319774,107,855103
-373.1382529507473,116,855219
-207.6857900513113,109,855328
-75.68161789876422,62,855390
-137.5468031533116,103,855493
-86.78417367589475,61,855554
-127.5435909325923,70,855624
-281.09006039667076,118,855742
-141.75807658840608,131,855873
2.898107852287424,72,855945
46.72919810179222,1000,856945
-187.7653565496389,89,857034
-282.3727913526452,88,857122
-113.43944934791465,87,857209
-91.99619686548903,116,857325
-234.2699777026495,119,857444
-178.05602253608814,128,857572
-414.9372672797206,85,857657
-74.37022803347594,92,857749
-376.15641572372334,79,857828
-189.794871247964,106,857934
-146.02642190478218,77,858011
-143.75532238063045,92,858103
-131.81643455381337,73,858176
-181.49810033157257,132,858308
-369.0579559163688,108,858416
-110.72676392004244,70,858486
-375.99357622762136,104,858590
-132.21859552743007,78,858668
-146.2269801310111,103,858771
-106.51365423273378,88,858859
-154.9500301426164,115,858974
-103.57574771320188,81,859055
-245.46824615345193,128,859183
-147.4022704748186,152,859335
-172.88094686115306,86,859421
-109.33687788031033,102,859523
-315.2218924933315,86,859609
-285.1259985756137,109,859718
-108.18547801231443,81,859799
-177.59927162637888,117,859916
-249.33673497244652,111,860027
-373.7450269655971,111,860138
-109.35791225870229,74,860212
-427.3436965371947,128,860340
-331.50871452842506,134,860474
-343.2387006819063,71,860545
-61.38363897673176,68,860613
-93.00193339610944,138,860751
-391.58792205634546,81,860832
-128.84563774865293,130,860962
-135.00429923261015,98,861060
-258.21976840843945,133,861193
-132.0249141385152,83,861276
-249.2825027801973,115,861391
-102.57301830734856,62,861453
-248.68663636718583,89,861542
-323.1410873822457,81,861623
-202.9954952847489,108,861731
-117.3049415612287,81,861812
-84.23084346609164,80,861892
-136.39020794010264,80,861972
-137.4790767375001,120,862092
-190.81444188853334,59,862151
-468.1847348126617,105,862256
-306.50128997981733,95,862351
-217.47551188926792,72,862423
-112.7622595165995,116,862539
-420.61468366572655,103,862642
-92.48599605990813,63,862705
-83.90568883933759,79,862784
-137.76981059005408,97,862881
-214.60726205096142,87,862968
-312.0556930690044,85,863053
-162.01560970498423,72,863125
-337.1014943444583,125,863250
-280.8923987863046,90,863340
-151.54667974882756,125,863465
-236.34776192549128,104,863569
-80.44448247412053,78,863647
-198.8667810767123,105,863752
-397.39582799821767,127,863879
-398.6401210039685,113,863992
-380.68017690685093,106,864098
-94.09086994564385,100,864198
-168.74806836142477,84,864282
-180.25342681729302,132,864414
-122.56603748486309,78,864492
-92.31110582539921,83,864575
-202.63345224325627,93,864668
-64.44281204818932,65,864733
-224.46266924465473,84,864817
-496.3550606568786,93,864910
-373.15705180725524,108,865018
-211.93897757083658,108,865126
8.85804322012629,88,865214
-133.54073902761039,80,865294
-109.46511935623116,65,865359
-262.2806318069038,125,865484
-258.68493725886924,108,865592
-421.9553476242573,139,865731
-112.20824702737772,81,865812
-147.8621686202962,71,865883
-151.1507252203507,127,866010
-149.31409939160162,76,866086
-137.90149727490729,126,866212
-383.11569290789805,118,866330
-88.60727826546562,81,866411
-132.6255875537936,59,866470
-121.29848981610618,97,866567
-130.67386706373347,85,866652
-67.67700420203153,74,866726
-327.4028867596537,82,866808
-150.69072261287312,91,866899
-138.5514127603005,144,867043
-457.0654019440608,112,867155
-128.9897291701476,83,867238
-79.33783828529539,64,867302
-108.11593174775385,78,867380
-77.89285909672387,82,867462
-77.3479598950999,88,867550
-101.69363351320396,88,867638
-81.70122845836627,62,867700
-80.90680208900693,69,867769
-102.22424542437952,94,867863
-132.28624147057957,91,867954
-290.84664577780717,87,868041
-118.0569897286358,82,868123
-133.53286212074443,79,868202
-410.26976905556603,118,868320
-350.94794687560756,85,868405
-169.65648287212775,63,868468
-196.8262292687494,85,868553
-155.77788807617253,94,868647
-94.14308878228852,103,868750
-94.32260053318959,71,868821
-334.61393005154457,86,868907
-73.0043833205255,82,868989
-392.39345122481694,97,869086
-186.56462582693956,62,869148
-227.54332520140343,72,869220
-145.10384183191084,117,869337
-354.7067235556823,103,869440
-252.16541165415921,79,869519
-209.1584644921018,94,869613
-50.410534431639405,76,869689
-86.29862496326767,81,869770
-166.3439069569419,96,869866
-359.3175038578457,100,869966
25.73812085486226,79,870045
-192.88706404738946,74,870119
-111.12283511118659,113,870232
-98.18763029374172,120,870352
-84.7281264093991,65,870417
-123.40181247147486,121,870538
-100.63202339946655,61,870599
-96.73850164836159,100,870699
-202.68724319933722,99,870798
-227.54111896391655,81,870879
-124.35645644322818,75,870954
-243.14510218025245,99,871053
-252.03747127251427,74,871127
-185.72996324043555,80,871207
-95.26378153313284,81,871288
-123.37239802202974,103,871391
-444.7017919087184,91,871482
-2.9938128531343438,116,871598
-174.6060042133339,82,871680
-178.6626301241856,123,871803
-133.73820287994147,82,871885
-50.480108593474675,65,871950
-502.74640106137394,100,872050
-324.93362963893276,105,872155
-89.48444025157167,99,872254
-275.99189021467197,134,872388
-96.15418873462815,61,872449
-103.25888554283702,131,872580
-168.34398303437496,91,872671
-106.94136340891262,129,872800
-148.79747969203714,63,872863
-135.41196106229347,84,872947
-65.3379642774902,57,873004
-145.25615575806842,87,873091
-99.03496062858125,112,873203
-349.2980607728472,123,873326
-247.01875878474695,110,873436
-114.67952471240336,98,873534
-74.3808101580698,105,873639
-130.68047705439017,109,873748
-124.92541662052619,80,873828
-64.0540374160029,83,873911
-179.30977800675564,67,873978
-225.44329852108575,87,874065
-131.8493460814624,92,874157
-120.43437911995196,77,874234
-88.07020596039759,68,874302
-109.80150028468182,67,874369
-59.51291252920704,64,874433
-78.18953087022123,103,874536
-122.93241287869702,95,874631
-286.93775807905115,88,874719
-268.62679730497416,116,874835
-234.6535486313006,110,874945
-385.82039513098266,101,875046
-115.23568618531644,126,875172
-87.089203993534,88,875260
-341.60624321095906,95,875355
-257.3597029051237,103,875458
-116.54393885608033,124,875582
-200.43511438664862,58,875640
-359.60898301711126,139,875779
-114.07802247259842,66,875845
-122.40221625671556,68,875913
-179.48407807307376,63,875976
-85.72686569920891,96,876072
-89.44248403899209,109,876181
-205.01286414048155,128,876309
-240.08720726937818,127,876436
-100.42424345389526,82,876518
-316.6622843838803,146,876664
-94.80879363797213,89,876753
-123.7077660961181,126,876879
-240.44712155447044,98,876977
-8.47948799986041,96,877073
-101.70563957590886,113,877186
-116.810941641488,61,877247
-276.6280832850083,91,877338
-282.2969764479194,126,877464
-254.8646232734867,130,877594
-153.4796509633,91,877685
-114.70979212186849,115,877800
-108.85751959611267,97,877897
-379.81777224278824,100,877997
-29.79644526507407,88,878085
-113.08703792489132,78,878163
-182.04385384067086,67,878230
-83.30978417927783,114,878344
-149.79307298802394,80,878424
-92.3918685295941,57,878481
-136.89577489833735,116,878597
-75.45038893542922,55,878652
-65.60718431252701,91,878743
-230.237113319585,79,878822
-90.54873624495113,63,878885
-115.50402628477784,66,878951
-69.75077912081255,68,879019
-315.45553908334,115,879134
-268.1480003220431,116,879250
-117.84582047805185,53,879303
-140.08537718232404,65,879368
-294.6054431786939,93,879461
-49.1064308218269,69,879530
-206.3247039153091,83,879613
-163.37685302312923,98,879711
-318.42850408899824,100,879811
-258.3269820480272,105,879916
-114.64462365265543,123,880039
-245.88714618682286,96,880135
-76.67719389245694,75,880210
-67.58830327216143,67,880277
-120.03125936679324,91,880368
-208.02162355084477,82,880450
-324.8973148109118,102,880552
-228.84281298303344,100,880652
-113.1884091436014,116,880768
-149.57077563442525,93,880861
-362.21329281358106,87,880948
-146.13843452476348,91,881039
-95.14929332354471,69,881108
-91.37371583768527,77,881185
-108.61481183465064,67,881252
-324.56871476075463,97,881349
-429.13556540333803,98,881447
-144.35150527615792,110,881557
-224.38644726692303,97,881654
-295.1929747647972,122,881776
-284.0640440735443,118,881894
-269.9685506492321,68,881962
-268.51144708556944,71,882033
-364.1083329265488,103,882136
-359.15107603664336,79,882215
-128.08997524451576,80,882295
-238.13817385927808,131,882426
-161.59931903200533,75,882501
-102.19019364357466,65,882566
-175.90637330915905,106,882672
-71.04997150589517,60,882732
-46.68240441800913,70,882802
-296.26277416602477,93,882895
-221.42306666070942,138,883033
-137.5874980882271,85,883118
-279.16759420521515,94,883212
-60.9810038852763,126,883338
-89.22459916684421,73,883411
-96.4000076699868,67,883478
-117.60886095187223,93,883571
-58.87162264439208,99,883670
-84.28627947916345,67,883737
-307.87456295618796,84,883821
-362.70529599739,96,883917
-11.934995096062664,115,884032
-70.66011526820989,64,884096
-177.4118461055637,79,884175
-132.8798268514568,136,884311
-241.62939283474296,109,884420
-102.0626533274642,69,884489
-288.8989748330051,110,884599
-93.99394342609912,61,884660
-72.62372302392713,68,884728
-100.7150952821131,66,884794
-314.3720878437082,115,884909
-185.99434444231952,82,884991
-126.88967125925241,99,885090
-109.4591563642183,134,885224
-74.00676581386355,65,885289
-81.48493675736962,118,885407
-104.102508278371,117,885524
-374.07545653989047,81,885605
-310.54576403064215,103,885708
-248.65741373897708,77,885785
-401.7249716877182,112,885897
-107.73493789263857,101,885998
-141.24937278845908,115,886113
-112.38296972675907,94,886207
-141.33688269611173,90,886297
-90.78531892004591,59,886356
-94.72653928103911,65,886421
-232.77386680008726,110,886531
-431.18789244611133,112,886643
-344.0636701332586,91,886734
-72.41282227677071,75,886809
-312.9922307774557,149,886958
-405.2234018206496,92,887050
-183.46976587663158,113,887163
-39.9007878694272,65,887228
-49.777040807340384,120,887348
-171.8108751864331,109,887457
-244.90493962925626,58,887515
-185.6758550741164,84,887599
-125.20254105969802,90,887689
-325.27295820407767,99,887788
-237.49025778495,126,887914
-77.4345724984662,128,888042
-113.97653281569463,104,888146
-264.81106332662307,101,888247
-83.76257538454566,101,888348
-168.19637034914703,79,888427
-108.42671765700737,79,888506
-299.3467936088735,117,888623
-132.2957960815399,66,888689
-123.13616525653391,123,888812
-234.497522716341,109,888921
-66.69300412641283,106,889027
-190.28064180936644,116,889143
-68.05386794010744,60,889203
-99.42362837875623,73,889276
-61.45484384080049,65,889341
-283.5668426215242,82,889423
-423.99528504994123,129,889552
-119.51093117064949,109,889661
-194.00833608220677,97,889758
-177.26312582579186,109,889867
-254.89066633768954,83,889950
-110.03892949917636,74,890024
-184.01730179272215,111,890135
-66.51479436376451,71,890206
-102.39426027494777,74,890280
-174.1039074216801,65,890345
-43.37531555073488,103,890448
-311.1542629988262,102,890550
-264.52557656009367,105,890655
-263.78769645389195,72,890727
-60.13960002880215,70,890797
-118.28123202921404,63,890860
-210.32089871983732,154,891014
-164.54748573102447,99,891113
-95.82706385856437,130,891243
-318.1276632384813,113,891356
-162.14519009005187,64,891420
-186.4226641947888,90,891510
-88.07108489098317,131,891641
-198.96798926606618,104,891745
8.142022350368592,109,891854
-222.9135127439002,84,891938
-278.79791460825044,102,892040
-348.3423320267349,75,892115
-230.6873689924867,102,892217
-96.2048468587505,63,892280
-51.10542600560548,70,892350
-73.14133738997594,73,892423
-78.5670323355847,62,892485
23.232552958165314,74,892559
-192.79310899023162,102,892661
-257.99231212027,90,892751
-136.6378300732176,97,892848
-244.1084213586207,93,892941
-138.6303399561786,91,893032
-202.07208210843356,112,893144
-125.56167021304628,96,893240
-240.33669327074585,110,893350
-218.61082104959303,110,893460
-203.43521512283377,76,893536
-116.26276678324378,131,893667
-85.92048828628204,82,893749
-250.0461516457594,100,893849
-403.80040809805786,103,893952
-329.0535590056369,94,894046
-64.5116848153929,57,894103
-108.25276011764446,68,894171
-100.25151561292405,64,894235
-100.48169571280265,82,894317
-146.72803032008395,120,894437
-283.5330968432763,73,894510
-198.54002784258182,110,894620
-408.00036561420353,113,894733
-104.45347552720338,100,894833
-132.31915196449847,89,894922
-90.3326142769097,67,894989
-93.28858395043854,79,895068
-262.8803134319669,106,895174
-71.42534636561862,72,895246
10.814990731299886,85,895331
-166.7751601077976,88,895419
-309.42212909246547,109,895528
-129.69421096690004,102,895630
-306.6340284124032,104,895734
-145.9009721790209,81,895815
-94.29677984384068,95,895910
-260.1189928769793,84,895994
-88.14558827610634,82,896076
-198.11654014085718,78,896154
-85.9029096574944,75,896229
-218.28696243341753,76,896305
-140.89611785744572,92,896397
-79.6972514236596,79,896476
-151.25511909865048,70,896546
-80.21581855629267,123,896669
-125.75344184142187,110,896779
-148.2851641414708,72,896851
-83.54297116385975,75,896926
-232.00170221452197,67,896993
-137.90301896085361,68,897061
-110.80339748614236,89,897150
-225.6516014306972,75,897225
-185.12459677353476,70,897295
-103.14876519313441,82,897377
-107.22911191521847,90,897467
-90.9671748667946,74,897541
-184.92698443977775,120,897661
-97.91865476914391,62,897723
-139.15715258984952,66,897789
-235.31736293373666,97,897886
-307.77054780075866,137,898023
-437.26832204161974,106,898129
-118.66545613208257,71,898200
-223.76354275348905,114,898314
-485.05387304331464,94,898408
-254.15532768570733,68,898476
-38.13010269704529,103,898579
-278.1611121545188,91,898670
-115.55081242911776,106,898776
-82.92339674565683,69,898845
-228.3211892642364,81,898926
-233.1253308794778,106,899032
18.073169942005805,101,899133
-372.2635763978947,129,899262
-410.6519211981807,112,899374
-111.32680726139816,71,899445
-127.44809277003857,75,899520
-328.78569630602635,113,899633
-124.19556425151603,79,899712
-226.9901159832048,97,899809
-455.47503012035816,122,899931
-228.37080584903896,89,900020
-148.4601655901871,110,900130
-213.18818956028548,126,900256
-75.41303985679254,66,900322
-231.23501970858808,88,900410
-96.8275328250476,74,900484
-212.18768939050506,122,900606
-113.5971047494278,83,900689
-235.34536843749797,108,900797
-218.65087265241436,121,900918
-86.37878297840217,108,901026
-367.3745084530519,103,901129
-107.1662763186951,92,901221
-89.11083489049199,58,901279
-180.64242995574625,123,901402
-36.86840172631945,95,901497
-163.23554347331336,137,901634
-112.08728066990773,100,901734
-88.58177090225045,94,901828
-122.28343373928321,99,901927
-98.74553121107944,59,901986
-129.34234464091324,77,902063
-466.45500652428626,85,902148
-259.00784103511626,105,902253
-93.93955496385931,65,902318
-145.24441677191376,92,902410
-147.46660757033976,99,902509
-140.08650135867555,110,902619
-136.42087673653236,69,902688
-101.79329828812074,84,902772
-148.61265673895178,77,902849
-206.5725340904668,75,902924
-152.69779445014754,93,903017
-426.2580726247008,112,903129
-302.8794195873976,82,903211
-106.2496053313619,92,903303
-72.42328911298469,61,903364
-324.7361596512048,97,903461
-152.84629827179452,59,903520
-363.2118052578816,99,903619
-86.46811542282578,75,903694
-275.1504661109253,87,903781
-116.27526546207994,96,903877
-88.88488788992373,71,903948
-116.48684142958349,67,904015
-336.5464080255838,95,904110
-140.19209971877933,70,904180
-121.1113322050544,102,904282
-167.86864814637613,64,904346
-161.03657415219763,88,904434
-124.56416452201704,110,904544
-417.04521184906076,121,904665
-107.62273110528054,81,904746
-115.13714621938581,132,904878
-261.72449241307027,85,904963
-327.45404612344623,100,905063
-84.32966001962214,72,905135
-200.29994278430036,98,905233
-186.71795306646624,94,905327
-146.07458381519473,106,905433
-260.4150229762513,130,905563
-115.06296253269572,98,905661
-87.0330172029103,88,905749
-360.10557126315,102,905851
-299.28783986035114,136,905987
-196.96642346841526,104,906091
-55.7455198402366,77,906168
-184.40646606217393,96,906264
-297.36120922931815,113,906377
-70.74668189752693,65,906442
-106.77818683814178,70,906512
-132.07478404737634,76,906588
-206.6064001071287,83,906671
-381.5460170488378,87,906758
-110.0862803692288,127,906885
-450.0086152614961,88,906973
-98.48682184896478,110,907083
-73.2219692158059,104,907187
-124.38257998545174,125,907312
-129.28846542973295,95,907407
-67.81401119057068,123,907530
-161.62358830125407,67,907597
-106.17990989472696,98,907695
-257.7941995753903,136,907831
-347.0282109600157,112,907943
-93.80426943191932,74,908017
-76.6610754903167,62,908079
-107.71437249349844,69,908148
-56.985050086529014,75,908223
-114.37602066131254,98,908321
-111.65370751569634,72,908393
-182.29502945103934,71,908464
-286.5513899532217,130,908594
-142.9519825943394,99,908693
-100.13220888522136,63,908756
-216.16303174996426,87,908843
-173.07768245583168,66,908909
-126.27582004899294,98,909007
-111.52295772181861,60,909067
-85.97199743992361,68,909135
-317.64251748612634,83,909218
-62.306335471534744,81,909299
-106.33980509360347,69,909368
-492.7808890690438,111,909479
-178.01712311509408,117,909596
-108.80547211076923,76,909672
-251.9172245163392,94,909766
-194.9347306886963,64,909830
-115.47796942759624,79,909909
-289.4967535135742,57,909966
-370.79077565750833,132,910098
-91.91579536967342,80,910178
-26.397908948627574,119,910297
-627.4487626317992,115,910412
-105.77574358616997,70,910482
-289.8398666260765,83,910565
-218.60543613823003,105,910670
-108.91691891696684,110,910780
-294.9734654227883,102,910882
-161.4450496470164,76,910958
-155.6514393852908,103,911061
-88.90246709642972,76,911137
-52.928559249022385,111,911248
-71.37007035928201,71,911319
-136.04611196634093,83,911402
-187.23758576662078,67,911469
-108.92400461221007,101,911570
-24.41510132819073,73,911643
-54.69035451078332,73,911716
-148.80197440674175,92,911808
-90.18654622469371,65,911873
-53.623274003229376,63,911936
-311.2853911286662,84,912020
-138.17929946393366,81,912101
-262.3517467990772,86,912187
-99.69139092753656,96,912283
-479.48784138852346,95,912378
-62.78971936293547,67,912445
-138.6674830175374,86,912531
-233.80720882124666,77,912608
-101.22339034284738,121,912729
-155.14581463237556,89,912818
-111.90771651542703,77,912895
-171.5841591436199,133,913028
-120.94742935992552,65,913093
-107.15914750697092,71,913164
-78.89383577565569,66,913230
-128.70178635323256,77,913307
9.768866291344906,131,913438
-117.23797992331242,84,913522
-313.70442203557434,129,913651
-263.9414988309253,93,913744
-23.61592151932018,114,913858
-471.1041465545683,93,913951
-145.18612360365154,84,914035
-41.366320708846686,95,914130
-126.03975233375907,125,914255
-236.78817460405156,116,914371
-150.50317983290216,120,914491
-98.04917989871865,77,914568
-83.12555919924164,80,914648
-178.4302631851664,108,914756
-305.04716080740434,104,914860
-212.6644134136911,73,914933
-175.75997151089808,92,915025
-169.3036597964399,66,915091
-198.47380934350255,94,915185
-127.87216354683575,74,915259
-124.05324378876402,110,915369
-118.6753844360567,75,915444
-162.56410256084564,74,915518
-75.30541208313983,66,915584
-223.40052347514256,99,915683
-106.44314851067398,68,915751
-166.5256684027541,67,915818
-161.30252476383328,97,915915
-187.89888051971718,77,915992
-46.72032817004362,68,916060
-100.32539670189007,118,916178
-186.87082540783285,66,916244
-72.11339450220706,73,916317
-204.03986583725958,89,916406
-315.70716933022896,95,916501
-50.76311979464763,78,916579
-81.1873196996319,59,916638
-279.50955554870035,102,916740
-283.8338560084045,65,916805
-120.90183720755104,101,916906
-10.8522909752471,75,916981
-161.1093962810275,87,917068
-426.8628497544895,110,917178
-220.96271781988213,102,917280
-112.91809519337185,76,917356
-149.35977318209336,115,917471
-186.27837795983817,87,917558
-441.77477935289005,93,917651
-106.36606012122624,77,917728
-403.0156026831126,80,917808
-136.77916865769964,75,917883
-263.3026199846095,75,917958
-110.84222794215687,77,918035
-22.836705490002913,121,918156
-226.742681018979,108,918264
-163.0914318087368,64,918328
-177.78050954397807,82,918410
-136.78428494044442,101,918511
-100.66400470571473,80,918591
-106.74458284889903,84,918675
-231.31646508711134,106,918781
-209.09821371718047,74,918855
-64.7345274684792,66,918921
-164.29864127386668,71,918992
-168.20160277587627,96,919088
-209.66558890449807,82,919170
-204.52665432797735,85,919255
-3.43372290388011,79,919334
-133.5703531119267,105,919439
-223.15420187528832,102,919541
-154.82385094926522,127,919668
-204.18658196693778,64,919732
-175.0751990486226,74,919806
-119.32263886220372,118,919924
-80.0002223050953,93,920017
-337.4296849236336,116,920133
-111.85047664875614,117,920250
-348.86380404020264,115,920365
-73.66032404791468,96,920461
-200.90546265677375,64,920525
-122.0773278697993,79,920604
-81.49822273346177,62,920666
-46.69273698557607,112,920778
-237.89158393574218,104,920882
-100.99572419912597,88,920970
-133.56579622998822,86,921056
-260.14428194047014,104,921160
-151.746416102361,62,921222
-188.16797476989245,139,921361
-299.50110653197635,92,921453
-95.77474013259723,89,921542
-100.20180561895384,79,921621
-302.541547172684,84,921705
-118.71036972189653,89,921794
-129.26417285663487,77,921871
-436.6427619832345,100,921971
-81.78921408406657,104,922075
-83.18421966385206,79,922154
-348.1290377197167,86,922240
-153.6665472382182,114,922354
-154.46441608263848,80,922434
-121.94381648117704,84,922518
-228.78806998063766,72,922590
-187.70368044803104,121,922711
-282.1002556121324,110,922821
-223.4322962609137,80,922901
-285.4560082567863,98,922999
-84.53498773256638,71,923070
-157.88105694143314,89,923159
-129.26959269902935,87,923246
-7.661497387462987,120,923366
-251.54703414515134,92,923458
-135.60421003448835,116,923574
-242.59948168184374,69,923643
-183.19901834822045,98,923741
-209.37287573995016,64,923805
-169.8532654558644,88,923893
-219.74294061473873,127,924020
-378.62748607469814,88,924108
-146.33263712923244,110,924218
-438.2193500698938,96,924314
-132.8244135322306,118,924432
-373.2586698402927,94,924526
-67.28488145261699,69,924595
-200.08386518511526,74,924669
-182.62028596235902,114,924783
-295.54696106513114,98,924881
-137.21848724067848,89,924970
-97.25854140852711,134,925104
-194.67364371989277,86,925190
-302.8497706877149,74,925264
-81.58223238397287,85,925349
-130.13339405392082,98,925447
-383.3966527202218,124,925571
-95.26053987568733,78,925649
-230.41508857933943,83,925732
-247.76530873521165,92,925824
-214.22601071724307,72,925896
-83.63867649346777,68,925964
-93.8636820900038,107,926071
-185.3714027724444,68,926139
-118.69628430519134,78,926217
-115.42647220017734,71,926288
-159.234371058002,98,926386
-121.93872193464374,82,926468
-71.93307306106097,71,926539
-123.00865726606138,79,926618
-278.737189414784,101,926719
-307.32007715350204,81,926800
-146.76916418073685,85,926885
-97.64612752216583,61,926946
-262.672999079355,101,927047
-110.97021831866783,81,927128
-121.03430299409311,71,927199
-310.63792973615796,105,927304
-331.5295232751893,92,927396
-448.4416356109091,92,927488
-57.96208426059303,77,927565
-128.89170728887999,81,927646
-353.6635935644849,89,927735
-380.027893705501,96,927831
-275.41899317774244,98,927929
-122.391772740536,86,928015
-263.1580729929183,81,928096
-110.9613558159884,82,928178
-175.43062200291064,74,928252
-119.9118832835633,83,928335
-173.3017012585932,84,928419
-83.02081583757227,71,928490
-376.65086310044603,96,928586
-104.14199689889163,108,928694
-273.5311230254995,127,928821
-96.92588185486052,60,928881
-98.79511079981253,86,928967
-299.06111044203357,94,929061
-220.6954539957946,70,929131
-334.7304155296048,117,929248
-118.8212568041381,102,929350
-75.09384379448255,69,929419
-82.88665536872143,72,929491
-357.5817004514299,106,929597
-22.246809091407798,145,929742
-175.6995600266666,104,929846
-349.01515656484526,96,929942
-169.52362720715703,56,929998
-135.39852324792201,109,930107
-196.70931038669846,72,930179
-194.44366664262236,110,930289
-309.2042507785064,70,930359
-210.7629596316105,67,930426
-84.70205217435682,72,930498
-75.37276371531217,72,930570
-94.87462246502142,85,930655
-139.88328592892077,87,930742
-495.54555044225947,87,930829
-162.7785318721992,86,930915
-101.92133397213833,72,930987
-60.95402328505483,75,931062
-363.09857642690713,88,931150
-105.20954017091915,63,931213
-236.5639758670876,91,931304
-152.36162454868315,135,931439
-267.4769676715647,101,931540
-127.91876100652996,95,931635
-115.39382972960055,88,931723
-238.3622176699953,123,931846
-265.964621951755,112,931958
-131.49125027095732,71,932029
-130.3875512364758,98,932127
-322.4799848909279,94,932221
-301.1621117726547,103,932324
-159.58155596136152,56,932380
-445.94368205038984,90,932470
-205.3482952837315,76,932546
-110.28250532179257,108,932654
-111.33412555853204,100,932754
-126.70428701723316,107,932861
-148.0658028803247,126,932987
19.844230318544476,95,933082
-253.91003497598243,108,933190
-147.70727317519578,117,933307
-321.7550279790147,129,933436
-134.7743037384144,116,933552
-104.45058249906626,72,933624
-154.16986090152474,91,933715
-111.27442963129033,75,933790
-152.79168646686134,78,933868
-94.3140953171586,64,933932
-80.82630300463136,64,933996
-98.91726270255772,58,934054
-195.91093495849938,75,934129
-66.27387836686965,116,934245
-369.1805614674523,84,934329
-105.71748062025307,115,934444
-104.64743319867539,61,934505
-12.62178209560362,121,934626
-157.0200340260362,93,934719
-77.09526480254729,92,934811
-86.0276289348786,58,934869
-110.59232266408796,106,934975
-122.13262961540306,83,935058
-350.4992523616249,120,935178
-122.90861319216717,112,935290
-233.04399176277985,99,935389
-360.37623655468195,99,935488
-254.47044330728966,139,935627
-96.07056623027628,118,935745
-130.78478410570787,116,935861
-123.43192360055835,93,935954
-359.50909305034634,90,936044
-97.93788373183484,56,936100
-204.01012826414296,106,936206
-116.88894333019879,116,936322
-83.72776872625857,89,936411
-238.3130054124342,109,936520
-81.3115906617485,83,936603
-192.51611418890687,83,936686
-67.24223926227853,70,936756
-112.86990609958343,90,936846
-156.18818776578752,81,936927
-65.20936718801886,63,936990
-104.37676637892233,112,937102
-126.51082713580028,86,937188
-127.37114052330072,66,937254
-133.82261988901746,116,937370
-130.03009287294336,90,937460
-129.50957107696325,101,937561
-150.31294141300822,104,937665
-132.35316883244656,73,937738
-314.4945366081008,137,937875
-98.53767824028981,109,937984
-185.01388963642947,100,938084
-222.40146101236462,80,938164
-148.81497865559118,82,938246
-82.69480954574009,110,938356
-102.31131361604184,104,938460
-72.99635909634519,96,938556
-85.3669985089613,82,938638
-197.735515689644,86,938724
-125.20774717950349,106,938830
-34.77768793856605,79,938909
-96.9793163170735,92,939001
-428.41530069836233,99,939100
-96.32904952888404,65,939165
-65.97109939790508,75,939240
-262.7662098544654,122,939362
-94.00992041191977,104,939466
-181.9201635022934,137,939603
-184.042437404911,88,939691
-163.58704442939262,65,939756
-226.42082168833412,124,939880
-116.99427494651228,62,939942
-230.39562607609534,79,940021
-94.28723268936923,69,940090
-335.4760909100142,93,940183
-438.6444054925282,102,940285
-165.16139200458653,107,940392
-277.3108294621891,109,940501
-60.735495447087,69,940570
-216.27585683705354,96,940666
-179.8262966940366,93,940759
-408.16148107968434,90,940849
-103.02555444342738,93,940942
-291.55557807367984,109,941051
-82.22869390630703,76,941127
-103.60482370699378,68,941195
-100.70646592844906,140,941335
-260.4968840293317,141,941476
-156.48220656586784,81,941557
-138.5820104385548,63,941620
-103.84803067636342,79,941699
-140.96704748611126,119,941818
-168.00837115990817,96,941914
-272.96015480847825,136,942050
-88.60886620158378,66,942116
-229.85093812816345,129,942245
-100.6415250007083,81,942326
-205.32085207881062,120,942446
-230.99293822808482,115,942561
-101.82847540015675,64,942625
-269.49116998700197,86,942711
-194.30795861218274,64,942775
-66.52399961397643,77,942852
-66.12691256263633,69,942921
-116.51817100765265,110,943031
-214.80597042420118,86,943117
-320.4108334753845,82,943199
-175.88905194441202,71,943270
-6.728577726969974,122,943392
-378.788398180336,121,943513
8.256456184751016,148,943661
-132.75232656473173,73,943734
-392.55429191823214,112,943846
-23.21790782285437,100,943946
-123.45158328501523,79,944025
-269.2231410751732,72,944097
-120.85515223383601,114,944211
-135.5267620996786,76,944287
-343.0867084019317,118,944405
-182.2999646363357,109,944514
-287.54329837599767,94,944608
-97.16411383598692,70,944678
-87.94071929460331,67,944745
-113.85068728168615,114,944859
-18.078911763713066,81,944940
-232.85085738544163,117,945057
-62.647214010445126,64,945121
-298.3737588203871,88,945209
-113.59966544539701,102,945311
-192.8704181856455,97,945408
-65.5922389977955,67,945475
-90.65857245615761,62,945537
-220.66705795573074,96,945633
-119.59519541753426,93,945726
-512.5145509434966,118,945844
-173.30996431174214,74,945918
-346.10316150632696,106,946024
-127.63854562562197,97,946121
-157.01530631275162,94,946215
-124.78069694641417,97,946312
-122.19482864203331,72,946384
-476.26790273928634,98,946482
-288.21299451240236,103,946585
-399.4990682179585,100,946685
-155.1083418673691,85,946770
-318.3609637075389,92,946862
-95.30541624272064,78,946940
-368.2557109044647,78,947018
-188.08786922357075,116,947134
-194.47311081671938,73,947207
-205.61433336764802,123,947330
-425.120420605441,134,947464
-74.70878585031932,69,947533
-305.47406683384156,111,947644
-331.0850634487682,82,947726
-98.37715599362801,118,947844
-428.39912214148916,113,947957
-201.25362402664285,95,948052
-136.93614243712608,120,948172
-130.3009478313399,82,948254
-66.4072178402707,67,948321
-62.62904728517688,103,948424
-266.5552791513494,105,948529
-299.8175767609066,95,948624
-145.986702295037,68,948692
-283.84940484839916,77,948769
-205.9464005768762,66,948835
-100.69154972859639,116,948951
-243.20810068155208,118,949069
-165.4848563077938,77,949146
-235.28330849117663,103,949249
-379.18953777227836,91,949340
-198.76881439097673,75,949415
-118.96971523708034,127,949542
-129.50434871861,83,949625
-206.25542495872256,111,949736
-176.64420039688903,85,949821
-152.23434466958935,87,949908
-62.05776250907107,69,949977
-206.04167068199405,102,950079
-387.4730752789782,103,950182
-152.9307913636838,68,950250
-311.13733683693164,110,950360
-103.07597930080559,93,950453
-314.03391427299755,86,950539
-110.57982102595938,141,950680
-172.61821027712293,85,950765
-173.8605880796889,97,950862
-93.5466380088303,129,950991
-516.6014402781026,98,951089
-47.340696033829865,78,951167
-335.122779020376,80,951247
-79.64984140423132,71,951318
-166.44698661135465,103,951421
-215.20274149381294,68,951489
-208.12493969204323,85,951574
-97.52428417299282,74,951648
-108.67878835262391,69,951717
-113.2102300957858,96,951813
-74.34762227605435,70,951883
-124.39267525515494,114,951997
-95.51051129662316,79,952076
-167.55997055348644,129,952205
-331.71188555954075,92,952297
-101.8648874138149,87,952384
-132.29798347206957,118,952502
-165.55083240602198,89,952591
-225.37597821141776,80,952671
-110.23854548934273,67,952738
-124.75210000963064,69,952807
-94.25387754298646,77,952884
-174.94134168325772,85,952969
-169.8342730226206,113,953082
-86.39684495462018,80,953162
-141.6347275772372,76,953238
-142.94855234218232,79,953317
-216.04696578973915,62,953379
-72.69868508921675,64,953443
-181.26820092266667,85,953528
-126.04845743662955,134,953662
-379.31191855897066,88,953750
-115.97968559984956,86,953836
-356.341727577405,96,953932
-102.34519112296775,62,953994
-147.76547748189597,72,954066
-114.36910513281035,66,954132
-106.08410049369554,116,954248
-115.02128074509116,76,954324
-136.912660497817,119,954443
-294.5496408093949,108,954551
-117.8468191612067,112,954663
-116.77847555520188,88,954751
-69.54883462966083,73,954824
-87.67911937969892,71,954895
-84.63006565818117,63,954958
-329.5975208184216,81,955039
-191.69151175997848,107,955146
-411.1979006338407,150,955296
-210.80864037477957,124,955420
-83.55310093681652,56,955476
-236.81813890166265,95,955571
-95.8376071990498,87,955658
-160.34860994940436,109,955767
-225.893982973708,94,955861
-76.69237872703962,63,955924
-260.64501529278436,130,956054
-231.2738899939069,70,956124
-85.9420021091667,79,956203
-138.1999085635187,120,956323
-452.6672439381369,113,956436
46.67801578031174,1000,957436
-448.6627807792088,114,957550
-245.3362731781576,75,957625
-187.16382899087176,70,957695
-70.08975744169696,65,957760
-110.74399690480368,74,957834
-143.10518579939009,108,957942
-116.27698252699184,80,958022
-129.97769241355164,84,958106
-355.5971533502625,77,958183
-11.667074897044827,75,958258
-129.92717046850746,96,958354
-235.72399827550558,113,958467
-164.99572501877503,67,958534
-156.57733046832612,102,958636
-232.986604850972,99,958735
-132.921295939377,116,958851
-211.29239110644448,73,958924
-125.37975529292738,101,959025
-266.4847186140678,100,959125
-99.2630396364351,99,959224
-132.70016612267398,78,959302
-423.2673452741517,92,959394
-120.06569203025414,72,959466
-169.4332613521716,92,959558
-107.0109813677325,109,959667
-130.14002994519237,80,959747
-214.4010200778278,103,959850
-300.0405434768996,99,959949
-269.2538508325459,84,960033
11.362589189156054,84,960117
-128.51764517521408,126,960243
-325.3215471306189,112,960355
-140.07863629284964,104,960459
-98.63598215698049,102,960561
-100.15072528165662,87,960648
-223.12887181769815,95,960743
-85.89367591444076,62,960805
-102.58612447302541,69,960874
-125.26135584961064,64,960938
-280.6572037851437,106,961044
-308.36897422931634,97,961141
-505.3291917711234,99,961240
-344.2328702542213,91,961331
-141.92962020656717,84,961415
-220.72009976184142,90,961505
-292.64070665703593,111,961616
-108.84779159622803,68,961684
-170.65302280037685,63,961747
-273.83905102617064,83,961830
-101.79897522727319,66,961896
-214.9285674704135,75,961971
-38.42242757711579,72,962043
-202.5393901289534,107,962150
-213.05414782544975,109,962259
-130.77619268845305,111,962370
-344.90334357526484,113,962483
-116.48844906985256,87,962570
-124.29614407664694,84,962654
-265.3261742178995,87,962741
-209.48457029693293,126,962867
-85.81418520112427,87,962954
-355.11349733204815,113,963067
-376.82301418751206,91,963158
-225.09768949352053,92,963250
-350.39950545557497,128,963378
-177.92523513067692,101,963479
-417.05790654434276,90,963569
-148.88760302537395,91,963660
-201.74671087880932,113,963773
-202.16197148690566,99,963872
-66.62739250123289,69,963941
-129.95435157440272,95,964036
-71.64237106024079,107,964143
-219.78200826498744,100,964243
-198.7509828853731,159,964402
-157.28364466319303,89,964491
-205.5004557471486,90,964581
-297.2957842742669,123,964704
-71.11866322294179,70,964774
-117.19022646273585,110,964884
-99.21460515002511,63,964947
-322.15333471916387,95,965042
-62.63013188494742,70,965112
39.54828377442928,113,965225
-275.410862624591,89,965314
-144.23740343837378,111,965425
-360.9494611665508,89,965514
-205.73949100360204,118,965632
-95.10866328997386,118,965750
-97.4613416188807,74,965824
-281.6585131026276,148,965972
-86.64767143370103,65,966037
-193.3684808237694,113,966150
-219.09968347736844,115,966265
26.331231091426588,67,966332
-173.56513473536455,80,966412
-77.46317779990673,78,966490
-147.48616483820626,116,966606
-53.27455198855,104,966710
-175.5630166222885,128,966838
-131.16344536304373,131,966969
-279.99462034850137,98,967067
-153.45628803699847,100,967167
-186.38795354447865,121,967288
-130.2766839467502,76,967364
-308.11084510069895,106,967470
-243.62633331161973,101,967571
-122.61564062783276,80,967651
-51.92521098182675,57,967708
-39.96701837427621,68,967776
-346.26164375345576,76,967852
-185.0714793649213,64,967916
-130.50971958292374,68,967984
-118.37091150573488,78,968062
-81.82285021968485,61,968123
-323.3666416388877,112,968235
-187.07707428852686,64,968299
-105.8334609845813,57,968356
-100.49864802192931,91,968447
-89.72072511020566,72,968519
-367.72873169525064,92,968611
-126.16060809468753,101,968712
-142.06333910378885,110,968822
-82.54340331416618,98,968920
-331.8372652993379,101,969021
-125.39743579348814,69,969090
-69.27075976592485,112,969202
-132.43991696232558,99,969301
-514.835718317286,94,969395
-424.32007847887394,100,969495
-188.42199368140598,61,969556
-111.26596674512633,69,969625
-202.96660991147263,112,969737
-147.0829989691686,81,969818
-516.4945572574325,102,969920
-200.26914336361992,85,970005
-298.4669463318231,92,970097
-214.70660612348613,116,970213
-122.63056676080507,90,970303
-102.41405679284989,63,970366
-135.5857856345679,88,970454
-256.7241391441591,108,970562
-166.7425378015239,56,970618
-104.0426299568013,92,970710
-311.0217762855185,86,970796
-59.80469262195679,59,970855
-103.65903202473314,64,970919
-192.13496073242362,75,970994
-88.41683726780687,65,971059
-536.3837141211366,118,971177
-204.62650901013063,67,971244
-110.29927315538835,121,971365
-335.73305692392574,76,971441
-335.85444710441294,112,971553
-218.27340168552917,96,971649
-119.84621939634474,95,971744
-108.59069831898223,69,971813
-99.71472927395696,120,971933
-57.0793040988315,66,971999
-89.05047473923238,62,972061
-115.2227445604854,86,972147
-82.98059995639335,93,972240
-123.44584139775608,89,972329
-195.35592797051098,85,972414
-360.5385903104649,94,972508
-200.03462455557826,70,972578
-199.3929754755049,81,972659
-137.7014228591488,101,972760
-131.31469064408537,128,972888
-232.79744314138193,104,972992
-423.5123032949385,95,973087
-103.4925342652892,68,973155
-132.7823261791821,83,973238
-136.8330753125356,82,973320
-87.65729623020196,114,973434
-218.28208500738506,115,973549
-261.2062440839663,103,973652
-129.65867170346945,116,973768
-110.97250648371377,71,973839
-207.24623538088974,124,973963
-392.0725634420451,98,974061
-113.9565811168211,58,974119
-99.52675691703533,85,974204
-205.62292093035552,68,974272
-104.78867761427587,80,974352
-281.4319610680908,119,974471
-84.75508350731006,120,974591
-100.85114802823024,124,974715
-114.95158259804569,62,974777
-169.83338933367548,97,974874
-56.63815870937012,79,974953
-396.8820326594116,92,975045
-135.17149572555553,107,975152
-115.06246261261778,66,975218
-329.0846679537706,88,975306
-124.16775199315174,120,975426
-356.49334157542745,92,975518
-194.67219410893958,133,975651
-105.26483785642421,64,975715
-190.06093664005442,62,975777
-179.87426861965645,106,975883
-80.58846523422099,55,975938
-207.42245925632255,69,976007
-295.6233571627439,105,976112
-128.5570918348628,95,976207
-103.7050050202838,78,976285
-127.76387829016389,97,976382
-135.7406450901074,120,976502
-209.54968421902683,80,976582
-77.95788361598082,81,976663
-32.955428267827955,105,976768
-69.95989454312672,64,976832
-180.26546291996357,115,976947
-121.68824179785472,72,977019
-484.2636486410545,128,977147
-376.7010521865751,130,977277
-199.23632478520386,108,977385
-162.63576280454154,124,977509
-62.72535741882961,69,977578
-273.54701603800163,92,977670
-106.74225364177808,105,977775
-289.5104355072847,82,977857
-124.7816462222668,70,977927
-343.02843685393606,103,978030
-324.18164147584764,138,978168
-134.0791883508042,92,978260
-100.94735868690724,57,978317
-100.41428431444685,77,978394
-122.7601685008058,88,978482
-252.48840664577273,82,978564
-311.19530309557206,97,978661
-87.90948850006406,77,978738
-184.9055298413673,92,978830
-352.0471060556917,113,978943
-125.11565681975017,92,979035
-197.21221836394315,99,979134
-77.73733684175868,79,979213
-99.21752309765623,67,979280
-70.42137248036964,94,979374
-382.0992735297457,103,979477
-207.13395218214015,104,979581
-73.65655435440618,140,979721
-84.68999870002972,65,979786
-76.17927444722507,67,979853
-147.73161718365,67,979920
-188.6483341622618,101,980021
-117.08075117161046,81,980102
-96.97306435493783,76,980178
-78.91994536011507,117,980295
-86.15672528358759,70,980365
-137.40369588614047,89,980454
-113.42788603521522,76,980530
-40.947624206002885,63,980593
-98.53084833185477,66,980659
-198.6234205095374,112,980771
-107.62324094174906,97,980868
-95.4329304251244,63,980931
-121.7192909649255,122,981053
-242.02541945048682,78,981131
-115.69324749406209,87,981218
-112.20494530039254,73,981291
-189.30629954789572,97,981388
-118.14711240654917,85,981473
-119.78954290382308,66,981539
-84.2092322575644,73,981612
-88.87558154926255,86,981698
-320.6427968998608,81,981779
-226.48905736573482,95,981874
-127.3127117815978,83,981957
-387.274900700208,98,982055
-139.59292721944234,80,982135
-207.68170265329883,65,982200
-66.21863145449231,92,982292
-230.04090889450939,71,982363
-301.85786441018365,106,982469
-45.81286296254061,62,982531
-337.0878872167508,96,982627
-125.5045101026323,155,982782
-111.00648839303075,76,982858
-99.30087455676494,114,982972
-285.4197105101905,69,983041
-152.41956554086562,75,983116
-191.3858711797768,100,983216
-227.97178369562823,125,983341
-126.80139731157155,114,983455
-227.5942835254563,128,983583
-109.00971419976618,94,983677
-294.6143106345377,105,983782
-110.02136824682593,85,983867
-339.945389393317,146,984013
-78.17694813431706,76,984089
-151.28362799659016,92,984181
-39.147435389084166,110,984291
-99.02874428493874,71,984362
-26.45478947115663,100,984462
-204.67361542267994,82,984544
-230.23200470605693,100,984644
-318.91797218938177,113,984757
-124.09374037764084,61,984818
-95.31119351477433,71,984889
-132.72725295935518,82,984971
-232.57297482814806,72,985043
-74.36925146088782,78,985121
-177.10275748633472,67,985188
-159.62901457664123,115,985303
-96.03860797963401,87,985390
-145.59203599582713,82,985472
-90.2627820752609,73,985545
-243.52008608871017,100,985645
-67.36833125559133,69,985714
-360.4370738480582,103,985817
-312.50164342662003,101,985918
-280.3974976445141,97,986015
-131.76330752432474,82,986097
-443.4277810271646,93,986190
-16.131206789462226,77,986267
-109.20612571768933,68,986335
-75.96464876183687,93,986428
-157.72029039380067,91,986519
-77.43479807541581,69,986588
-251.45420036156324,110,986698
-144.6373879984127,64,986762
-116.69445754927155,121,986883
-105.7260542546877,106,986989
-109.38480952278087,74,987063
-141.79657456641937,67,987130
-462.28329423900396,89,987219
-99.3888518841829,80,987299
-100.04945514592393,67,987366
-93.40097226485692,79,987445
-312.8769472737109,112,987557
-136.36102920606425,103,987660
-109.96113324152898,89,987749
-94.58244034721291,93,987842
-74.39578287366285,64,987906
-131.6329353581458,105,988011
-95.54307877989694,79,988090
-85.6731287068408,69,988159
-67.75209428440773,75,988234
-236.41688301999466,66,988300
-168.7448554637955,62,988362
-259.5574027537063,113,988475
-112.83778936499621,79,988554
-64.3832662473421,88,988642
-140.329297307346,84,988726
-92.82663148284968,91,988817
-94.14008543700683,66,988883
-90.99195614855896,64,988947
-83.99166517764127,94,989041
-79.79225038231083,96,989137
-248.92335854790804,64,989201
-143.343165601151,92,989293
-136.4578562329909,54,989347
-71.24860287862461,110,989457
-146.38232417193913,85,989542
-219.5782959759482,64,989606
-140.44920619437363,99,989705
-150.38304327456294,92,989797
-204.91631860956267,73,989870
-149.55310007058276,113,989983
-132.17513497179988,93,990076
-429.848351345646,87,990163
-327.73914739017937,123,990286
-167.22829899221256,116,990402
-182.1311283824677,108,990510
-103.55863507803983,70,990580
-130.14584644243712,108,990688
-205.54925709358164,111,990799
-258.5816806112849,77,990876
-354.53181697711295,89,990965
-219.89980452904788,80,991045
-80.15047520777237,62,991107
-339.58295781768356,106,991213
-220.46602786108235,62,991275
-106.04725423920266,69,991344
-344.6992380327915,96,991440
-102.817203720644,129,991569
-184.08059507809253,57,991626
-146.91077421699507,104,991730
-191.66811505653988,101,991831
-102.92475707997826,75,991906
-124.31578612029197,88,991994
-139.1491919288117,96,992090
-106.12599281213288,117,992207
-121.0793688590583,115,992322
-313.2635790305711,98,992420
-131.2025795686096,82,992502
-100.59372566785983,54,992556
-61.41765592513821,114,992670
-524.5802756657233,78,992748
-98.80176879580402,109,992857
-123.26561116899242,98,992955
-86.13061724419755,107,993062
-248.38036268061023,88,993150
-232.38024124504108,122,993272
-256.6908315893745,66,993338
-411.96604603969,111,993449
-108.4997154390505,117,993566
-522.1755702965858,107,993673
-256.94424727310343,123,993796
-178.10849410611004,79,993875
-95.89202283870421,120,993995
-336.62457514662987,132,994127
-56.829719816770634,71,994198
-148.5799473893166,69,994267
-151.31300082598437,78,994345
-168.80420421457168,124,994469
-61.02113059195493,72,994541
-115.97642807770568,67,994608
-129.25384807546703,96,994704
-128.87175765621757,96,994800
-83.51356756504804,68,994868
-157.49946765285648,111,994979
-126.96720104764655,74,995053
-110.67697599295295,114,995167
-237.4729666725322,101,995268
-70.68667717239062,137,995405
-105.18500831729396,65,995470
-369.24604583417346,89,995559
-367.5467864224178,93,995652
-131.98188905072666,88,995740
-67.68088539147263,72,995812
-97.10755869040936,75,995887
-109.5587531448485,87,995974
-72.7513852026311,72,996046
-142.32550288376538,81,996127
-98.95858694353531,119,996246
-41.9194435167024,87,996333
-162.21882198325392,66,996399
-372.5878013749451,95,996494
-131.3402599560625,116,996610
-187.97880824955644,60,996670
-389.6918412810581,84,996754
-246.02529678246972,98,996852
-37.036523364862035,75,996927
-297.8897315908248,81,997008
-208.27742278790157,82,997090
-251.73718019811554,89,997179
-328.40437602478505,68,997247
-93.015271433102,67,997314
-95.60148288920487,78,997392
104.3297218894937,1000,998392
-104.82844730574834,107,998499
-129.4358264482179,96,998595
-167.30640361391764,79,998674
-214.94520006596434,78,998752
-253.60749730538294,98,998850
-250.99553194317713,93,998943
-295.93891197641847,81,999024
-193.28744496296417,103,999127
-106.23248827395494,122,999249
-362.2899249545338,93,999342
-492.64325120755336,121,999463
-99.42080977638403,69,999532
-211.96864358390457,133,999665
-111.7382015988027,75,999740
-168.807505107368,97,999837
-192.03046850184023,78,999915
-102.72443847309872,84,999999
-252.78304811449806,59,1000058
-123.91355648409322,95,1000153
-135.49595644711843,112,1000265
-141.28670546832234,66,1000331
-226.97282158817805,63,1000394
-454.58831265672984,93,1000487
-89.57343685137322,63,1000550
-256.8017750496024,102,1000652
-68.81162078790415,74,1000726
-92.56814537490217,72,1000798
-128.09632315716124,105,1000903
-141.7877556526397,87,1000990
-397.3150119851306,99,1001089
-297.1171957313221,114,1001203
-315.58249603964407,92,1001295
-76.15657192397778,119,1001414
-66.41490364748229,74,1001488
-295.9959356275932,102,1001590
-2.3182885408413085,102,1001692
-109.76770795084238,74,1001766
-221.91372144939552,117,1001883
-220.50507757660446,136,1002019
-351.1995267098056,79,1002098
-107.2490961292029,85,1002183
-446.515762655844,99,1002282
-251.0168883254752,85,1002367
-80.75147212793799,72,1002439
65.17818431775262,1000,1003439
-96.56916443446343,81,1003520
-128.62632858051705,70,1003590
-143.95419713376904,82,1003672
-76.2996660867975,79,1003751
-197.90406946375415,111,1003862
-355.116061969931,90,1003952
-142.7478267778805,84,1004036
-252.35562986092586,78,1004114
-243.78536975288586,97,1004211
-107.80986239964194,79,1004290
-91.36645018655591,81,1004371
-139.8664553311496,92,1004463
-155.01333697157997,92,1004555
-129.89382367652817,80,1004635
-98.6015975627069,65,1004700
-286.3313160740342,109,1004809
-101.12296604947569,72,1004881
-232.5954494689335,127,1005008
-91.5275995554677,71,1005079
-263.9037832809491,80,1005159
-186.29344863314924,83,1005242
-250.82666336064975,115,1005357
-14.168979796180452,64,1005421
-117.35209937278847,114,1005535
-277.2753817495737,86,1005621
-127.88631983002607,90,1005711
-87.55563960494734,64,1005775
-162.08691856458063,103,1005878
-120.58990862501301,63,1005941
-64.01496020165325,67,1006008
-150.40466012508148,108,1006116
-68.3897607129369,66,1006182
-171.39013235248905,85,1006267
-93.34346584535896,88,1006355
-131.73351895125788,77,1006432
-199.11665282818902,72,1006504
-92.15676551613936,92,1006596
-130.71458030368223,67,1006663
-172.34621296422296,56,1006719
-94.8824112847559,76,1006795
-205.2364249475022,104,1006899
-105.316006179693,88,1006987
-90.62404079477707,73,1007060
-538.255884069677,82,1007142
-163.7089272000741,92,1007234
-263.48966608501263,64,1007298
-114.31774739118407,72,1007370
-241.15221294864216,98,1007468
-152.93859947938154,82,1007550
14.415195328286075,122,1007672
-98.18052472132099,123,1007795
-379.6160764890759,155,1007950
-68.04692433697024,58,1008008
-83.18738710555243,77,1008085
-153.9512471429774,114,1008199
-173.82401207942297,110,1008309
13.800682528385948,113,1008422
-236.7632121825062,79,1008501
-131.78166684377442,70,1008571
-114.75609691889964,80,1008651
-249.66580203063182,85,1008736
-279.5113877878515,73,1008809
-309.2537646790762,95,1008904
-272.49449757355535,78,1008982
-183.10636272104944,117,1009099
-401.90127336065973,92,1009191
-101.54131707817395,63,1009254
-110.4209540518811,71,1009325
-120.97840423066884,73,1009398
-410.36218518556365,96,1009494
-243.24021572090567,88,1009582
-180.80365442829026,94,1009676
-146.15532625703275,95,1009771
-85.04437643396878,70,1009841
-238.3961918256722,85,1009926
-127.11175362737383,73,1009999
-133.333735853018,67,1010066
-322.85453905429983,92,1010158
-208.77995508262882,96,1010254
-277.1181663177366,69,1010323
-104.69834059753074,65,1010388
-121.41459531135587,69,1010457
-129.8485710757164,87,1010544
-384.64608739619274,76,1010620
-46.58728012744875,70,1010690
-285.00310519560196,99,1010789
-120.3570879264913,66,1010855
-77.34136420319425,68,1010923
-161.68556872033784,83,1011006
-133.51271009273978,96,1011102
-120.08366034857652,111,1011213
-83.2009998776725,70,1011283
-133.61875289021737,86,1011369
-439.5317257507704,97,1011466
-211.59435622454174,64,1011530
-225.5673195274652,70,1011600
-126.08481667168104,91,1011691
-200.14359067262856,74,1011765
-275.02366107401014,78,1011843
-384.529067144854,102,1011945
-104.02707010189617,68,1012013
-66.10619583078753,66,1012079
-388.2132712608626,108,1012187
-304.4720577999142,89,1012276
-214.69029697241587,83,1012359
-149.5917329245804,82,1012441
-71.68788827226315,70,1012511
-122.31999254947877,65,1012576
-153.03874559348594,78,1012654
-76.77466681624853,71,1012725
-340.60549813890054,94,1012819
-119.3941222900413,117,1012936
-233.88131944821407,86,1013022
-123.43271264452491,70,1013092
-173.70123028729563,90,1013182
-103.73818366044439,107,1013289
-328.3813134496965,89,1013378
-134.7387925866083,78,1013456
-119.47189520039933,96,1013552
-278.8344864432762,114,1013666
-236.6041855060832,109,1013775
-182.28069985498078,117,1013892
-255.72943513680696,104,1013996
-159.40032966682827,67,1014063
-104.38805857582241,93,1014156
-339.7915078952414,77,1014233
-90.13996813920733,110,1014343
-100.72369388945883,71,1014414
-171.94929165435605,75,1014489
-74.26318935868007,66,1014555
-380.83537743660645,119,1014674
-180.35993275230368,84,1014758
-303.1237857301054,86,1014844
-348.09837049423913,106,1014950
-102.40152474623781,65,1015015
-225.55230707174738,88,1015103
-102.95120792813222,79,1015182
-89.72060492857001,69,1015251
-83.75001816371505,102,1015353
-23.070242006083987,60,1015413
-69.68293878462192,65,1015478
-327.36057324200976,84,1015562
-296.2102953136126,120,1015682
-28.15333433372369,141,1015823
-1.7935528607297044,80,1015903
-101.00757899291304,110,1016013
-96.53645737570425,110,1016123
-206.7435435746234,129,1016252
-151.78039167952227,100,1016352
-98.9025925765083,70,1016422
-149.02803625357834,98,1016520
-129.74649021822802,109,1016629
-104.05892715297772,67,1016696
-156.8430991225195,78,1016774
-72.50340206181406,92,1016866
-61.69036359691676,71,1016937
-353.68299717887726,82,1017019
-398.7035700781299,96,1017115
-409.27620782675666,100,1017215
-308.0741613435407,102,1017317
-55.763147743362154,69,1017386
-405.34674802599886,113,1017499
-246.58908273666893,71,1017570
-388.2974398423713,91,1017661
-309.43861824487635,84,1017745
-337.7836656291429,105,1017850
-231.50315038112404,76,1017926
-387.5895151781991,83,1018009
-82.32207560206092,66,1018075
-231.39801023479347,92,1018167
-97.83392204360948,90,1018257
-167.67363553818242,72,1018329
-431.7913457699564,84,1018413
-95.70740806233195,62,1018475
-164.65606877997084,95,1018570
-144.0684503487264,98,1018668
-333.5421375943108,96,1018764
-270.7293239838775,123,1018887
-107.01301826089819,62,1018949
-104.64792421645869,59,1019008
-153.84735205739622,83,1019091
-316.3195011013414,116,1019207
-429.0332505669363,98,1019305
-105.23408003472477,79,1019384
-130.10501844654272,104,1019488
-195.57031364485044,74,1019562
-331.3414351447168,111,1019673
-181.08951866772983,78,1019751
-210.7941396454795,102,1019853
-458.00900893350035,99,1019952
-150.59497355218835,127,1020079
-217.02150467703134,96,1020175
-185.12843744888988,121,1020296
-220.28454391398265,130,1020426
-492.28936935105156,106,1020532
-479.8940730506435,102,1020634
-274.33985672026745,97,1020731
-123.82962983726523,104,1020835
-472.11126768202195,75,1020910
-103.7145462450772,62,1020972
-232.29630289512997,73,1021045
-98.04043826251113,123,1021168
-89.69749992495917,109,1021277
-117.10621022701112,124,1021401
-128.00492375960505,86,1021487
-191.94993356133244,80,1021567
-61.46911091781269,63,1021630
-130.49652683823206,75,1021705
-105.72000909860536,109,1021814
-358.95392341984643,93,1021907
-89.02792584422222,65,1021972
-123.00292900213613,99,1022071
-429.6818556668664,98,1022169
-81.25196666897548,59,1022228
-120.02276364196727,94,1022322
-149.13073448060177,61,1022383
-217.5280847279911,98,1022481
-107.3680073851142,71,1022552
-246.1688849240901,65,1022617
-168.63299628184689,76,1022693
-103.22060133538545,66,1022759
13.212641076156999,143,1022902
-353.8302721616999,109,1023011
-142.53359687986256,84,1023095
-88.16638709544635,105,1023200
-87.1575858541337,66,1023266
-73.11112804453532,118,1023384
-124.20765275325469,102,1023486
-311.6923143961127,84,1023570
-94.94053158793007,64,1023634
-162.9999297829201,117,1023751
-134.7628997255087,69,1023820
-278.9149564416167,114,1023934
-73.40692057420719,64,1023998
-110.04112819997822,102,1024100
-196.00421280322848,70,1024170
-93.5702139317541,80,1024250
-144.36824201221367,71,1024321
-215.54728537425268,80,1024401
-90.60568238406172,61,1024462
-185.65281198880862,71,1024533
-75.37884829498958,127,1024660
-228.9270532763225,76,1024736
-282.8562020547373,91,1024827
-156.9712184489268,60,1024887
-131.64527829919268,122,1025009
-98.0135366658062,61,1025070
-44.98366297553974,73,1025143
-346.27266792024943,84,1025227
-139.9353301834368,85,1025312
-112.15383952596623,89,1025401
-122.32911297138818,102,1025503
-176.05145702930741,75,1025578
-172.43366958246693,105,1025683
-129.81426690576976,84,1025767
-127.43157443359237,112,1025879
-85.24622948901111,63,1025942
-247.5099763538315,74,1026016
-114.94295884500815,103,1026119
-200.19613599335796,90,1026209
-218.9568558256084,100,1026309
-172.66447698023018,78,1026387
-378.46796407205454,87,1026474
-22.521243570094157,130,1026604
-141.38772228831903,70,1026674
-255.30004235672513,105,1026779
-210.4420438958466,84,1026863
-232.45517128717964,71,1026934
-95.57123256001893,82,1027016
-189.46544676530743,119,1027135
-126.19686795981536,73,1027208
-84.1535987359886,67,1027275
-351.3941396796582,109,1027384
-126.85698199438627,92,1027476
-119.96433959052564,76,1027552
-194.73158494139847,70,1027622
-153.65525214191183,66,1027688
-101.53854018905746,138,1027826
-186.50896244599863,87,1027913
-257.27490717795934,124,1028037
-477.6569389998493,92,1028129
-259.7733876254372,93,1028222
-89.01634634176146,69,1028291
-420.5969979833252,107,1028398
-139.56375553551942,105,1028503
-168.5922421231764,107,1028610
-141.28214854551337,73,1028683
-157.0088519676038,141,1028824
-73.17718198303278,64,1028888
11.251304793010704,86,1028974
-29.341697390970467,68,1029042
-132.582882716757,69,1029111
-174.2890948607801,115,1029226
-222.22736316673468,96,1029322
-265.6573834608839,90,1029412
-132.47680790451608,120,1029532
-223.9677534702184,61,1029593
-123.45743633487174,68,1029661
-302.7512825160785,101,1029762
-98.9689883799639,89,1029851
-100.13855528689129,59,1029910
-146.77684665858754,88,1029998
-222.5323902236184,78,1030076
-51.89714842187411,68,1030144
-92.64429499615754,67,1030211
-141.56694633832697,82,1030293
-403.4906506860074,135,1030428
-70.61142761015803,61,1030489
-104.6706548227668,89,1030578
-192.46429077296037,100,1030678
-58.755794546492005,63,1030741
-210.01938798438192,104,1030845
16.836591143782627,147,1030992
-294.0388594625253,112,1031104
-101.3587622666559,61,1031165
-245.55350520078957,113,1031278
-86.50861517880182,72,1031350
-203.02672644125445,80,1031430
-206.4299642037463,156,1031586
-298.4403735019274,90,1031676
-136.88180224852007,81,1031757
-106.19460213497203,90,1031847
-79.39103550352752,86,1031933
-204.59652666917887,92,1032025
-213.7354305433628,132,1032157
-213.70564316878512,75,1032232
-249.14551205246008,99,1032331
-195.2667474007986,109,1032440
-289.8114855951954,122,1032562
-143.63827806644395,93,1032655
-337.37548062125927,110,1032765
-111.06955838966577,71,1032836
-111.84514060193874,82,1032918
-102.85185722891248,92,1033010
-223.38594039743276,99,1033109
-137.16014300612872,103,1033212
-99.50846922676705,65,1033277
-91.7007745385054,71,1033348
-47.88379364849088,104,1033452
-101.99091958007062,97,1033549
-57.70484832292661,78,1033627
-329.0483114482774,91,1033718
-47.63788269548961,73,1033791
-231.10846427949423,78,1033869
-126.17965425495872,73,1033942
-309.0090388717315,117,1034059
-97.05212528618665,106,1034165
-171.74251405831853,90,1034255
-270.2735127421942,132,1034387
-133.47559333329934,84,1034471
-103.92502415243807,81,1034552
-150.565291131585,68,1034620
-161.1037396954973,82,1034702
-243.68291014005595,86,1034788
-365.5167576240956,123,1034911
-120.39220678631862,64,1034975
-96.68448916283663,136,1035111
-127.07242044013832,65,1035176
-99.56376849434226,100,1035276
-95.85100775127366,73,1035349
-296.6675302031349,91,1035440
-145.555811386143,99,1035539
-82.74323755642114,80,1035619
-136.24915855476382,93,1035712
-211.5878741903956,113,1035825
-253.80437688175562,117,1035942
-61.39075219447578,87,1036029
30.679177878777665,77,1036106
-68.98771002097023,74,1036180
-227.89362090968189,98,1036278
-291.9500967629858,83,1036361
-12.058483598388463,150,1036511
-345.2638498916979,129,1036640
-28.51220922770318,103,1036743
-99.69032939055332,66,1036809
-513.8855755442186,93,1036902
-116.17816739361476,72,1036974
-102.06899550700147,65,1037039
-202.5169891943055,76,1037115
-143.9774098465163,83,1037198
-250.70081549048442,118,1037316
-83.48295869957342,77,1037393
-88.62429001962124,75,1037468
-374.7223912135824,108,1037576
-428.7172475650357,89,1037665
-198.69538368815384,75,1037740
-126.38278059802418,88,1037828
-52.02627653874438,73,1037901
-76.95076136183508,80,1037981
-213.14780866030867,75,1038056
-98.37121835562016,118,1038174
-199.4881334504085,72,1038246
-150.9074367025844,111,1038357
-174.53384951660246,66,1038423
-150.80286746014747,65,1038488
-184.64624837309935,228,1038716
-190.12776973786708,70,1038786
-116.12712311067662,88,1038874
-429.0345060429015,105,1038979
-111.71840136618819,60,1039039
-241.76423192889428,147,1039186
-101.35536442144989,60,1039246
-196.56736571700284,77,1039323
-76.24197432788051,73,1039396
-91.42504638028542,103,1039499
-158.00253336320293,76,1039575
-266.027255244073,103,1039678
-89.58047859519661,71,1039749
-113.49683943111056,86,1039835
-483.25390181705575,115,1039950
-69.80624048219427,61,1040011
-222.58014321192584,88,1040099
-85.21899458573355,76,1040175
-264.7502806791421,80,1040255
-71.31636410578416,115,1040370
-201.25886983513084,70,1040440
-290.26516075145946,111,1040551
-181.21367681796514,68,1040619
-353.3427126004764,99,1040718
-163.56330466257305,109,1040827
-116.55553359385938,83,1040910
-258.3965243094177,81,1040991
-97.44944341449518,79,1041070
-300.4524194074677,100,1041170
-110.79726536805845,90,1041260
-139.7125308602882,90,1041350
-107.37251907063165,66,1041416
-259.77296382395036,118,1041534
-130.47325546756971,76,1041610
-85.48039455778957,80,1041690
-209.87352986478538,100,1041790
-91.17943522885597,83,1041873
-266.5258479478207,83,1041956
-264.6531091328161,98,1042054
-101.69483233874615,72,1042126
-341.79600812694,149,1042275
-104.79479705410252,120,1042395
-202.58852627551266,76,1042471
-249.05689110018702,115,1042586
-106.33126911480423,75,1042661
-169.2774731022982,74,1042735
-415.0581335793279,108,1042843
-91.75623519766154,61,1042904
-167.46747618311403,95,1042999
-298.73580942397626,92,1043091
-135.5354076443386,68,1043159
-149.88428322560267,82,1043241
-47.51488255468602,79,1043320
-76.14629107705889,62,1043382
-98.92504980075229,130,1043512
-103.4439077040578,74,1043586
-382.033737213874,97,1043683
-156.6901198816329,93,1043776
-74.85747805522993,70,1043846
38.69276052411993,81,1043927
-122.9381083906208,84,1044011
-189.570562986384,139,1044150
-350.4923825888488,97,1044247
-92.28529125899264,86,1044333
-106.42632786227655,64,1044397
15.424454953326006,112,1044509
-289.88063361927584,84,1044593
-59.38830118831618,63,1044656
-157.87983433486417,109,1044765
-405.1651093937766,84,1044849
-297.19211893133604,107,1044956
-123.93112306934279,82,1045038
-119.68091582245654,67,1045105
-344.76410721271895,95,1045200
-40.4669706713943,66,1045266
-131.13247871572767,86,1045352
-84.8049383741719,69,1045421
-103.58917145289087,86,1045507
-79.08997308933533,93,1045600
-469.05331076145035,98,1045698
-76.75584226331432,83,1045781
-83.55717540163502,86,1045867
-315.21314960848224,79,1045946
-150.3729760331064,80,1046026
-223.51495486459743,99,1046125
-121.95140335130523,77,1046202
-168.15566857983077,93,1046295
-83.84210272604444,57,1046352
-92.68243266414058,121,1046473
-121.64487564469327,98,1046571
-141.37979243763175,109,1046680
-508.86127136149474,78,1046758
-49.118530202266044,131,1046889
-277.17067952648057,94,1046983
-107.99948600149742,107,1047090
-253.0588090419622,88,1047178
-118.76955003102043,64,1047242
-90.05566391257197,70,1047312
-143.887185051381,95,1047407
-289.8217646607226,102,1047509
-379.5738900272932,79,1047588
-274.8983757119989,85,1047673
-216.0476040817707,91,1047764
-256.179520185063,114,1047878
-215.54342446274893,101,1047979
-313.3856490112163,112,1048091
28.586100715150536,118,1048209
-111.82560524435426,68,1048277
-132.89224671770046,71,1048348
-241.321032907404,77,1048425
-306.7487861128607,96,1048521
-370.74409340478184,92,1048613
-218.75682252677257,74,1048687
-150.46070740771648,75,1048762
-309.4770748035847,120,1048882
-36.53774803302372,121,1049003
-186.89324154393748,120,1049123
-196.1230078519472,104,1049227
-141.71427394260948,86,1049313
-148.47581818343616,126,1049439
-19.684528102254674,112,1049551
-68.90798390246107,73,1049624
-347.10242594487,104,1049728
-309.50079949713574,104,1049832
-328.52203355253783,108,1049940
-228.23177534367508,95,1050035
-163.52932957214938,109,1050144
-148.4372028539987,78,1050222
-69.39631654294757,126,1050348
-64.86934065081579,64,1050412
-138.70983118677924,73,1050485
-341.97789334689696,88,1050573
-198.38239655327885,80,1050653
-354.0135972011103,138,1050791
-124.75931346007991,116,1050907
-325.496009056185,114,1051021
-127.75959157830063,120,1051141
-171.9252127628066,110,1051251
-231.44579525102404,81,1051332
-160.88505174095366,67,1051399
-182.94954694103185,58,1051457
-66.24173846253898,87,1051544
-111.49715592892261,83,1051627
-110.58840107776304,78,1051705
-119.04706518915349,112,1051817
-101.06319002439254,88,1051905
-134.21642893845555,67,1051972
-173.80594082933257,111,1052083
-70.65626292601365,68,1052151
-236.7721890348501,102,1052253
-113.90334922304096,76,1052329
-187.06278526676687,89,1052418
-141.03959801104247,89,1052507
-201.23586924257137,127,1052634
-72.99278975739382,61,1052695
-210.76144307704834,78,1052773
-138.5766441556101,101,1052874
-150.7941089656489,120,1052994
-108.72942258789836,121,1053115
-17.210904688218676,131,1053246
-298.0648779007391,115,1053361
-160.78302996540458,69,1053430
-50.92317261646334,62,1053492
-89.61621793133659,86,1053578
-234.79919646570383,114,1053692
-175.7992567234381,116,1053808
-447.2274040507802,117,1053925
-367.43961628849047,79,1054004
-84.48464967221248,67,1054071
-326.60888711247856,114,1054185
-75.66171044886954,84,1054269
-331.10948001039515,148,1054417
-101.59520747217985,87,1054504
-381.09726928040374,93,1054597
-26.536008626353407,126,1054723
-106.24124675685123,88,1054811
-96.09657183096625,86,1054897
60.65121151020864,76,1054973
-314.40786928605564,82,1055055
-172.51636092222932,85,1055140
-155.169331519678,70,1055210
-231.08493812118633,77,1055287
-549.2947539353357,107,1055394
-152.1473230324988,70,1055464
-147.07614165755257,77,1055541
-376.6036092846028,93,1055634
-113.08681641247635,68,1055702
-425.8692857232363,87,1055789
-192.38860877145527,133,1055922
-247.11901608981853,126,1056048
-148.4744535355426,79,1056127
-276.7148249731945,78,1056205
-186.10024079427558,81,1056286
-195.53338191470093,67,1056353
-150.98197050300456,70,1056423
-69.88530502282393,56,1056479
-283.69803233131563,111,1056590
-115.23807031092771,73,1056663
-84.5347391487295,62,1056725
-90.42586276796028,67,1056792
-294.5536832123587,118,1056910
-167.88856972690104,75,1056985
-241.02985353586328,67,1057052
-180.85121739959817,78,1057130
-173.54510531590446,105,1057235
-71.47100219635317,78,1057313
-365.1001477320196,83,1057396
-172.05088019735746,111,1057507
-157.2872240191371,67,1057574
-569.4783175072962,116,1057690
-295.48256402536174,81,1057771
-92.99922683273425,58,1057829
-289.84171182391935,103,1057932
-83.75163103940932,120,1058052
-133.03597445353117,99,1058151
-402.02342140610466,110,1058261
-310.8244969717623,127,1058388
-89.01824151041268,83,1058471
-58.63971068111731,66,1058537
-119.65280270834337,94,1058631
-126.93355149053326,63,1058694
-104.31821205233354,104,1058798
-72.97586265851048,74,1058872
-367.6710498962736,85,1058957
-392.2441245390555,80,1059037
-130.41794547953094,94,1059131
-86.62597259949852,66,1059197
-126.42435808096685,106,1059303
-121.68356019370805,88,1059391
-195.24584678890648,103,1059494
-177.95890517422148,114,1059608
-93.60313367372481,77,1059685
-136.30114271830823,89,1059774
-115.71783583740545,69,1059843
-53.403463408116515,67,1059910
-99.94629241810578,74,1059984
-156.39108530981542,96,1060080
-109.35644167689213,64,1060144
-176.20138690747805,55,1060199
-86.47268985549564,57,1060256
-247.1498745839796,110,1060366
-210.7620706333105,113,1060479
-315.08941177037025,96,1060575
-312.0247388999968,108,1060683
-104.59953495784607,89,1060772
-126.81836952199056,124,1060896
-133.1148048162836,106,1061002
-96.20895077547317,113,1061115
-383.1356643893366,101,1061216
-354.69841022057153,101,1061317
-98.5861380844868,67,1061384
-286.6652388926593,95,1061479
-263.70099261026314,93,1061572
-225.70314565451068,107,1061679
-179.2930703575168,113,1061792
-103.38775942615877,96,1061888
-126.96203337849443,88,1061976
-157.33234945925076,115,1062091
-113.03064838374578,112,1062203
-118.6628090413909,118,1062321
-160.90065532380038,124,1062445
-380.9557828884611,81,1062526
-339.86850565763217,97,1062623
-327.7262165563665,121,1062744
-84.7629981180668,90,1062834
-162.9031312360123,61,1062895
-265.5510892073825,108,1063003
-92.18742629417413,57,1063060
-210.56996511280732,124,1063184
-357.36852306773187,118,1063302
-242.54651300697643,75,1063377
-286.03048093255893,97,1063474
-70.89985919722233,65,1063539
-202.84119867867122,98,1063637
-200.2733930894217,61,1063698
-404.7473451616634,110,1063808
-351.3681579124425,139,1063947
-112.65237967603822,73,1064020
-67.05525756557367,75,1064095
-139.28698250470438,71,1064166
-81.98171580500245,78,1064244
-326.89115787690207,67,1064311
-131.98203876989663,113,1064424
-73.48890718555262,72,1064496
-231.39878368975025,101,1064597
-98.16766401819342,61,1064658
-119.2336942438226,70,1064728
-457.2747748523991,106,1064834
-141.54550095858988,73,1064907
-80.34948133256583,82,1064989
-83.27246828559527,61,1065050
-386.7476558497229,95,1065145
-99.33725249753768,72,1065217
-216.10508732035987,104,1065321
-76.61324395719915,73,1065394
-131.58481551229937,81,1065475
-135.1094301407111,105,1065580
-121.52534510800535,60,1065640
-396.9111513902341,108,1065748
-202.5282887335573,94,1065842
-234.7077609084432,73,1065915
-117.4805930195453,84,1065999
-115.2991176712224,82,1066081
-171.44087064248504,69,1066150
-260.8161790203121,85,1066235
-63.96309151150082,76,1066311
-100.23223435181777,65,1066376
-0.9382097195441474,79,1066455
-281.90858841591853,104,1066559
-271.7729985709081,90,1066649
-374.42849076665544,81,1066730
-122.03541501421991,75,1066805
-98.71401469901419,67,1066872
-129.81269968043264,93,1066965
-140.57928053972736,112,1067077
-260.3327638199047,103,1067180
-116.31479555009015,68,1067248
-202.600125765942,103,1067351
-240.5258135031226,97,1067448
-92.45688119001551,94,1067542
-95.41617028480111,69,1067611
1.421717026063746,100,1067711
-250.73360748124128,117,1067828
-329.17989461567925,78,1067906
-155.13795810901712,70,1067976
-133.03473643137417,118,1068094
-99.64871368548171,94,1068188
-397.14607053578936,107,1068295
-104.55350081145848,82,1068377
-212.88631962190067,106,1068483
-137.50110427413648,115,1068598
-116.35884361281555,72,1068670
-481.29082666004916,122,1068792
-155.80604381295922,88,1068880
-98.9974464577134,71,1068951
-162.86617120461977,55,1069006
-74.66328042261868,85,1069091
-214.9765580208679,76,1069167
-147.54491003178697,63,1069230
-291.91684926194387,100,1069330
-416.2303539277088,91,1069421
-154.69802442586553,77,1069498
-199.96533851706437,122,1069620
-6.8050346572377265,131,1069751
-199.64324191435165,88,1069839
-241.67662885539386,94,1069933
-70.71292625842645,72,1070005
-99.61301071505791,82,1070087
-227.93628864932722,104,1070191
-255.44278773092753,123,1070314
-120.52888344188062,95,1070409
-89.33528807061437,73,1070482
16.18336004833577,77,1070559
-81.41998867275638,63,1070622
-11.136989626199238,97,1070719
-210.94407743527142,79,1070798
-223.83519771546833,96,1070894
-183.19062168338206,62,1070956
-156.40292720863175,59,1071015
-159.58837635619204,81,1071096
-214.13934247172057,77,1071173
-542.6898907102253,116,1071289
12.506877442592739,93,1071382
-147.58189327829547,64,1071446
-107.00402682836695,60,1071506
-269.21224135867885,108,1071614
-94.19608110390666,123,1071737
-203.802092092382,128,1071865
-157.98163193992735,118,1071983
-248.21358238303193,106,1072089
-69.30435332278594,84,1072173
-171.69932096617316,114,1072287
-240.7443414814333,98,1072385
-183.5696462993276,71,1072456
-137.0802577934073,63,1072519
-49.53848888848583,87,1072606
-216.13635645430128,100,1072706
-82.60937907509069,59,1072765
-99.4132011765937,77,1072842
-339.03527549641456,106,1072948
-368.11984029152376,91,1073039
-143.7269784375088,101,1073140
-262.30939825936184,68,1073208
-68.51569254498344,64,1073272
-110.76068148120959,72,1073344
-388.7199428980243,118,1073462
-83.06820664328183,71,1073533
-249.13916562900064,104,1073637
-158.06310851757834,95,1073732
20.580311061439247,135,1073867
-259.24014137505856,100,1073967
-154.99883746786708,72,1074039
-106.14671005725336,70,1074109
-145.013337789812,122,1074231
-127.68372584319485,78,1074309
-129.01567202146242,102,1074411
-76.17905624403537,69,1074480
-247.81336112568937,112,1074592
-93.74908448838097,79,1074671
-287.8395511283389,137,1074808
-73.71074001090074,63,1074871
-88.18809500627937,75,1074946
-215.97050647325617,82,1075028
-119.61319301695073,99,1075127
-185.4964858373241,101,1075228
-110.19063302702203,78,1075306
-101.52631746345597,65,1075371
-130.70854713368126,63,1075434
-150.71375151713244,85,1075519
-63.175412152494616,68,1075587
-204.10791700743525,124,1075711
-164.97166401836813,127,1075838
-73.84169240766141,64,1075902
-81.94428943876115,74,1075976
-151.6529977546021,59,1076035
-293.2422055838414,115,1076150
-119.44897316850106,132,1076282
-142.5399124902278,75,1076357
-377.9350458690614,97,1076454
-183.4257814579516,92,1076546
-313.66838564153124,98,1076644
-209.91184812686149,87,1076731
-194.69768141546413,122,1076853
-122.0645105814639,115,1076968
-82.16721331096271,61,1077029
-434.2407763648865,80,1077109
-177.29351216385686,144,1077253
-116.19698619089573,82,1077335
-71.3865349980928,65,1077400
-73.87026288473767,100,1077500
-64.54468883987386,65,1077565
-109.2782708801145,67,1077632
-84.88153892048024,86,1077718
-105.83897788142903,104,1077822
-92.30588250139347,62,1077884
-115.93806526481053,124,1078008
-209.86541316341942,131,1078139
-76.4009464734701,76,1078215
-330.2107777338545,104,1078319
-128.69781578816708,112,1078431
-179.43965984223806,69,1078500
-110.9418855461623,96,1078596
-168.8521574084984,69,1078665
-195.367191318182,64,1078729
-120.15919458095912,73,1078802
-260.5787777232565,93,1078895
-360.0134759219541,112,1079007
-130.38305285876697,65,1079072
-131.6117295757366,127,1079199
-125.2261925459789,85,1079284
-59.78604555770745,69,1079353
-165.2069827949189,108,1079461
-300.1237651179682,108,1079569
-121.13737960345645,113,1079682
-126.99801828445695,67,1079749
-132.02304788972708,103,1079852
-206.3238915861549,62,1079914
-247.69053660085123,96,1080010
-84.55192109574858,65,1080075
-58.88486647225692,73,1080148
-109.89251893224501,98,1080246
-122.5855604570191,84,1080330
-98.57863503153193,60,1080390
-150.78851212419147,89,1080479
-353.54674626412594,96,1080575
-114.01509830081476,66,1080641
-176.40417014631367,88,1080729
-370.7166937495299,103,1080832
-183.58965577041502,98,1080930
-149.24671884707936,87,1081017
-117.29931020635226,132,1081149
-130.18770777193706,81,1081230
-397.3422068139553,65,1081295
-151.3160355672041,105,1081400
-132.51912639874962,117,1081517
-243.87665449635236,79,1081596
-248.36629405186682,131,1081727
-112.63849110435216,122,1081849
-199.60406911525104,91,1081940
-305.9777080348275,78,1082018
-90.06026735889608,58,1082076
-194.15973876673854,97,1082173
-127.85142097448424,89,1082262
-60.85498329056435,138,1082400
-95.84254035847164,108,1082508
-124.42962450382252,89,1082597
-133.7994791170912,115,1082712
-15.302608002977564,140,1082852
-230.96284098406204,78,1082930
-111.61190053321262,72,1083002
8.266227787698,83,1083085
-99.67915714566324,69,1083154
-181.37928255227845,106,1083260
-71.68704616802297,61,1083321
-65.5023511594449,91,1083412
-277.9495874777581,112,1083524
-153.83702029811866,96,1083620
-285.34167245870094,73,1083693
-101.81784039670865,92,1083785
-83.40207484268583,82,1083867
-71.93799788518652,122,1083989
-107.47289677618461,66,1084055
-18.839165909796762,112,1084167
-152.4289488250808,101,1084268
-101.37192928036649,93,1084361
-359.48781644212306,85,1084446
-127.29154840459964,69,1084515
-59.405305317353324,64,1084579
-139.20206093940425,142,1084721
-160.2640431272858,109,1084830
-260.02696937836834,133,1084963
-108.78456765276026,77,1085040
-130.26772212764186,120,1085160
-117.06842030133599,74,1085234
-111.7986139081645,93,1085327
-138.62583699820004,100,1085427
-94.5114121107413,77,1085504
-375.5069954243894,108,1085612
-79.75548064779932,69,1085681
-150.8135966209964,85,1085766
-65.71379308866118,75,1085841
-88.2297041347949,82,1085923
-284.1700573058105,93,1086016
-85.89569731923193,89,1086105
-264.9931212216254,89,1086194
-151.53687410551237,80,1086274
-52.74137294329038,86,1086360
-92.40219641459282,82,1086442
-113.17191500041073,104,1086546
-248.77360687302144,110,1086656
-403.9819515153839,111,1086767
-294.1854820904704,85,1086852
-169.39671548295897,101,1086953
-195.70628873445656,113,1087066
-197.57706883657008,88,1087154
-98.91560792495602,82,1087236
-101.38351456437094,72,1087308
-157.7113355165203,88,1087396
-162.78191144295525,90,1087486
-270.4108913811976,77,1087563
-91.70355665718701,99,1087662
-317.3064570767124,96,1087758
-239.04105482766522,108,1087866
-119.89993554732871,104,1087970
-97.37539813808858,83,1088053
-93.84477633709338,83,1088136
-315.3245630137137,99,1088235
-329.5240753070815,102,1088337
-111.86018991005847,106,1088443
-64.22207174098594,71,1088514
-104.5582677387576,97,1088611
-236.9843354649195,105,1088716
-325.20593375272813,85,1088801
-87.96311376586236,103,1088904
-148.1500746132502,75,1088979
-277.07463183591085,74,1089053
-204.35483265002182,73,1089126
-252.33012610340558,96,1089222
-152.92038055226664,89,1089311
-133.69931116088918,83,1089394
-336.835709500429,94,1089488
-384.03472318826783,100,1089588
-281.16230986954133,96,1089684
-81.3136155324674,92,1089776
-162.47381038126474,65,1089841
-114.20561379907149,83,1089924
-204.33762244289449,123,1090047
-424.55973258419357,127,1090174
-137.1804044175533,104,1090278
-156.81066730419843,57,1090335
-125.9770453210219,82,1090417
-167.96981280377895,79,1090496
-468.46808807619334,91,1090587
-198.72759293326675,71,1090658
-51.976400009352076,68,1090726
-287.61405806361734,112,1090838
-207.21791004787846,116,1090954
-125.11079932156922,101,1091055
-264.25975753677875,89,1091144
-324.7499392090572,132,1091276
-246.5166075363408,119,1091395
-350.55793797844296,119,1091514
-285.6077839190599,96,1091610
-364.40761891226566,81,1091691
-109.10080053036413,82,1091773
-406.21776260628667,109,1091882
-81.15585188505935,62,1091944
-249.664769359658,88,1092032
-46.398025296618755,63,1092095
39.214137356105304,1000,1093095
-172.0956569415876,114,1093209
-117.81729897878509,98,1093307
-204.83918582820885,72,1093379
-112.72199771779019,94,1093473
-85.85386958271266,106,1093579
-125.38585339997452,107,1093686
-97.91489823999065,77,1093763
-98.76712073241487,77,1093840
-366.4387081158404,96,1093936
16.483700025871784,74,1094010
-216.2671060797975,111,1094121
-107.54244487207693,84,1094205
-179.55895675663857,77,1094282
-226.17491963170932,118,1094400
-147.60121688474572,67,1094467
-276.8911620751614,98,1094565
-432.84200032782314,98,1094663
-190.44881427443084,71,1094734
-344.791798928311,95,1094829
-95.81808626716949,90,1094919
-87.54109508308639,101,1095020
-99.3985166050402,92,1095112
-225.28907034315154,110,1095222
-184.20775459298258,111,1095333
-277.56642523473306,63,1095396
-343.97606026613346,86,1095482
-180.45443320801036,136,1095618
-396.81977922461635,98,1095716
-119.57920275666551,88,1095804
-138.51131623383714,103,1095907
-176.80070567107913,79,1095986
-205.09688547042506,126,1096112
-164.17535231357365,120,1096232
-90.10587445900617,59,1096291
-193.01695820338327,134,1096425
-185.00690777954384,79,1096504
-23.417227228580217,105,1096609
-91.62885620158102,58,1096667
-157.72240735533535,110,1096777
-220.73481306415783,103,1096880
-290.1042461271738,121,1097001
-185.36683271309298,115,1097116
-243.96917801703745,83,1097199
-308.0268792313726,72,1097271
-166.47320316748772,89,1097360
-403.922990298208,86,1097446
-49.03452642014902,124,1097570
-204.80078912641295,119,1097689
-62.71523709984834,61,1097750
-181.10157951587203,89,1097839
-83.97327194768907,62,1097901
-80.22373133092948,71,1097972
-340.24575521738046,130,1098102
-70.86277846072926,74,1098176
-300.2645302002753,101,1098277
-86.84965637687415,77,1098354
-304.84119049445667,109,1098463
-77.90252935909261,71,1098534
-371.70259242392285,102,1098636
-47.062518362977926,79,1098715
-114.10977976174796,59,1098774
-259.02002522246363,105,1098879
-383.35539331834866,108,1098987
-73.7950250981459,75,1099062
-166.72781113379608,80,1099142
-93.01242283231389,60,1099202
-139.19293160667135,64,1099266
-267.7545117036833,123,1099389
-73.25595538608471,85,1099474
-184.29655164368617,89,1099563
-198.19503253400728,55,1099618
-218.66775965070644,105,1099723
-278.7198176827931,107,1099830
-271.44296999123196,85,1099915
-96.57529323825463,75,1099990
-186.2761133686818,112,1100102
-345.94439679892014,131,1100233
-152.24526534747827,85,1100318
-127.69628882265901,93,1100411
-382.35790429623273,73,1100484
-255.63719639734003,104,1100588
-145.9565917440866,66,1100654
-357.3337498446746,114,1100768
-396.1575183816301,108,1100876
-125.37073370644869,87,1100963
-131.83136310147972,124,1101087
-120.53506964990345,109,1101196
-66.4804079982776,73,1101269
-226.07058514523595,119,1101388
-261.8708134989671,78,1101466
-56.312850809373366,67,1101533
-144.10862882205942,120,1101653
-141.7438355523692,103,1101756
-169.7222987749733,66,1101822
-346.56573969257,82,1101904
-59.21826073559257,65,1101969
-119.61470865892296,81,1102050
-107.28156872954169,64,1102114
-223.38888912373258,113,1102227
-34.46953624175893,74,1102301
-126.9358898193645,82,1102383
-386.31079206648405,111,1102494
-128.98735028028872,75,1102569
-54.702997289221,69,1102638
-9.736652221938627,159,1102797
-347.5876176624745,127,1102924
-208.22083076585042,94,1103018
-78.4401284354696,130,1103148
-110.82907835621306,78,1103226
-192.52386191408524,70,1103296
-109.71328763475573,111,1103407
-426.1389350804535,89,1103496
-196.9176946134358,98,1103594
-114.15849259664306,88,1103682
-303.07173397195436,110,1103792
-91.75624461118032,63,1103855
-517.7431835924491,96,1103951
-286.32058291911596,70,1104021
-299.6429151422387,103,1104124
-164.45903211816932,112,1104236
-131.0134401004449,106,1104342
-253.05959030964542,115,1104457
-124.1876142506422,63,1104520
-335.1136711801176,124,1104644
-139.09225434877754,98,1104742
-219.30985084139553,73,1104815
-142.0102921390748,70,1104885
-336.17976127742145,129,1105014
-105.43345485658082,60,1105074
-156.02068918684714,149,1105223
-388.0958553520689,110,1105333
-156.549803361653,71,1105404
-214.4542637744192,80,1105484
-77.47101009408524,119,1105603
-383.3388865483186,87,1105690
-155.63646724306952,81,1105771
-205.8612705649629,69,1105840
-134.41192599735686,103,1105943
-60.842658531032484,83,1106026
-395.3543587691099,97,1106123
-39.98888328097054,91,1106214
-109.23456860114037,68,1106282
-131.88567108895134,100,1106382
-309.93169698628805,124,1106506
-125.20814327563204,70,1106576
-68.80963171022451,72,1106648
-165.54324688507057,79,1106727
-128.28428574035678,65,1106792
-107.35305504761187,71,1106863
-99.96939356217459,72,1106935
-144.58233394306092,110,1107045
-182.62453514224535,99,1107144
-99.9143649580281,94,1107238
-101.48469850168362,110,1107348
-268.0144994835346,93,1107441
-202.64618200265357,107,1107548
-87.327026125767,64,1107612
-76.4407629768009,92,1107704
-133.0084461713697,72,1107776
-267.4853105919276,96,1107872
-100.15382207872487,123,1107995
-163.1220607204513,107,1108102
-75.42433088400851,74,1108176
-139.63989488567347,69,1108245
-200.3535271143714,64,1108309
-257.2466721196163,97,1108406
-262.02492701755637,132,1108538
-138.59483334645884,86,1108624
-363.6195375372212,111,1108735
-341.1121429859311,96,1108831
-170.69416974850202,106,1108937
-276.32003909887646,107,1109044
-131.34061671174533,91,1109135
-109.62287531018194,75,1109210
-271.37597368496006,69,1109279
-410.4341349809353,101,1109380
-167.07102182484198,103,1109483
-412.8162113173718,101,1109584
-85.40678729553922,83,1109667
-271.5153210712374,91,1109758
-161.09779949380638,90,1109848
-349.8472756627699,83,1109931
-347.31963020672026,107,1110038
-273.14270139328414,87,1110125
-196.3932127418472,90,1110215
-255.32071742163242,102,1110317
-139.9505643780909,92,1110409
-149.2625031716255,63,1110472
-54.46267475120159,95,1110567
-356.47994279042945,101,1110668
-161.90385248594998,134,1110802
-453.78828622022934,115,1110917
-210.36167909276645,102,1111019
-268.86646776029784,112,1111131
-168.17359576638069,75,1111206
-73.84399931754152,68,1111274
-197.7020478341546,82,1111356
-163.53833034601308,91,1111447
-131.1262588663104,91,1111538
-231.95527033705517,101,1111639
-72.48537496759515,73,1111712
-117.9437108761997,80,1111792
-104.89756151820252,70,1111862
-281.49134732194017,100,1111962
-264.14456536358114,103,1112065
-293.9554763124943,121,1112186
-226.09295252116388,109,1112295
-83.8413467345732,102,1112397
-406.8557975134508,111,1112508
-110.05189841661335,123,1112631
-183.6207341448797,113,1112744
-118.91810858979264,91,1112835
-258.6026721972614,106,1112941
-104.95507780684618,71,1113012
-86.28894978797669,72,1113084
-256.5684033147652,73,1113157
-408.6015849787014,101,1113258
-92.59474954429199,75,1113333
-148.87410422242175,129,1113462
-78.65702333719737,82,1113544
-120.92249317768938,117,1113661
-329.0232556994034,74,1113735
-79.43155988137008,65,1113800
-206.93905150540843,95,1113895
-201.81127769973187,92,1113987
-197.1422318063693,125,1114112
-310.1298743992643,97,1114209
-102.86451169135967,94,1114303
-99.54070560027282,100,1114403
-80.25904260546595,77,1114480
-270.53787543236143,88,1114568
-113.86620652188505,88,1114656
-241.47115223095227,88,1114744
-98.30887705502653,71,1114815
-78.82673490326104,72,1114887
-138.1250946876408,82,1114969
-508.3622673920919,108,1115077
-103.5126162834215,108,1115185
-289.858120720814,89,1115274
-82.90230503901495,112,1115386
-154.8394570598798,115,1115501
-196.04817634077205,66,1115567
-72.54645810239103,83,1115650
-79.82354211995631,61,1115711
-436.654142420379,112,1115823
-101.86831014631389,72,1115895
-67.7031457496559,68,1115963
-45.10051834146289,125,1116088
-48.63327896503141,107,1116195
-495.3601771295312,106,1116301
-340.51433451374226,107,1116408
-98.21925950832714,58,1116466
-350.9998976066096,76,1116542
-414.27523878944135,90,1116632
-228.94745377561713,114,1116746
-89.0339917196849,65,1116811
-128.45360762409626,76,1116887
-465.0761146092159,108,1116995
-67.28170788428763,101,1117096
-68.20649374206593,65,1117161
-126.92352410292871,123,1117284
-313.33085893108466,115,1117399
-119.14549486589497,119,1117518
-113.696707363821,90,1117608
-122.81305931693082,110,1117718
-334.3707261886991,96,1117814
-66.36801684505636,60,1117874
-120.4278820915419,80,1117954
-46.89592408981484,119,1118073
-122.55088445848287,107,1118180
-155.64180308090215,82,1118262
-152.07167018947843,67,1118329
-94.12556031132486,66,1118395
-108.91678377631551,61,1118456
-163.71411483689758,72,1118528
-201.14737177597863,97,1118625
-215.26941931655466,134,1118759
-291.00745621974573,102,1118861
-214.21613306686334,111,1118972
-140.36404854381956,147,1119119
-83.8187084630644,61,1119180
-143.4556906181822,85,1119265
-140.86529825623234,113,1119378
-214.08339903322286,81,1119459
-175.18812618810483,79,1119538
-70.59676292128233,74,1119612
-201.3313875252304,83,1119695
-66.86698251266047,84,1119779
-319.808728404902,107,1119886
-159.27335023964957,65,1119951
-135.95802352067375,119,1120070
-284.7241549872498,91,1120161
-329.09559682454596,93,1120254
-247.64479251295984,87,1120341
-74.50494392301525,65,1120406
-106.89513952228236,101,1120507
-101.4166230054963,98,1120605
17.687988304304923,63,1120668
-68.51878504040067,71,1120739
-310.1153561071406,111,1120850
-197.56294004132064,87,1120937
-311.66550268565675,110,1121047
-66.22003538984275,81,1121128
-85.11357009573376,105,1121233
-77.17781484116976,63,1121296
-116.25979238191931,120,1121416
-126.19880709516119,65,1121481
-366.34816540473275,129,1121610
-94.99405241518285,62,1121672
-82.92613318506774,122,1121794
-137.8632016073411,63,1121857
-228.6624300516493,104,1121961
-163.51764607405227,73,1122034
-233.14164512051556,119,1122153
-109.76945143273564,68,1122221
-340.4342606178573,130,1122351
-101.69567506965622,71,1122422
-304.1233057532699,97,1122519
-75.70138352869454,79,1122598
-194.85702226289933,90,1122688
-177.61804720384362,59,1122747
-290.42994164963426,113,1122860
-112.77771948843795,69,1122929
-268.4316119273637,71,1123000
-281.2761293439451,108,1123108
-9.493337409109074,134,1123242
-116.70893601348912,86,1123328
-184.75221522983563,101,1123429
-69.22014827459512,68,1123497
-252.21733629874652,88,1123585
-102.89879583657532,72,1123657
-156.0060065591652,111,1123768
-92.95764110011841,70,1123838
-69.22010539081214,70,1123908
-110.21830106009972,65,1123973
-88.98517642839042,73,1124046
-113.81780871929516,97,1124143
-139.9234479694838,105,1124248
-79.96697520982285,79,1124327
-242.4051729402734,88,1124415
-113.7441811578949,115,1124530
-265.5950420019156,96,1124626
-119.55060739666358,104,1124730
-106.71439684124601,94,1124824
-41.2828710472989,85,1124909
-321.7287399687998,78,1124987
-153.1835686658533,79,1125066
-189.0852288357612,74,1125140
-92.42399902304335,91,1125231
-110.89851131222456,60,1125291
-124.6320489071216,118,1125409
-75.65625153350055,70,1125479
-426.42012649330775,93,1125572
-119.25518501982715,116,1125688
-107.91691378300308,115,1125803
-48.913565167991074,130,1125933
-100.0064316681558,80,1126013
-106.0822601421305,125,1126138
-131.56454056079957,88,1126226
-358.57464462769434,126,1126352
-119.83782281644952,80,1126432
-333.25275521512356,89,1126521
-300.94709702244074,79,1126600
-201.26309719908778,92,1126692
-60.66287470478437,78,1126770
-358.0325401965062,128,1126898
-335.7090613700034,91,1126989
-240.05583881469238,79,1127068
-140.92097901918032,77,1127145
-37.958428413721094,64,1127209
-224.5057881715714,87,1127296
-339.7806810920962,103,1127399
-267.7765200981543,99,1127498
-67.73486515327721,66,1127564
-114.53258724031977,68,1127632
-435.5471097796724,96,1127728
-88.68615766761563,62,1127790
-161.23134128856123,77,1127867
-345.0824723246476,99,1127966
-194.22088336249607,101,1128067
-86.01376003717232,77,1128144
-174.36512904979134,79,1128223
-469.12157872561505,119,1128342
-4.764788863698314,114,1128456
-91.64026635241821,104,1128560
-78.07108724914566,68,1128628
-323.60569262953675,100,1128728
-84.27430335958483,74,1128802
-328.5603142147339,97,1128899
-119.13906909795848,73,1128972
-101.94554110780133,64,1129036
-74.74459110687563,78,1129114
-237.51322149850552,94,1129208
-368.74858953713897,136,1129344
-190.17245607777076,109,1129453
-302.93513181679714,87,1129540
-82.49257505576668,107,1129647
-222.59529785943204,120,1129767
-127.27223708751995,87,1129854
-109.85646304057254,109,1129963
-100.42078642162812,65,1130028
-366.3517746140465,80,1130108
-531.2531636810854,126,1130234
-116.09868666709136,112,1130346
-128.1779545982443,133,1130479
-212.86664711934094,95,1130574
-335.21832364236946,76,1130650
-224.96002861866063,106,1130756
-264.38423203703655,94,1130850
-518.5055994936747,95,1130945
-212.30638456971766,123,1131068
-77.94487268506212,86,1131154
-76.5901994611909,74,1131228
-156.74888298765734,110,1131338
-99.60469576417192,76,1131414
-58.91922319191584,93,1131507
-108.70125903939517,145,1131652
-288.8848252213098,82,1131734
-316.71163907194705,105,1131839
-199.59708902040813,70,1131909
-103.59138075584724,128,1132037
-113.53329041915916,104,1132141
-201.19375956748442,111,1132252
-370.0791568867792,124,1132376
-127.95320464768464,110,1132486
-416.98634817426216,111,1132597
-108.77152464855624,117,1132714
-376.0624448250186,96,1132810
-112.013192563915,61,1132871
20.86049892245188,137,1133008
-385.46452966176287,119,1133127
-197.62444635690332,103,1133230
-305.7281557312831,77,1133307
-457.89313207538254,114,1133421
-122.05587611201332,101,1133522
-83.1068821953037,66,1133588
-335.6284592120246,89,1133677
-139.7668621019049,66,1133743
-128.69456175089752,60,1133803
-135.62381953043192,85,1133888
-332.694383888998,91,1133979
-82.15779100347262,65,1134044
-340.7007590674971,96,1134140
-355.31491761242523,94,1134234
-186.040222136603,98,1134332
-116.61369745407997,106,1134438
-144.53256171933904,119,1134557
-75.3954403537404,62,1134619
-293.75142165005366,132,1134751
-101.53183865521424,62,1134813
-226.22388770931337,83,1134896
-405.24758555573004,140,1135036
-173.15204591538043,77,1135113
5.450327173039966,60,1135173
-100.32112675079443,78,1135251
-104.28436970307213,75,1135326
22.687517140720928,83,1135409
-319.866636950821,110,1135519
-235.89240888318815,105,1135624
-248.1210510004766,87,1135711
-304.58461640929283,94,1135805
-228.7660325978284,99,1135904
-349.90031995207676,131,1136035
-87.72433574714839,67,1136102
-136.6158684001177,90,1136192
-239.98915957492628,107,1136299
-116.9174682181904,69,1136368
-118.93599326761414,72,1136440
-72.2472547048064,73,1136513
-230.2813462321904,110,1136623
-330.1370036371143,123,1136746
-100.27572082041625,70,1136816
-75.79505221265136,72,1136888
-92.01963828869583,65,1136953
-104.966402965098,74,1137027
-383.7817713751781,97,1137124
-96.95365728528327,68,1137192
-342.8627513972806,105,1137297
-152.84744376427392,126,1137423
-112.5601731748012,70,1137493
-231.7499744843624,70,1137563
-201.85945489362734,74,1137637
-149.3884203865677,71,1137708
-134.35215697007277,78,1137786
-220.54981786089883,89,1137875
-136.00828079609275,70,1137945
-113.3137125981339,93,1138038
-185.38556671539237,67,1138105
-208.8476841192396,77,1138182
-11.836024128764024,139,1138321
-163.83384835094472,63,1138384
-125.74762374555581,105,1138489
-85.29226779149383,80,1138569
-240.2423762343957,77,1138646
-67.14686670950928,72,1138718
-137.08725908623018,62,1138780
-236.21945712558866,93,1138873
-65.4753755482676,73,1138946
-90.86979739408763,57,1139003
-135.46178930514924,59,1139062
-138.65617357350186,77,1139139
-168.8362381266055,127,1139266
-245.24239922972205,106,1139372
-180.81930821895384,107,1139479
-413.586515432984,109,1139588
-190.73287082825067,112,1139700
-387.8222077125535,102,1139802
-98.64358522219378,79,1139881
-97.33747061036951,67,1139948
-388.5841738766622,86,1140034
-131.16531191205337,88,1140122
-92.47114416608898,154,1140276
-78.5758184947859,75,1140351
-236.31787039379068,71,1140422
-118.80134725920743,92,1140514
-42.659556819666626,60,1140574
-62.84545557617356,74,1140648
-227.21373758416382,99,1140747
-137.59075723950872,83,1140830
-345.3640619696601,119,1140949
-157.22930077622544,76,1141025
-160.72711794933394,105,1141130
-246.70384537867432,119,1141249
-143.79855397590978,115,1141364
-116.973437704057,91,1141455
-344.0355863899643,103,1141558
-104.04688737356486,71,1141629
2.344700153220913,129,1141758
-125.6694569094283,76,1141834
-153.47594841887974,129,1141963
-174.88723083030425,73,1142036
-460.8994468499694,89,1142125
-70.13743805500837,62,1142187
-447.0778079842263,119,1142306
-116.37291527345664,95,1142401
-68.97155381497592,77,1142478
-107.90919791495948,80,1142558
-91.33304211903393,70,1142628
-302.89545026111637,71,1142699
-313.44890501570916,75,1142774
-46.898358657287915,104,1142878
-127.55638542496726,96,1142974
-115.63864572191241,95,1143069
-242.47155038288756,123,1143192
-158.99061759025022,66,1143258
-61.08639351059181,65,1143323
-103.48082631898012,67,1143390
-526.7983489843909,84,1143474
-156.12053578707418,111,1143585
-200.33482927357738,108,1143693
-123.0129157575526,79,1143772
-290.4048806745518,96,1143868
-125.69737791663229,77,1143945
-261.04829266165785,112,1144057
-108.9232306396481,65,1144122
-113.1189581881768,154,1144276
-384.04451934173267,107,1144383
-11.096986028238689,66,1144449
-120.66611976468037,108,1144557
-169.66482334015316,59,1144616
-66.16231668682205,66,1144682
-273.7688069628979,109,1144791
-182.69333777048223,93,1144884
-312.84382213525896,96,1144980
-414.9079810068117,116,1145096
-141.61510459199178,72,1145168
-95.09618002119126,85,1145253
-355.2710205635313,86,1145339
-77.60319988130502,116,1145455
-441.083860880395,85,1145540
-129.11780516884647,87,1145627
-105.32727652358942,93,1145720
-104.50247021803627,107,1145827
-403.4416677069299,117,1145944
-106.97688972096617,141,1146085
-168.78218793493102,81,1146166
-160.39462185580268,108,1146274
-357.7861243434607,114,1146388
-104.10141829500859,96,1146484
-408.0143482452186,104,1146588
-129.60812239474626,60,1146648
-128.59198298317108,94,1146742
-57.26858658043858,72,1146814
-89.77833868807164,78,1146892
-345.7363955580878,94,1146986
-134.08959955502513,73,1147059
-213.99510324684076,79,1147138
-123.633000967557,114,1147252
-120.47809618429419,132,1147384
60.62930093326912,104,1147488
-147.05464179125812,99,1147587
-119.50675975709797,68,1147655
-334.24745265933234,95,1147750
-385.5583944354647,85,1147835
-94.35038476451503,106,1147941
-75.84613514134654,78,1148019
-94.20814436679707,73,1148092
-174.3872441032704,120,1148212
-339.71546349917014,88,1148300
-187.58642300992602,72,1148372
-267.78598786878456,120,1148492
-90.3259635963497,123,1148615
-118.5822696088956,90,1148705
-356.36212126584974,118,1148823
-143.68459473865653,66,1148889
-140.31192022708433,73,1148962
-356.4382181520757,93,1149055
-130.16228063128523,96,1149151
-150.92349908970337,119,1149270
-199.80688551169993,85,1149355
-342.1640453372237,105,1149460
-201.46286035862227,132,1149592
5.4938637423953764,106,1149698
-266.14894087505365,96,1149794
-404.21107843259733,146,1149940
-378.2594679507561,96,1150036
-88.11413447817688,67,1150103
-175.30814305613774,75,1150178
-285.89818497153266,108,1150286
-185.9513976312253,78,1150364
-79.96211167945967,78,1150442
-417.12233163948366,88,1150530
-119.8177950861183,86,1150616
-288.4988636634348,61,1150677
-154.83364948686093,100,1150777
-89.02976103964696,66,1150843
-141.55746711541386,96,1150939
-16.644210502112657,86,1151025
-64.06129376263601,69,1151094
-139.1882920753528,59,1151153
-76.94906432066756,71,1151224
22.062737825431242,92,1151316
-152.6527684528835,100,1151416
-67.29114297838436,100,1151516
-209.41586716966984,111,1151627
-73.64660947059336,72,1151699
-160.50519404001545,133,1151832
-491.3381232477023,109,1151941
-344.86648014329717,117,1152058
-73.56406877589528,73,1152131
-113.39420095528166,87,1152218
-237.19260978640017,100,1152318
-125.01053053340281,88,1152406
-423.58419028148035,95,1152501
-60.98371878082771,62,1152563
-58.54563181609978,64,1152627
-230.31161080129507,70,1152697
-202.48923285131826,72,1152769
-415.6384683377219,120,1152889
-208.30181946317333,96,1152985
-150.96221406584965,79,1153064
-29.906050914138945,112,1153176
-122.53369047006663,73,1153249
-250.95261595277807,100,1153349
-66.42294020808103,105,1153454
-196.72857178947174,137,1153591
-324.40366846556157,115,1153706
-75.11235921077231,67,1153773
-114.43163411038648,103,1153876
-92.9203606941966,65,1153941
-147.18372235214167,79,1154020
-146.40119569134407,97,1154117
-149.41428935441445,81,1154198
-208.09588431707692,121,1154319
-212.6448456303874,102,1154421
-144.4618963257047,103,1154524
-97.63340912521846,90,1154614
-141.22009352828496,73,1154687
-105.4857287338707,72,1154759
-217.94736224121874,89,1154848
-108.64267797139587,75,1154923
-105.29998635431623,74,1154997
-161.01427640789524,74,1155071
-105.15195436760968,90,1155161
32.69027244431666,68,1155229
-319.05875759981893,76,1155305
-74.98023382886903,69,1155374
-88.01384628916026,74,1155448
-103.44499117014459,68,1155516
-364.72719208722646,91,1155607
-74.01075527225943,74,1155681
-175.93113930052806,119,1155800
-251.5759244148524,98,1155898
-107.0557075969906,76,1155974
-107.04063846331746,119,1156093
-199.68278443039563,91,1156184
-66.15278314049812,73,1156257
-132.22277247327926,111,1156368
-156.09768835073208,158,1156526
-162.15166705509785,119,1156645
-14.372199769408198,158,1156803
-120.6867129307077,86,1156889
-220.87523531054183,100,1156989
-100.65023623802435,101,1157090
-129.33434137292818,60,1157150
-156.46674006286256,93,1157243
-56.41762664929274,66,1157309
-125.62986995532644,85,1157394
-113.01440068746032,110,1157504
-3.5074034748594585,131,1157635
-89.02507760578948,128,1157763
-104.43029105217688,66,1157829
-80.19870467422938,114,1157943
-339.41008181255006,110,1158053
-210.98041113473363,95,1158148
-178.76971860556375,74,1158222
-386.6966919139243,87,1158309
-131.01448074337327,85,1158394
-157.64836819841264,74,1158468
-328.1959966201979,124,1158592
-324.2322472375495,81,1158673
-172.37808292024494,73,1158746
-230.14691126728187,94,1158840
-401.2653580467163,115,1158955
-83.63906348724619,78,1159033
-279.5851557482813,102,1159135
-25.83798495289875,129,1159264
-161.8250597062489,81,1159345
7.169742873007522,81,1159426
-90.30361900193193,77,1159503
-156.42908900115555,88,1159591
-74.82218990550007,96,1159687
-137.69322902135906,78,1159765
-101.88603820016996,64,1159829
-114.19821649801902,83,1159912
-46.61053402649104,83,1159995
-365.4293623639862,94,1160089
-86.01133757233312,94,1160183
-162.24146315948008,122,1160305
-132.6008464391728,74,1160379
-98.18561191905924,68,1160447
-274.6293739854913,103,1160550
-99.57113105302403,70,1160620
-94.63050962833017,76,1160696
-101.8090583682428,126,1160822
-2.6008302032178676,91,1160913
-112.2089869623168,78,1160991
-284.06371119108474,77,1161068
-155.85593560383202,63,1161131
-339.8675958516369,89,1161220
-106.06465821814322,100,1161320
-160.38031858333517,61,1161381
-303.55718493474444,91,1161472
-216.89580725378528,130,1161602
-164.97214475503856,95,1161697
-177.17557618148481,98,1161795
-209.09552887775402,68,1161863
-78.97944325751865,62,1161925
-124.92479286982876,67,1161992
-355.29926383980165,107,1162099
-181.0779535184127,121,1162220
-244.3570076767941,66,1162286
-123.01361561454362,88,1162374
-71.4600884003073,61,1162435
-90.12604130270253,123,1162558
-380.67241472169337,104,1162662
-109.24456678048351,102,1162764
-107.91766053503505,84,1162848
-384.7182641318059,102,1162950
-71.74542743467603,63,1163013
-202.04931110584937,76,1163089
-310.3340648232329,65,1163154
-85.66857458467621,68,1163222
-218.66324188438097,88,1163310
-169.85210851254442,94,1163404
-107.88403416242227,66,1163470
-92.28377272401191,78,1163548
-269.00891368053885,123,1163671
-253.84981437785427,85,1163756
-106.78353068142286,84,1163840
-199.12243416695424,72,1163912
-67.89012796113627,64,1163976
-84.2496363744699,68,1164044
-302.1914003496728,95,1164139
-90.88904370227432,69,1164208
-103.23397155535,112,1164320
-75.91755252444656,58,1164378
-217.93364598301636,90,1164468
-96.89562750759238,54,1164522
-353.8714911584101,106,1164628
-132.45605079384111,114,1164742
-83.5117652033128,83,1164825
-119.63856451235708,72,1164897
-88.60315127963925,61,1164958
-309.85310490328754,148,1165106
-449.1134763268259,116,1165222
-238.97580690270095,105,1165327
-137.4406011976923,126,1165453
-127.29793843835492,97,1165550
-208.52137767474238,70,1165620
-231.8491332312399,82,1165702
-183.7124965694939,130,1165832
-338.32887012236483,102,1165934
-322.9330643501647,97,1166031
-97.54240806840342,79,1166110
47.90755550195885,68,1166178
-89.10327273676879,60,1166238
-133.43607567037316,97,1166335
-119.82229525951291,61,1166396
-48.12669461153836,80,1166476
-84.64748450834638,70,1166546
-132.4293391287714,106,1166652
-47.66070299621241,81,1166733
-113.059243901682,84,1166817
-144.21693231237015,102,1166919
-235.54580995743567,70,1166989
-328.8321912845237,132,1167121
-323.86227100108226,97,1167218
-129.3190370698994,90,1167308
-213.617914110837,123,1167431
-434.3254076214633,113,1167544
-331.2309038723731,82,1167626
-112.28948679202729,68,1167694
-68.63466808734475,133,1167827
-85.05594455302753,106,1167933
-184.05994048352204,125,1168058
-181.74095212059774,95,1168153
-98.55654840810642,75,1168228
-140.54503278649213,80,1168308
-139.21388634062592,63,1168371
-245.02875731178077,119,1168490
-72.62009576029963,60,1168550
-332.0668267592903,88,1168638
-111.82871475595573,66,1168704
-439.5050200600709,116,1168820
-364.62012301593376,112,1168932
-289.6519947857872,79,1169011
-187.45524345534196,62,1169073
-378.43177014809436,108,1169181
-257.7705847205991,123,1169304
-95.21082319650642,68,1169372
-101.46126010560674,99,1169471
-141.74448288531227,123,1169594
-250.61315776272872,143,1169737
-88.51052572254997,64,1169801
-178.96055688182489,79,1169880
-155.63169146326734,82,1169962
-69.5856047785308,82,1170044
-312.8941181568318,93,1170137
-37.65366085114236,92,1170229
-448.55465177459496,119,1170348
-107.98046846748592,58,1170406
-128.92993771938484,83,1170489
-362.5651985363386,111,1170600
-97.24010741061639,96,1170696
-461.68123361230073,88,1170784
-127.44889325074207,77,1170861
-13.481906712889938,105,1170966
-117.81710888822163,115,1171081
-196.03896777385637,66,1171147
-147.15784555973437,92,1171239
-171.54632920360774,58,1171297
-468.40544180295444,128,1171425
-443.32374314309806,114,1171539
-102.62654487064388,71,1171610
-222.76125850512122,76,1171686
-86.33787921599047,76,1171762
-102.76615540102244,71,1171833
-283.8870081558076,90,1171923
-136.72800739050902,76,1171999
-474.11596928945517,103,1172102
-151.11761572529758,143,1172245
-423.91433850789264,103,1172348
-202.30933741043617,111,1172459
-224.22279044007092,111,1172570
-113.07745337862875,66,1172636
-71.23433218718593,101,1172737
-99.56653455620861,64,1172801
-111.98395439704788,103,1172904
-178.17334330402394,112,1173016
-426.17888216639005,96,1173112
-321.7006226221225,79,1173191
-250.75643603238944,85,1173276
-282.72650386686405,116,1173392
-69.79972736866198,122,1173514
-326.47726625064786,99,1173613
-388.8011162252095,78,1173691
-208.98334618065365,107,1173798
-349.3724876166161,101,1173899
-102.47822997302349,81,1173980
-185.67617680679842,101,1174081
-264.2583302138987,93,1174174
-262.93154718961927,108,1174282
-93.31330351274813,87,1174369
-145.27714480412806,103,1174472
-382.2020129138435,87,1174559
-224.60218243218398,68,1174627
-106.18394701098106,102,1174729
-308.4039925969374,96,1174825
-82.62833254781313,60,1174885
-120.8545177918275,68,1174953
-208.82746290057082,91,1175044
-161.0224304763489,126,1175170
-91.39638497485238,69,1175239
-98.11260825028306,70,1175309
-356.52146347923417,91,1175400
-86.61192329477223,76,1175476
-214.5827254984178,66,1175542
-117.12251811658345,94,1175636
-418.3340927989864,95,1175731
-82.73672490350543,63,1175794
-295.5711528794202,136,1175930
-302.89239229890507,85,1176015
-119.92952134764127,81,1176096
-96.44001140775751,60,1176156
-155.08771540052766,71,1176227
-100.55582045717877,71,1176298
-87.92172605527522,102,1176400
-137.1720779820015,105,1176505
-113.54556765784359,108,1176613
-78.17365256736261,58,1176671
-156.99325542676252,89,1176760
-191.90728330682438,62,1176822
-71.37643081966966,92,1176914
-106.30211790728715,83,1176997
-38.84805818036265,77,1177074
-243.27475142166028,107,1177181
-160.22138728302684,73,1177254
-191.02575905440602,96,1177350
-345.0056067818766,105,1177455
-424.26540180398945,112,1177567
-108.42131842231136,79,1177646
-441.263741003602,104,1177750
-76.96818170972051,59,1177809
-19.3563423895814,93,1177902
-133.80981871306815,93,1177995
-168.47159817769992,130,1178125
-81.4160447085052,62,1178187
-475.987478081925,87,1178274
-78.29473957907268,70,1178344
-133.56591171779894,75,1178419
-304.39105954653326,84,1178503
-161.4031443508886,78,1178581
-227.68052914076577,131,1178712
-95.666237300325,88,1178800
-384.67244556232805,106,1178906
-33.40019804039957,115,1179021
-40.61870375808403,66,1179087
-147.90620939389765,63,1179150
-102.49919967149648,63,1179213
-91.87800707281775,65,1179278
-403.55312357745606,100,1179378
-129.60035879499594,67,1179445
-111.44037360536005,91,1179536
-225.46526955395106,110,1179646
-228.5453115755155,93,1179739
-206.12533616205923,116,1179855
-194.06142163313038,74,1179929
-278.67591635957507,79,1180008
-98.53091209007779,81,1180089
-110.55968794002243,78,1180167
-100.42966397799296,75,1180242
-188.79007883678037,100,1180342
-159.88638961151406,72,1180414
-343.77676769490154,125,1180539
-41.022294377006006,82,1180621
-275.49035877159946,95,1180716
-431.92726324579695,78,1180794
-208.1440275823041,133,1180927
-194.27049070764247,79,1181006
-138.10580005456808,92,1181098
-128.96997169318942,96,1181194
-108.85008665077848,83,1181277
-225.98023132235858,71,1181348
-279.66081402083415,122,1181470
-177.56554473102364,100,1181570
-86.16254023489775,84,1181654
-393.80314334635875,108,1181762
-98.33893648602506,100,1181862
-175.18152648544924,117,1181979
-150.459638257188,100,1182079
-107.10361011563955,66,1182145
-92.25856339700671,86,1182231
-236.18420137378678,102,1182333
-233.7141143057833,75,1182408
-139.78804665794434,99,1182507
-158.64382085731035,101,1182608
-247.77438063513415,75,1182683
-273.9182380223052,94,1182777
-233.4781522142743,124,1182901
-109.13059237378863,90,1182991
-73.52325758019313,60,1183051
-125.20210387849039,90,1183141
-153.46892924657647,115,1183256
-97.417075112197,64,1183320
-123.17320541410629,80,1183400
-265.69273525837104,109,1183509
-72.10082339466796,60,1183569
-93.9774216427221,69,1183638
-289.9565559328669,98,1183736
-358.44915062563246,88,1183824
-84.921080331238,65,1183889
-51.108438323131,76,1183965
-90.47915130880608,69,1184034
-81.35419192920837,67,1184101
-68.53045829095947,59,1184160
-228.78221269005013,117,1184277
-387.9853617632921,113,1184390
-226.07939158258372,93,1184483
-229.95685783247004,94,1184577
87.41402641075136,1000,1185577
-100.72524559962032,62,1185639
-79.42421994667413,103,1185742
-158.47090592325537,99,1185841
-178.76087791098308,120,1185961
-116.60784246601217,77,1186038
-120.77874565241488,74,1186112
-142.5041939397882,84,1186196
-124.68131016445166,86,1186282
-113.1957256122577,85,1186367
-215.949593426773,85,1186452
-3.5097277664778517,126,1186578
-139.877256897316,95,1186673
-213.3513831324094,84,1186757
-142.0544613364866,136,1186893
-96.03924698658815,74,1186967
-70.74081301167767,142,1187109
-62.86499079150509,60,1187169
-97.26551892630297,84,1187253
-374.019879277559,82,1187335
-36.949608432001625,83,1187418
-102.66690396969348,78,1187496
-374.1446344550359,109,1187605
-179.44034557430774,117,1187722
-123.60728788122033,72,1187794
-392.079237442991,112,1187906
-193.9249693212315,88,1187994
-131.4399343726883,91,1188085
-66.59686755625273,139,1188224
-190.31030017241417,65,1188289
-85.04668674332797,122,1188411
-195.0894327983664,70,1188481
-123.24463916967062,104,1188585
-114.92851383925876,80,1188665
-136.84159060144782,91,1188756
-141.8308483101253,95,1188851
-115.45580947115744,106,1188957
-216.84489207033414,78,1189035
-113.30302518127499,126,1189161
-99.82362608621737,69,1189230
-191.43242999820544,115,1189345
-327.92101031257664,70,1189415
-275.85909274006656,102,1189517
-422.00697509510275,84,1189601
-111.78108038966565,98,1189699
-65.43253215968258,69,1189768
-149.66531326995346,83,1189851
-305.551288975748,76,1189927
-107.0290013710562,78,1190005
-186.74123671687965,102,1190107
-206.05721351977274,72,1190179
-188.9318179403802,84,1190263
-115.02142386066707,110,1190373
-143.29248214195215,73,1190446
-163.75631211881966,134,1190580
-116.74444873527186,62,1190642
-269.9560298539466,66,1190708
-117.55687493418787,88,1190796
-80.85845673757808,74,1190870
-278.6413234326136,98,1190968
-18.922985350967338,80,1191048
-239.96222722452907,105,1191153
-311.16170147991096,110,1191263
-165.96072171724904,127,1191390
-118.56400007152493,76,1191466
-199.73411645371846,66,1191532
-339.3263435324195,90,1191622
-223.86773470366757,98,1191720
-155.48993762079715,123,1191843
-107.35571379429557,77,1191920
-129.75930929307785,130,1192050
-124.97314750064375,76,1192126
-111.68532575727461,78,1192204
-110.88746226538206,57,1192261
-450.23010460165074,94,1192355
-96.44198115100981,66,1192421
-173.5578971968917,98,1192519
-130.75291985660775,94,1192613
-178.09337485135245,107,1192720
-327.03172565411484,104,1192824
-170.07931707347933,92,1192916
-249.9913697014468,67,1192983
-181.35709264170157,107,1193090
-263.75559197349463,98,1193188
-100.0474003550704,69,1193257
-155.24156197274255,70,1193327
-155.62746943511308,89,1193416
-215.69093683196428,68,1193484
-217.9968898956571,102,1193586
-186.8428046522344,101,1193687
-449.6201240069425,86,1193773
-206.4310407189825,66,1193839
-104.85756075946944,73,1193912
-176.0229528848294,151,1194063
-262.6160493184054,123,1194186
-321.73460809834216,121,1194307
-245.52323370740734,81,1194388
-91.50787963915954,92,1194480
-101.1710434225565,64,1194544
-94.1619181321968,116,1194660
-66.39818956964595,67,1194727
-188.40851655272098,117,1194844
-80.90051769509212,80,1194924
-375.3099531521,86,1195010
-162.3411126113861,69,1195079
-79.15513590381026,99,1195178
-268.16596549238784,95,1195273
-178.4931540089995,82,1195355
-207.06236665907602,109,1195464
-341.2699081436955,110,1195574
-146.37600665854012,114,1195688
29.127594905659976,131,1195819
-379.0093928884806,107,1195926
-142.1586418543718,89,1196015
-225.96889890220018,100,1196115
-286.5063517990536,79,1196194
-160.51556224924894,65,1196259
-146.45536733531577,94,1196353
-331.35865004492337,96,1196449
-174.44920253070921,72,1196521
-260.2633121179393,106,1196627
-200.45722516946037,101,1196728
-92.49475768631035,69,1196797
-88.92016938843875,77,1196874
-105.54563795974482,130,1197004
-222.75663912787573,98,1197102
-123.4237812579,84,1197186
-311.96730075801884,95,1197281
-60.52387940375472,77,1197358
-203.92550695506668,97,1197455
-238.61027213261895,104,1197559
-135.5474347007146,108,1197667
-161.0401851005519,66,1197733
-122.5647034827154,70,1197803
-282.8819117332357,118,1197921
-80.47932260063604,74,1197995
-178.33110344352298,90,1198085
-193.200515894271,144,1198229
-100.45608177994876,81,1198310
-84.6880138179844,66,1198376
-249.20326094544083,88,1198464
-226.43253441123196,90,1198554
-404.49286587418067,113,1198667
-126.25175933459029,63,1198730
-67.37903974930217,81,1198811
-234.845136900457,91,1198902
-73.20385252423608,129,1199031
-298.8692318491966,101,1199132
68.79619236548416,90,1199222
-289.4974229086059,80,1199302
-346.74171683904035,91,1199393
-210.73076957872675,106,1199499
-212.4029975725295,85,1199584
-207.75062005206104,83,1199667
-142.2336775829037,131,1199798
-136.26682299367178,168,1199966
-193.69080329833403,137,1200103
-120.5453209331757,86,1200189
-113.37116871410971,87,1200276
-132.2683268249889,78,1200354
-351.6218421989663,134,1200488
-223.74473564793172,71,1200559
-112.98091335551734,78,1200637
-108.82729747738063,80,1200717
-165.8241511158885,107,1200824
-189.89382712704952,118,1200942
-199.59334784566852,116,1201058
-78.58385184503548,119,1201177
-116.18115646735014,115,1201292
-150.72936408764215,80,1201372
-309.406705702128,91,1201463
-50.09775980016194,62,1201525
-214.46136434051556,90,1201615
-206.96306209468457,89,1201704
-228.6230622015162,70,1201774
-125.0534983509056,74,1201848
-77.56522981067612,68,1201916
-117.30111819976662,91,1202007
-103.64958599619712,67,1202074
-357.509113728273,109,1202183
-201.74551032789202,126,1202309
-233.00750380397267,107,1202416
-129.49013631595125,82,1202498
-111.30091511848815,114,1202612
-149.7926499296459,98,1202710
-301.808942099247,83,1202793
-389.41385055569407,109,1202902
-333.72770676502864,128,1203030
-112.09942924651826,86,1203116
-122.05436131845511,68,1203184
29.38051883844804,73,1203257
-187.62332115283937,83,1203340
-121.85933925931374,95,1203435
-169.13592124237726,124,1203559
-135.7654101155557,114,1203673
-267.2270237295831,130,1203803
-262.433625242137,97,1203900
-52.90776241468711,72,1203972
-129.35087275120455,79,1204051
-70.16283263767903,119,1204170
-185.29467652457885,132,1204302
-153.54462173704505,119,1204421
-195.12734772303452,71,1204492
-298.4893603620259,99,1204591
-39.32211476146655,154,1204745
-153.28680797097263,117,1204862
-196.70235444834532,62,1204924
-377.4378579924679,86,1205010
-82.57061805039021,68,1205078
-66.20277057003108,110,1205188
33.10036179344446,1000,1206188
-110.2456330985342,85,1206273
-172.29138789725357,124,1206397
-129.7271461351172,60,1206457
-106.76699805657519,122,1206579
-416.6476892413932,94,1206673
-140.57431286920243,107,1206780
-138.81320416513898,76,1206856
-215.67752805689176,109,1206965
-395.72895973274746,103,1207068
-208.6093512082519,90,1207158
-189.02125445893,76,1207234
-175.10806214396453,93,1207327
-104.67808220404267,100,1207427
-268.6121263998101,132,1207559
-271.0928604397198,112,1207671
-251.5114312283624,79,1207750
-86.94758820551807,74,1207824
-17.724656847233945,93,1207917
-399.20142639848643,114,1208031
-91.54420554412296,89,1208120
-410.2151093191746,88,1208208
-138.97413326395355,76,1208284
-126.96285298794396,107,1208391
-147.16312076348225,61,1208452
-212.52306546732515,72,1208524
-159.65528173218206,130,1208654
-87.17430986960059,71,1208725
-332.70731620942945,91,1208816
-92.03522859190768,73,1208889
-166.29668786823066,95,1208984
-128.035242975764,83,1209067
-295.4644176040674,101,1209168
-215.53974858569558,93,1209261
-296.16268135367585,82,1209343
-99.60751644633663,76,1209419
-318.6023561780871,88,1209507
-126.90136180343552,138,1209645
-92.22781489516807,79,1209724
-161.4299914938622,84,1209808
-104.33123324920246,95,1209903
-539.0531611700569,110,1210013
-79.57961653222648,79,1210092
15.852404647120537,72,1210164
-220.18090854708132,107,1210271
-151.32442893343006,103,1210374
-157.7608561822213,60,1210434
-210.86335105913508,94,1210528
-261.00066496801344,81,1210609
-125.02903383464628,88,1210697
-217.1450964563321,110,1210807
-176.85881826297424,113,1210920
-147.6248728181245,112,1211032
-116.96149155072146,120,1211152
-50.713881383558295,62,1211214
-310.8287085776077,111,1211325
-124.97858970026527,103,1211428
-233.8819676083471,108,1211536
-140.8225202558673,87,1211623
-100.9773096133597,61,1211684
-296.0303454842712,109,1211793
-109.22121696373122,127,1211920
-98.19556461765127,95,1212015
-231.43678754249578,106,1212121
-153.55447663237317,99,1212220
-375.1625800535481,94,1212314
-292.9189987086377,96,1212410
-248.2825551158853,76,1212486
-119.95306099630312,99,1212585
-350.9482131036908,100,1212685
-171.37753916801734,88,1212773
-60.80634469322571,110,1212883
-141.2636123353323,114,1212997
-390.612241687148,145,1213142
-224.850198066873,126,1213268
-154.87248590014684,68,1213336
-311.84650261319314,92,1213428
-114.14920553716573,67,1213495
-80.23024144916344,76,1213571
-99.63169934078763,70,1213641
-201.4103724459381,67,1213708
-250.00614623506667,75,1213783
-141.88701409334772,124,1213907
-92.50324799932312,94,1214001
-397.1687217836495,124,1214125
-208.17581233633973,127,1214252
-89.99869628298174,65,1214317
-265.8906161096719,69,1214386
-112.21791509877704,112,1214498
-96.41461422124284,66,1214564
-361.90118799036776,115,1214679
-125.78635403742038,98,1214777
-284.42475749593285,100,1214877
-49.66069986983487,66,1214943
19.17418828605419,82,1215025
-117.34482619367482,112,1215137
-384.2912479465866,102,1215239
-84.13308773723534,65,1215304
-332.51750841269495,105,1215409
-328.9849031682585,96,1215505
-111.60619787944489,112,1215617
-115.16188447455502,91,1215708
-111.94831700221539,91,1215799
-303.67678979827883,97,1215896
-264.128369940002,95,1215991
-387.65579734832085,133,1216124
-267.6973515063902,83,1216207
-131.51742589040646,81,1216288
-196.50957483661784,125,1216413
-128.4459497014754,110,1216523
-128.69099157963754,81,1216604
-454.25938638870696,88,1216692
-102.81176983970232,77,1216769
-62.185738505419245,80,1216849
-130.1924709291245,84,1216933
-82.28856178047026,113,1217046
-197.15373291702687,60,1217106
-135.781808285149,75,1217181
-129.27737446219245,77,1217258
-118.95564375719636,94,1217352
-150.34437500809128,80,1217432
-189.59480638363902,92,1217524
-266.2297617472805,96,1217620
-118.3115558688773,66,1217686
-233.845786649455,113,1217799
-237.78620413961357,109,1217908
-85.60862044249838,82,1217990
-129.18145334480317,126,1218116
-61.08618105800048,63,1218179
-86.5689658494968,64,1218243
-116.01408284591034,93,1218336
-58.3285227320736,65,1218401
-83.42517513501106,62,1218463
-141.40072771486845,81,1218544
-122.5995770379244,147,1218691
-86.4933654744037,85,1218776
-103.33637136691996,57,1218833
-87.52931998528842,68,1218901
-78.84820473191161,88,1218989
-492.5817562363897,128,1219117
-124.20557895013495,128,1219245
-124.13136398483248,66,1219311
-112.51615565999053,81,1219392
-293.3255803959674,131,1219523
-110.53135027587064,65,1219588
-153.63346474028995,130,1219718
-152.29525317730952,82,1219800
-94.555474024518,106,1219906
-151.02815262340752,149,1220055
-73.42021219596992,91,1220146
-66.97360358477479,64,1220210
-356.91462417032875,101,1220311
-25.829307929736316,99,1220410
-177.65634916993716,133,1220543
-139.439897477718,83,1220626
-79.41649882282826,122,1220748
-252.46776064256406,101,1220849
-102.89885790294478,97,1220946
-321.1354605691513,84,1221030
-99.80470714653777,93,1221123
-106.05697259570452,62,1221185
-41.36402363136605,111,1221296
-115.16290186219281,134,1221430
-334.5554700612797,114,1221544
-156.8950004012201,144,1221688
-78.24861300119598,100,1221788
-214.57219611920067,59,1221847
-197.06470240569945,106,1221953
-71.88900974247657,62,1222015
-364.9502891697203,112,1222127
-150.0764099482106,116,1222243
-371.97249818751635,107,1222350
-91.77285848708753,130,1222480
-300.33289714856255,102,1222582
-281.12954150018845,95,1222677
-96.3107401612595,58,1222735
-260.4421760762939,123,1222858
-472.0018916561264,104,1222962
-243.21577806982864,92,1223054
-257.0446061181125,126,1223180
-103.78318639573061,83,1223263
-90.42902627209473,112,1223375
-394.68773052458374,101,1223476
-246.96393874685705,108,1223584
-225.48602714897578,85,1223669
-289.83069871292855,100,1223769
-360.2731506940924,88,1223857
-357.996571473123,109,1223966
-111.21655445656404,73,1224039
-148.28685148255022,116,1224155
-115.90750292630516,105,1224260
-329.3685276663034,83,1224343
-122.66834645199998,85,1224428
-152.0266386622456,108,1224536
-83.6339464396033,73,1224609
-161.25831116014342,81,1224690
-270.6172624341661,103,1224793
-216.7856354134415,66,1224859
-75.65347858701782,66,1224925
-73.6369446877736,60,1224985
-147.26138975686018,102,1225087
-432.07814671631877,114,1225201
-84.960748362061,65,1225266
14.759167830900182,84,1225350
-107.94527198626136,112,1225462
-182.46615649858228,132,1225594
-198.71701816839231,77,1225671
-95.40258456705024,67,1225738
-120.6440049263002,85,1225823
-113.88693217823294,87,1225910
-265.13085999046154,92,1226002
-110.97530819674287,118,1226120
-194.06987656501497,69,1226189
-115.63895952389105,80,1226269
-328.3332097208714,105,1226374
-238.9018984080622,77,1226451
-90.29214355680496,77,1226528
-64.78910461729373,77,1226605
-353.9395782056665,144,1226749
-325.1325134934805,103,1226852
-204.42778475892524,65,1226917
-309.1374453390166,85,1227002
-66.93606979219899,58,1227060
-100.23465957826294,79,1227139
-339.863121990983,105,1227244
-145.81556058580475,103,1227347
-105.66130776989684,74,1227421
-152.47832793520536,97,1227518
-62.25625280106982,114,1227632
-410.4750735934925,99,1227731
-138.6841266338447,117,1227848
-80.22247451397394,64,1227912
-121.30230975361499,82,1227994
-281.0290672045759,90,1228084
-331.39213610384905,95,1228179
-58.46145930085823,68,1228247
-200.48580754716482,119,1228366
-213.61243722456948,73,1228439
-123.00079539258819,88,1228527
-147.27451576074702,114,1228641
-316.79371951884485,120,1228761
-60.35387936846079,77,1228838
-75.65454853329035,68,1228906
-193.4867900033123,76,1228982
-119.03280225599482,82,1229064
-355.44804595183723,86,1229150
-117.98786402846657,145,1229295
-105.12929650567268,114,1229409
-109.44744911451441,90,1229499
-153.99123118967296,105,1229604
-335.3130498276242,86,1229690
-152.97172437286088,112,1229802
-79.39968382888416,58,1229860
-98.8464437227598,76,1229936
-400.28685421947364,115,1230051
-147.8301590698693,86,1230137
-76.72346004789446,64,1230201
-98.68001887623521,117,1230318
-417.22195047912413,105,1230423
-363.44240935699173,107,1230530
-112.67872492303343,108,1230638
-123.48298873342299,114,1230752
-75.05311073960016,68,1230820
-181.99939311927295,71,1230891
-75.24080522750495,84,1230975
-268.92775630812463,79,1231054
-166.35788097156848,82,1231136
-115.33471090240772,75,1231211
-160.4861720586046,116,1231327
-281.0573015719736,92,1231419
-217.70110711087995,126,1231545
-136.0010082729334,73,1231618
-113.58342338915963,61,1231679
-455.61592032818777,93,1231772
-301.79072001790337,99,1231871
-168.07482539228047,116,1231987
-110.32835084527898,86,1232073
-339.50262903939506,84,1232157
-107.96143607576786,111,1232268
-205.48103928081213,85,1232353
-129.84708029418232,75,1232428
-194.02382321577446,87,1232515
-311.62258787643555,80,1232595
-180.45164420792605,122,1232717
-319.66377230503645,115,1232832
-41.941265945617154,120,1232952
-175.23250192482328,70,1233022
-79.68314605422285,63,1233085
-160.08888386377697,105,1233190
-147.5431711766986,83,1233273
-96.43901253105494,108,1233381
-14.586612116565746,120,1233501
-137.11694504627673,77,1233578
-107.77637912892109,100,1233678
-292.0854782680627,80,1233758
-121.84612783888912,129,1233887
-41.186697904033075,62,1233949
-84.15772154710108,119,1234068
-240.33034427913853,96,1234164
-179.03579269679304,93,1234257
-10.395600989642588,79,1234336
-179.5116470209294,101,1234437
-180.8874827676807,59,1234496
-149.129509937759,93,1234589
-140.78671065447935,99,1234688
-76.09644276444571,65,1234753
-78.82211220903416,69,1234822
-385.4681512065697,107,1234929
-71.69863034578717,61,1234990
-414.91520968896344,112,1235102
-84.48016460527131,112,1235214
-150.8829724772953,105,1235319
-163.3854749650215,79,1235398
-292.4949713797846,79,1235477
-178.07229106206853,57,1235534
-387.53536623701194,93,1235627
-337.49896943607325,150,1235777
-265.06763450976507,85,1235862
-378.01081088157713,111,1235973
-258.07652105512375,112,1236085
-305.3151902557144,83,1236168
-134.12953842651447,87,1236255
-108.81318899719108,95,1236350
-129.15328485424965,89,1236439
-194.25922309414074,90,1236529
-360.49170857206894,130,1236659
-142.66463416618814,112,1236771
-217.29919990137859,94,1236865
-72.30486244634646,79,1236944
-94.2714769510883,91,1237035
-320.4242296199387,95,1237130
-219.72786849659775,76,1237206
-226.6058611225912,123,1237329
-72.37383866071147,104,1237433
29.595200774175623,96,1237529
-120.65846499232445,109,1237638
-85.54174040460913,80,1237718
-393.82602018595674,84,1237802
-168.28541074315876,80,1237882
-398.5778825001336,116,1237998
-227.74682819200655,62,1238060
-210.79837762374945,88,1238148
-64.76998139947932,72,1238220
-236.12315612191088,111,1238331
-90.88051513618339,114,1238445
-99.37443914382582,138,1238583
-148.0816826923184,82,1238665
-10.872887389468687,107,1238772
-150.80931898522658,75,1238847
-225.52042815367335,94,1238941
-84.18913317686417,85,1239026
-103.67817525643319,128,1239154
-129.2964970733473,62,1239216
-185.42301166507042,100,1239316
-77.32428935526026,77,1239393
-299.6151467540435,108,1239501
-161.0542031774916,87,1239588
-173.442639153946,92,1239680
-175.37626595182434,101,1239781
-70.4648257148863,67,1239848
-373.5740014405778,94,1239942
-425.58910846809283,114,1240056
-158.4701683988091,119,1240175
-387.27552687463293,90,1240265
-225.1931275044969,99,1240364
-85.65600524281903,72,1240436
-129.2570970390272,101,1240537
-315.10977731012593,87,1240624
-88.78050290310279,95,1240719
-56.154085054075075,68,1240787
-278.4661755696631,107,1240894
-105.16007142068648,75,1240969
-277.12460727948496,104,1241073
-120.93439634975017,67,1241140
-136.99611015868564,104,1241244
-112.90950748671912,94,1241338
-215.98287881529268,98,1241436
-64.90925980557246,97,1241533
-290.6372337384871,84,1241617
-88.45085041169096,100,1241717
-49.880389626725034,63,1241780
-80.02944702806822,69,1241849
-86.93468627604287,67,1241916
-196.9277176483941,142,1242058
-294.0189687798437,91,1242149
-312.3444386679762,121,1242270
-177.4048517984943,60,1242330
-245.705179953455,81,1242411
-102.93720033418151,68,1242479
-474.8392107919168,103,1242582
-78.03211982150805,82,1242664
-444.72440575932126,107,1242771
-118.18446258519457,68,1242839
-72.89036635842132,64,1242903
-151.26053438997664,103,1243006
-388.68481218178323,97,1243103
-133.4909718608517,62,1243165
-237.3725867452488,116,1243281
-75.61162214355419,109,1243390
-118.62612077581457,66,1243456
-226.51693712092847,117,1243573
-189.78748491289775,94,1243667
-125.84373007899235,67,1243734
-73.4906579707788,58,1243792
-178.7381889115722,111,1243903
-278.27207122514767,108,1244011
-95.29659126403105,71,1244082
-88.49050359863651,78,1244160
-108.55336361006799,68,1244228
-195.35568308843284,102,1244330
-248.80205728095183,97,1244427
-86.4978376433416,64,1244491
-102.31026336705655,103,1244594
-95.30584817303189,92,1244686
-202.3851457448294,119,1244805
-84.08270991249657,64,1244869
-126.84421959406598,106,1244975
-340.77353229117807,106,1245081
-123.53300903987105,75,1245156
-126.51796749170607,79,1245235
-212.75265142279102,92,1245327
-313.2044890284551,109,1245436
-218.05663341263846,120,1245556
-350.47671976659984,108,1245664
-107.53155537006904,65,1245729
-256.7945789177086,103,1245832
-117.0110499508464,73,1245905
-461.15741678201266,85,1245990
-343.6192770544933,106,1246096
-160.44875748049353,128,1246224
-91.43908273182308,62,1246286
-99.6926060908926,98,1246384
-90.4583642658291,93,1246477
-180.20046284494384,65,1246542
-91.61951832801452,70,1246612
-79.79217411253157,65,1246677
-182.18319832175544,64,1246741
-71.87545986766384,70,1246811
-379.3009159312842,93,1246904
-184.2736063612199,111,1247015
-127.5058022675792,69,1247084
-330.92379968883176,120,1247204
-32.667364390252374,114,1247318
-177.97512006807068,97,1247415
-117.57916544756638,71,1247486
-53.1936674681549,73,1247559
-107.10446642691912,65,1247624
-444.79815685330186,101,1247725
-303.3084718900467,128,1247853
-108.99473656933407,99,1247952
-179.9894982949437,123,1248075
-198.48003289810813,67,1248142
-115.2421157493779,111,1248253
-78.75142393329016,68,1248321
-335.8829676476418,104,1248425
-138.6524306054868,108,1248533
-342.69339745242434,108,1248641
7.7631852395904986,99,1248740
-373.4185235180445,89,1248829
-240.50927069060708,114,1248943
-155.1126643204535,124,1249067
-376.02057175847096,102,1249169
-192.43014285985055,75,1249244
-53.08950882044658,112,1249356
-55.7619720308277,87,1249443
-121.27411235611457,102,1249545
-127.62429915111964,101,1249646
-307.97486327750835,104,1249750
-88.31819904327058,67,1249817
-149.30294587049158,108,1249925
-39.126294644491765,92,1250017
-406.8194330322483,91,1250108
-134.00907708905768,103,1250211
-178.57541026199823,142,1250353
-295.23966323649665,83,1250436
-399.62398269787644,99,1250535
-102.57539238200343,71,1250606
-120.37518654186714,87,1250693
-302.8184932186073,95,1250788
-171.45889652957766,77,1250865
-55.682247694667986,69,1250934
-314.65081396073595,111,1251045
-192.97986709797522,81,1251126
-135.17985064465987,75,1251201
-91.39103646758045,76,1251277
-213.1840018785444,109,1251386
-357.85377533851687,114,1251500
-70.12521754505407,72,1251572
-165.76131644927682,69,1251641
-222.01676258692444,60,1251701
-225.15792119529732,97,1251798
-100.82126018621544,104,1251902
-281.35972698617513,96,1251998
-108.83190755657775,80,1252078
-423.4388973714614,112,1252190
-107.67579749521623,77,1252267
-263.7356664203036,113,1252380
-194.95699900409338,83,1252463
-98.8235199689284,74,1252537
-114.15665244372633,72,1252609
-305.17216002032796,71,1252680
-40.968724791751484,117,1252797
-121.64592498111877,134,1252931
-51.149471511752964,65,1252996
-127.2727416135874,94,1253090
-116.52305185389687,108,1253198
-210.06137574440848,89,1253287
-99.09416973835377,103,1253390
-204.65483359726602,83,1253473
-269.7118244376606,65,1253538
-228.0506552556504,148,1253686
-107.57836513374008,104,1253790
-74.82504090153915,79,1253869
-317.38435240588746,101,1253970
-102.74810861651149,71,1254041
-333.68985796100026,92,1254133
-119.14269767647062,126,1254259
-288.6415939805603,112,1254371
-101.48832064930971,74,1254445
-105.46302414214836,77,1254522
-122.43464675096068,84,1254606
-109.1745179235339,123,1254729
-310.9927768033559,136,1254865
-274.73090026471914,93,1254958
-80.5940479466295,68,1255026
-191.53191247013763,106,1255132
-212.1484621459127,122,1255254
-146.3844425609592,63,1255317
-121.05983567353938,108,1255425
-103.32116685217102,71,1255496
-176.34569220578385,62,1255558
-163.15462083204426,95,1255653
-79.3659479864304,63,1255716
-283.6556636154504,83,1255799
-178.30038562668204,87,1255886
-182.8076115015491,53,1255939
-72.6164339943458,71,1256010
-123.7906058274412,111,1256121
-73.97230475981637,72,1256193
-179.3962861403521,101,1256294
-293.6916590447222,101,1256395
-53.872567000910195,73,1256468
-132.5035929661691,62,1256530
-214.05989933041093,115,1256645
-42.64510304121397,59,1256704
-208.1780603735203,84,1256788
-191.4750837170642,119,1256907
-66.71455635404972,91,1256998
-383.62075032893785,104,1257102
-213.54414302887025,110,1257212
-98.7700918986057,60,1257272
-114.20489650456514,77,1257349
-120.57616594676352,85,1257434
-163.57484084288745,98,1257532
48.028571789156075,88,1257620
-266.52985138162023,79,1257699
-73.76149286096758,113,1257812
-118.95826469643956,116,1257928
-69.69816146779328,61,1257989
-356.6867906502603,94,1258083
-77.26670818416504,76,1258159
-99.86701325514241,84,1258243
-444.80904915701143,116,1258359
-229.7283640086108,105,1258464
-33.497496696385085,111,1258575
-338.0619973404025,95,1258670
-344.3015611758222,90,1258760
-273.76230158806527,96,1258856
-82.1332896195612,72,1258928
-121.80788190291439,118,1259046
-132.41653201866512,74,1259120
-125.53652902815274,67,1259187
-185.55731837804132,78,1259265
-130.5832897132618,71,1259336
3.151345357703505,86,1259422
-175.4829409306252,102,1259524
-343.7504423507236,102,1259626
-65.40908637169986,77,1259703
-99.220562095719,71,1259774
-255.1221026188883,132,1259906
-102.25689290562342,60,1259966
-218.33851793890352,143,1260109
-148.10636820695555,61,1260170
-84.88140829329133,83,1260253
-178.45930501952927,72,1260325
-80.43058932337094,81,1260406
-123.83855849416125,64,1260470
-162.62963337366858,122,1260592
-191.7467900903526,92,1260684
-158.9150846480103,81,1260765
-116.1375124143116,60,1260825
-128.82246291494153,72,1260897
-109.41734989077112,82,1260979
-403.655169383382,102,1261081
-260.6403699766453,74,1261155
-171.44064315688973,67,1261222
-117.13827691809637,65,1261287
-57.45742617169118,75,1261362
-189.9514012272041,69,1261431
-177.75788266831677,95,1261526
-124.22112410023854,69,1261595
-117.13238840589051,93,1261688
-131.94036130445446,101,1261789
-138.67678293354356,99,1261888
-314.87466752495664,95,1261983
-142.17856976619385,71,1262054
-68.95562916377631,73,1262127
-110.81554855951285,103,1262230
-208.28583229976707,83,1262313
-122.52244482700898,64,1262377
-107.4420339322992,98,1262475
-86.00621582773323,80,1262555
-211.2564615865907,131,1262686
-28.848227079669357,67,1262753
-105.65610206661046,73,1262826
-124.16133363175933,66,1262892
-111.3045312640231,68,1262960
-325.30807960719676,107,1263067
-146.4268882530909,86,1263153
-82.75924940764573,75,1263228
-105.34058068828978,78,1263306
-97.2356093326863,69,1263375
-139.84274110008886,105,1263480
-304.9111446297561,98,1263578
-260.35565833930156,68,1263646
-98.93570452287813,118,1263764
-164.69843277203438,113,1263877
-171.60076082699874,114,1263991
-166.49412617646556,95,1264086
-407.3318584769622,114,1264200
-225.70399588588253,79,1264279
-145.95849007866678,115,1264394
-51.30967083359681,81,1264475
-250.02392784837417,72,1264547
-234.9648180442383,88,1264635
-183.95681731037004,78,1264713
-194.75173686291157,69,1264782
-326.6611504206918,101,1264883
-219.94711179259215,113,1264996
-138.8267606381222,79,1265075
-162.73050820075213,126,1265201
-221.99092485311718,81,1265282
-147.97187041518254,70,1265352
-158.40466234195424,72,1265424
-90.39936588451957,73,1265497
-215.26882873978718,86,1265583
-43.21653053123547,104,1265687
-249.3622783390221,112,1265799
-312.15354754907264,73,1265872
-253.2977146412798,100,1265972
-123.90207007504677,70,1266042
-77.55634360211265,67,1266109
-145.2334981617954,78,1266187
-95.26006754778356,84,1266271
-325.5061380867317,98,1266369
-152.48525453780587,67,1266436
-406.6660028977393,142,1266578
-51.611257717068284,60,1266638
-107.307832633411,64,1266702
-408.8476232956206,84,1266786
-345.875459942057,95,1266881
-352.00488054024083,118,1266999
-443.17838972772853,88,1267087
-101.42454609136112,87,1267174
-211.46927401925836,103,1267277
-134.02893909953963,139,1267416
-81.74558339294633,108,1267524
-145.50812818287858,86,1267610
-230.10892072379562,85,1267695
-217.98584828374487,91,1267786
-29.227280583005893,81,1267867
-90.90699901131894,80,1267947
-273.3941855275282,81,1268028
-143.46651243611828,65,1268093
-100.63971131852152,95,1268188
-82.7060455884224,82,1268270
-82.96348795710713,113,1268383
3.9058244830774242,92,1268475
-100.0812369075193,62,1268537
-96.59970205747739,69,1268606
-68.07767847404106,64,1268670
-92.96341728852202,76,1268746
-356.45955836486513,100,1268846
-157.80119904400806,95,1268941
-194.5598712864732,112,1269053
-87.48345238355323,67,1269120
-120.87615237788599,82,1269202
-118.9839759204938,68,1269270
-368.19351756556534,89,1269359
-158.96659322465445,102,1269461
-101.90982453874301,75,1269536
-236.11942015717304,76,1269612
-150.65358555604553,101,1269713
-138.75098418404312,113,1269826
-208.53037809511545,101,1269927
-82.73721795195821,65,1269992
-155.36494131626966,95,1270087
-155.4483432652725,102,1270189
-99.77433464886667,61,1270250
-181.78902070495198,77,1270327
-197.03172804899668,107,1270434
-167.7802287851772,92,1270526
-157.32686931182081,104,1270630
-2.1819924308767327,90,1270720
-145.17907140974944,101,1270821
-178.8531682440596,114,1270935
-67.26420725481668,56,1270991
-272.7780867405123,120,1271111
-98.43579355759539,104,1271215
-128.23872098111508,66,1271281
-417.999312146579,138,1271419
-60.825946075617935,70,1271489
-327.7127318314249,94,1271583
-381.475853971207,100,1271683
-122.95162119641512,113,1271796
-91.20162689050264,70,1271866
-199.26753416269392,74,1271940
-158.43196649393707,92,1272032
-377.59391074518174,93,1272125
-215.12975730066734,93,1272218
-126.42877803583013,77,1272295
-90.76904674889255,75,1272370
-136.00409625979785,161,1272531
-89.53299287109547,87,1272618
-232.61605115210097,105,1272723
-112.3923035187405,70,1272793
-149.52767912396888,144,1272937
-98.73627509274147,68,1273005
-114.83406343665173,115,1273120
-278.073606381671,103,1273223
-337.75087271525285,105,1273328
-45.44548424828014,71,1273399
-0.3126224263734372,93,1273492
-123.85780119128235,62,1273554
-248.04043045250032,102,1273656
-206.6255755362997,61,1273717
-94.71812736502491,74,1273791
-96.34526099893174,105,1273896
-93.01952540575088,82,1273978
-108.21683923489373,71,1274049
-125.25942078618513,99,1274148
-116.19678774700822,80,1274228
-53.179291337453925,72,1274300
-175.38228220389735,84,1274384
-119.92636408932584,110,1274494
-190.34631898865845,72,1274566
-333.87576163532026,99,1274665
-67.95920008873776,80,1274745
-78.53788198703933,91,1274836
20.377717089732087,72,1274908
-297.0311463575364,97,1275005
-342.93565695426764,105,1275110
-95.56986251552978,61,1275171
-102.87013483888332,71,1275242
-200.72023415799242,105,1275347
-149.14697538022364,77,1275424
-284.431107628896,113,1275537
-178.35359584272328,91,1275628
-154.50815331329102,77,1275705
-130.49261784993655,133,1275838
-86.90085167368508,80,1275918
-58.46150324643354,67,1275985
-318.6336572915284,87,1276072
-127.59204406963555,68,1276140
-156.09185438240178,62,1276202
-110.73386449902272,70,1276272
-108.38292572248602,72,1276344
-185.3824119456388,134,1276478
-118.67561973164399,100,1276578
-116.04820231026841,83,1276661
-354.32398041558963,123,1276784
-40.43059420799888,127,1276911
-386.3328439472409,95,1277006
-257.5531407510699,93,1277099
-128.47248445268767,67,1277166
-50.30010761024549,121,1277287
-80.22627754751142,106,1277393
-124.29892684324183,91,1277484
-83.39891920397034,65,1277549
-120.58558593549225,80,1277629
-74.5883028228937,81,1277710
-256.3980341232583,76,1277786
-258.92025191236405,106,1277892
-108.57647701373973,106,1277998
-81.10814766137761,91,1278089
-79.25580146142096,66,1278155
-158.00570634733612,76,1278231
-273.3381444486464,96,1278327
-411.22515329327996,116,1278443
-119.0707511637064,59,1278502
-438.6858631263676,109,1278611
-262.4004220831082,88,1278699
-167.07506807821693,78,1278777
-284.595304303693,111,1278888
-110.62109660802787,75,1278963
-325.52357488139063,110,1279073
15.93715894328443,80,1279153
-146.24620266680267,115,1279268
-151.79666654827878,109,1279377
-114.81683039442561,97,1279474
-127.78779930869379,67,1279541
-142.86926606022345,89,1279630
-124.51464032100662,78,1279708
-104.08674915967592,64,1279772
-71.92055541546674,77,1279849
-109.6232554684251,69,1279918
-113.25427979737798,76,1279994
-259.07323569983663,120,1280114
-7.42095925409221,81,1280195
-84.24086607085124,122,1280317
-159.9209083840482,72,1280389
-107.01342781387574,75,1280464
-143.16067335144788,80,1280544
-177.87486912504926,57,1280601
-109.25442233713274,75,1280676
-135.39783000648995,76,1280752
-180.07396889640341,112,1280864
-199.81564566501794,119,1280983
-117.79096678792939,111,1281094
-112.71981233192363,116,1281210
-294.7848681440284,93,1281303
-91.83017678035617,95,1281398
-72.90486734473704,65,1281463
-96.22524193828856,72,1281535
-393.62971497236805,80,1281615
-129.11605169282743,96,1281711
-213.74488361367736,138,1281849
-110.3935175562225,65,1281914
-48.44491998412188,60,1281974
-234.41212159479713,117,1282091
-332.4886218482109,117,1282208
-206.95548577154696,82,1282290
-296.47157970107855,89,1282379
-442.8984494550293,73,1282452
-350.9229130785434,94,1282546
-163.76294857646164,71,1282617
-104.85239501784906,74,1282691
-245.84654872952478,97,1282788
-274.00966116383887,113,1282901
-105.87078582330811,73,1282974
-113.75034505027848,92,1283066
-63.18707865373044,110,1283176
-107.22733485724103,79,1283255
-151.61465799668633,137,1283392
-252.91573000943794,98,1283490
-133.36041700534034,73,1283563
-111.17990125360944,66,1283629
-129.30734609477753,69,1283698
-381.7020500747358,105,1283803
-69.94395444878188,68,1283871
-199.858903378327,75,1283946
-135.95200077325939,108,1284054
-104.7044795752538,64,1284118
-291.4878581235102,104,1284222
-381.9371949766568,121,1284343
-194.74052231407336,107,1284450
-175.27916695928798,70,1284520
-167.0820972458348,70,1284590
-285.4632269153643,104,1284694
-99.57297300639154,63,1284757
-112.84060666305349,128,1284885
-149.16471501835738,144,1285029
-215.8611562006423,86,1285115
-140.95083078207944,92,1285207
-46.284671065985876,71,1285278
-294.3313778770137,97,1285375
-171.28926357201124,85,1285460
-96.1472861861237,135,1285595
-287.9422161575212,114,1285709
-88.17509657704802,88,1285797
-89.2953102306258,95,1285892
-329.21526994274075,108,1286000
-179.53174764572543,128,1286128
-113.11560642722077,76,1286204
-334.49266438188425,100,1286304
-386.44994908450815,99,1286403
-163.3795647799433,67,1286470
-451.34717657758335,94,1286564
-131.45145320632224,102,1286666
-85.76905864897252,75,1286741
-92.24943766779158,106,1286847
-102.15730542779418,81,1286928
-96.63119189592908,86,1287014
-153.4806796964788,116,1287130
-284.2767123638213,87,1287217
-147.2677800395877,93,1287310
-170.49091793401863,75,1287385
-152.946466464894,77,1287462
-186.6893180099637,136,1287598
-226.4422720112922,99,1287697
-134.71238014380967,80,1287777
-111.0512005769144,65,1287842
-246.21694537174372,102,1287944
-230.6998341365129,92,1288036
-132.33368590940293,100,1288136
-205.91875070773796,144,1288280
-112.18700965109191,103,1288383
-294.07090456233084,76,1288459
-109.60364039225826,93,1288552
-436.01743011579345,82,1288634
-161.45902053401747,132,1288766
-190.61102595529968,91,1288857
-191.63540849387908,135,1288992
-121.58813785868743,57,1289049
-187.05779285228408,79,1289128
-383.857904629472,127,1289255
-130.60987863153358,93,1289348
-256.29165336196354,72,1289420
-384.502772740546,106,1289526
-72.90586861265328,76,1289602
-319.4241248397703,72,1289674
-135.85358922119786,102,1289776
-409.44295853587334,88,1289864
-116.02366133443768,66,1289930
-277.3096213317317,117,1290047
-229.73060572499426,126,1290173
-148.41933013027574,76,1290249
-155.71428873584512,107,1290356
-206.4227593119566,60,1290416
-147.6358512248888,105,1290521
-389.4990189852891,92,1290613
-458.1931885717812,96,1290709
-303.7803436453324,130,1290839
-226.84658428021152,83,1290922
-311.35606997011143,106,1291028
-107.70555770911334,73,1291101
-101.51031640373448,64,1291165
-81.26390446026146,75,1291240
-106.28625380975522,64,1291304
-140.70592534567672,130,1291434
-67.91039380615416,73,1291507
-113.10279281974974,61,1291568
4.662138209277032,102,1291670
-95.74671422805,100,1291770
-217.03178322128454,97,1291867
-127.49615175027107,145,1292012
-83.67555645099198,70,1292082
-125.75685782295604,97,1292179
-234.8416085751422,87,1292266
-129.6692673116675,86,1292352
-155.78319234317001,83,1292435
-338.36958713541975,97,1292532
-282.07719862164953,90,1292622
-175.8738056766942,81,1292703
-133.89356203594906,85,1292788
-301.7179090924301,109,1292897
-91.34319824546395,70,1292967
-258.7581010027359,146,1293113
-231.28408818206216,123,1293236
23.66405362766274,71,1293307
-214.89075132456406,78,1293385
-202.7581029787087,91,1293476
-368.6923343967219,93,1293569
-453.098439248469,95,1293664
-92.54234675410027,57,1293721
-107.35411404313335,86,1293807
-359.7103030661326,99,1293906
-253.08573551719982,99,1294005
-155.68307824504,119,1294124
5.403039565067331,121,1294245
-194.18876976595777,70,1294315
-202.7424490210218,89,1294404
-291.7205419796112,107,1294511
-107.26737524532831,97,1294608
-116.3608889743076,71,1294679
-378.2188880844414,127,1294806
-195.04117577663914,86,1294892
-171.87601400509786,81,1294973
-47.41361533652485,128,1295101
-159.6662715490168,70,1295171
-339.0979241903864,88,1295259
-47.5057172706275,59,1295318
-368.11675647752276,75,1295393
-158.02444503673206,114,1295507
-78.48464689133108,72,1295579
-89.3853456576656,64,1295643
-94.22113744079547,71,1295714
-78.76937764508737,68,1295782
-131.7940777776705,72,1295854
-101.9608397455616,61,1295915
-131.39126559458887,98,1296013
-247.98300938849223,80,1296093
-83.13294505665326,98,1296191
-202.37393595641842,124,1296315
-93.31815984819048,70,1296385
-132.06954849738077,89,1296474
-314.99024636607294,100,1296574
-100.30041347391683,73,1296647
-181.498904820836,116,1296763
-99.55133967179906,111,1296874
-65.01226596820399,64,1296938
-79.82536973626888,57,1296995
-86.54266109849823,76,1297071
-134.38159047120212,82,1297153
-59.05227640119206,94,1297247
-89.75825144492983,70,1297317
-127.45065856752433,105,1297422
-162.24487969431078,83,1297505
-143.3639298714286,85,1297590
-140.69098613238077,117,1297707
-204.11382954743644,105,1297812
-237.37106974587448,69,1297881
-144.2144870045738,107,1297988
-208.83331571598188,111,1298099
-196.5688286511636,100,1298199
-348.816753831622,101,1298300
-160.85862459214795,112,1298412
-163.10985150598896,69,1298481
-242.25875781342822,86,1298567
-108.05375407154243,96,1298663
-113.56866933363307,76,1298739
-117.97757555035056,101,1298840
-89.72249209602103,103,1298943
-486.2773577028579,126,1299069
-164.69905554669947,88,1299157
-142.67278507704032,80,1299237
-289.43741119417734,109,1299346
-114.11445754286538,63,1299409
-227.85705035602325,63,1299472
-180.53419832253834,102,1299574
-268.5406899030495,108,1299682
-212.01613801755167,116,1299798
-184.5152709846745,72,1299870
-99.73706073050343,68,1299938
-130.57685382961023,78,1300016
-129.5480032438235,90,1300106
-317.67473521322745,91,1300197
-94.72055997850396,73,1300270
-278.8897977285736,102,1300372
-98.28176955655158,66,1300438
-122.16825826457597,106,1300544
-105.74589509564683,70,1300614
-103.13629246059944,78,1300692
-375.8938452444604,96,1300788
-121.4995090682641,105,1300893
-123.75141063052902,80,1300973
-118.06561330089852,75,1301048
-90.41056891089778,61,1301109
-252.5220557946388,84,1301193
-358.69758780511245,104,1301297
-95.12677764342935,59,1301356
-97.24925648453079,118,1301474
-227.80383215027172,95,1301569
-282.8455544945899,76,1301645
-248.03170509907446,114,1301759
-220.4389024022633,93,1301852
-248.8893590530692,124,1301976
-323.77910984531627,101,1302077
-311.81458905368356,84,1302161
-90.22920232097931,70,1302231
-107.59162254345776,87,1302318
-115.05029565734377,126,1302444
-75.96502707589242,59,1302503
-176.0948419334123,69,1302572
-244.32065929169661,109,1302681
-146.6708893914775,72,1302753
-150.99975821450755,94,1302847
-356.12739761389395,92,1302939
-94.06510482647323,100,1303039
-135.16115382269396,87,1303126
-137.90020567239912,88,1303214
-119.86916846665106,106,1303320
-335.7441380247044,119,1303439
-326.18396055054916,122,1303561
-110.32687437273205,118,1303679
-251.32795922661123,99,1303778
-110.85191305722806,73,1303851
-329.59126563142297,86,1303937
-73.90820688043466,70,1304007
-448.6904050762282,101,1304108
-117.2346260322425,83,1304191
-231.90942620120998,77,1304268
-100.57216926453027,128,1304396
-121.88749103862912,86,1304482
-289.11682001422395,90,1304572
-274.5949829018176,107,1304679
-203.7769194721427,76,1304755
-96.65010623574386,80,1304835
-382.961795931802,123,1304958
-140.49039809854108,117,1305075
-235.51473920238737,84,1305159
-95.3156230289379,65,1305224
-116.2017791409649,92,1305316
-234.3266236742199,106,1305422
-67.42678366682604,125,1305547
-339.308728969953,89,1305636
-255.0268911350144,118,1305754
-142.41641913455425,97,1305851
-88.46375552899671,79,1305930
-147.9289893533077,82,1306012
-74.26757013513617,125,1306137
-125.97074992731912,86,1306223
-72.84933725362004,103,1306326
-120.40854100338663,86,1306412
-193.5932976936411,107,1306519
-109.035549163686,67,1306586
-116.0241906823031,65,1306651
-124.63065052711408,75,1306726
-120.4294895863456,62,1306788
-409.386671521311,133,1306921
-324.47884581332914,107,1307028
-107.97789872153234,61,1307089
-364.7131448884502,81,1307170
-200.6490040521065,97,1307267
-111.39050540937129,76,1307343
-77.3618108417366,94,1307437
-92.1095717272805,70,1307507
-71.60200409152365,61,1307568
-320.1673080515569,77,1307645
-102.07847624154134,80,1307725
-316.2412388554209,73,1307798
-167.71655192969263,124,1307922
-191.15144953781362,82,1308004
-238.29782852972792,92,1308096
-514.0609907236076,97,1308193
-55.66688622932128,65,1308258
-113.17013489378333,88,1308346
-213.77208818557125,89,1308435
-184.70184806601793,103,1308538
-133.85715665884612,80,1308618
-119.61590566124038,91,1308709
-176.21267818333592,76,1308785
-133.276049552374,66,1308851
-218.8425601790636,77,1308928
-118.1122095735723,69,1308997
-236.63720287840152,70,1309067
-83.24049575400578,87,1309154
-74.95763524867702,80,1309234
23.751145271064203,147,1309381
-141.03947617468918,78,1309459
-118.12374519319958,120,1309579
-114.95400596219145,74,1309653
-127.74764807692878,88,1309741
-112.8808900666771,88,1309829
-308.58767780812394,104,1309933
-114.63784735849512,72,1310005
-80.52188275232366,57,1310062
-252.58137508521972,90,1310152
-94.63538174971094,77,1310229
-436.0418049831366,96,1310325
-310.090844943599,86,1310411
-134.75269951890687,95,1310506
-64.07118790941428,66,1310572
-274.6945660903884,103,1310675
-80.64918632500091,62,1310737
-203.75410076401675,93,1310830
-323.33886811330007,92,1310922
-105.9177402428196,79,1311001
-72.45684154665012,74,1311075
-112.89211825826507,80,1311155
-145.62410140667237,107,1311262
-326.51204767994227,84,1311346
-71.39406653920786,63,1311409
-142.40917922082696,80,1311489
-141.15845171324344,72,1311561
-107.45180308848025,67,1311628
-105.24020327049676,66,1311694
-457.21437222048763,96,1311790
-238.45821034999503,73,1311863
-155.91587590583464,93,1311956
-108.8962388426246,75,1312031
-122.93900126107158,95,1312126
-116.17983843398167,82,1312208
-90.98865066368352,66,1312274
-307.31470733840416,68,1312342
-185.72717604742945,99,1312441
-207.24620267040717,71,1312512
-97.23375424652676,76,1312588
-285.4334860451844,144,1312732
-129.16082094819012,132,1312864
-87.16205762416367,69,1312933
-239.46388100840818,86,1313019
-93.85784879422114,92,1313111
-95.95435885472816,84,1313195
-167.595335917247,68,1313263
-207.60036636041679,65,1313328
-186.12320415673491,59,1313387
-239.90498325594817,109,1313496
-360.06624201645934,81,1313577
-110.92840052593229,71,1313648
-394.1436985835511,94,1313742
-123.09054864663754,88,1313830
-296.40943493964187,78,1313908
-47.04104234493283,124,1314032
-123.7887375667896,86,1314118
-251.71270062339096,91,1314209
-113.35983672004079,63,1314272
-94.79999109967258,73,1314345
-76.53903496164612,84,1314429
-170.38613785076043,76,1314505
-131.25368228204906,69,1314574
-101.86672817549618,65,1314639
-132.4608920896057,148,1314787
-204.70236106645757,103,1314890
-97.71017849428762,93,1314983
-309.65569432832564,107,1315090
-125.44522649917052,61,1315151
-98.82067771468371,103,1315254
-181.24579844015807,81,1315335
-106.22711453143583,89,1315424
-70.42614553295313,91,1315515
-118.07264994884905,95,1315610
-107.39785143365705,101,1315711
-143.5878834919074,79,1315790
-379.80434964357784,119,1315909
-243.55403813250126,73,1315982
-133.5526551131585,66,1316048
-171.4686868743529,98,1316146
-98.30217702857213,104,1316250
-127.62264854165026,108,1316358
-78.22556090940073,82,1316440
-237.4102348525002,123,1316563
-167.2323746234869,67,1316630
-320.92978661952975,112,1316742
-166.48231543365915,68,1316810
-121.42916236615464,95,1316905
-433.0128112568032,100,1317005
-199.758501138392,92,1317097
-96.5093406170269,60,1317157
-481.99751556460365,130,1317287
-101.26954054615975,80,1317367
-166.88562901954526,113,1317480
-205.33558246275834,61,1317541
-222.57504323613415,76,1317617
-252.28199196494268,118,1317735
-442.5120085353815,101,1317836
-117.89053188583661,73,1317909
-106.34204816687073,86,1317995
-115.00770163234014,88,1318083
-123.60402305570102,104,1318187
-89.34936116264825,60,1318247
-118.64103366778191,74,1318321
-119.36414233391486,68,1318389
-272.8371656115951,102,1318491
-112.61586322723763,74,1318565
-261.479290342837,102,1318667
-108.19705849512084,91,1318758
-162.5234776461697,60,1318818
-321.3721188733633,92,1318910
-380.6521945979909,94,1319004
-91.17727774384643,62,1319066
-72.44048877577903,117,1319183
-153.11334798312186,68,1319251
-78.8899812512629,60,1319311
-99.80687365650472,57,1319368
-114.31397989155121,128,1319496
-436.9585977894283,105,1319601
-347.6267506123627,95,1319696
-148.60499895949107,106,1319802
-124.18911893479682,80,1319882
-150.73771995383922,91,1319973
-174.05701923726497,109,1320082
-158.99065607957317,66,1320148
-359.7905106864555,91,1320239
-189.12563721046428,71,1320310
-174.58614632577437,64,1320374
22.834619011475993,64,1320438
-221.94458031135332,106,1320544
-142.46703990018352,119,1320663
-121.6703442471638,81,1320744
-253.49762839800616,110,1320854
-106.34079396680667,82,1320936
-98.4455789760543,82,1321018
-111.45170686794658,108,1321126
-140.93408802058892,96,1321222
-129.41986367689427,90,1321312
-318.01466889489336,75,1321387
-117.83784021091348,109,1321496
-243.52224523420048,118,1321614
-82.9465011015278,74,1321688
-101.60413054934953,119,1321807
-82.56687207809284,91,1321898
-142.6875694946929,126,1322024
-58.57971664632787,60,1322084
-228.0328862575023,68,1322152
-240.16471156162316,125,1322277
-75.29325665225235,69,1322346
-119.05208561141053,70,1322416
-292.8302008850544,93,1322509
-227.52184477075662,112,1322621
-273.7425442105048,84,1322705
-101.18250913919381,86,1322791
-252.60588689665067,97,1322888
-428.486716588999,103,1322991
-68.83829111295083,114,1323105
-152.8079897073012,64,1323169
-211.6500232136981,75,1323244
-53.05981635181017,71,1323315
-124.60883133499617,99,1323414
-194.5719034975807,111,1323525
-251.17094858546696,85,1323610
-113.3112081029103,64,1323674
-92.5187357338467,73,1323747
-115.99477020208965,107,1323854
-218.79479525153664,121,1323975
-103.0770401042695,127,1324102
-106.71185267669901,79,1324181
-393.26265278671553,107,1324288
-215.86439025900128,94,1324382
-294.3838082470543,122,1324504
-85.30395413708113,85,1324589
-110.11875825709836,93,1324682
-427.35621124494185,80,1324762
-249.22098219376645,93,1324855
-68.25368194771319,65,1324920
-191.89761479267776,114,1325034
-117.65491955564481,70,1325104
-71.68185298175221,61,1325165
-98.46111427733209,63,1325228
-335.5442046377853,104,1325332
-102.24773517584588,99,1325431
-67.96152231031088,114,1325545
-97.14140031131925,116,1325661
-176.18394586636884,74,1325735
-128.09645471599174,92,1325827
-134.5062199839781,113,1325940
-81.9685257898772,68,1326008
-197.73305992831337,85,1326093
-336.8534486552155,85,1326178
2.11850017861957,94,1326272
-69.46303766077486,65,1326337
-221.918843809623,142,1326479
-102.39705379603566,66,1326545
-108.01520438220726,86,1326631
-292.29473554601805,97,1326728
-269.253920793827,100,1326828
-95.08281382030509,119,1326947
-87.77883886228358,60,1327007
-245.60042677843245,101,1327108
-84.94438465476064,77,1327185
-100.44536943142465,113,1327298
-289.7565290191294,87,1327385
-116.1707239275973,97,1327482
-447.49113750195284,118,1327600
-125.0108001609969,112,1327712
-400.87068931282647,98,1327810
-281.33442438125326,65,1327875
-48.77266752265764,76,1327951
-105.51601418992001,70,1328021
-162.15732449129328,86,1328107
-118.35002508356008,73,1328180
-101.83672935832318,80,1328260
-84.6443993921517,74,1328334
-188.27040668471756,75,1328409
-86.80173375873625,131,1328540
-205.27904945793603,80,1328620
-129.31530118186026,88,1328708
-121.34972197509022,79,1328787
-118.79903082474078,128,1328915
-364.3033996153658,93,1329008
-252.19118837411094,100,1329108
-108.26789878131635,102,1329210
-298.164024660029,126,1329336
-242.2076415658041,69,1329405
-148.61080315177998,106,1329511
-110.31267069366325,89,1329600
-132.23423880810572,94,1329694
-473.24951939531695,115,1329809
-190.91062365694947,79,1329888
-67.00146219974141,66,1329954
-195.44905708882672,100,1330054
-230.39947733003385,58,1330112
-166.29526925628056,121,1330233
-91.77342287244494,71,1330304
-122.97552885717123,71,1330375
-407.1179154154529,80,1330455
-14.775656711165738,70,1330525
-219.82435892089782,135,1330660
-112.31901220436686,71,1330731
-99.75321394765274,65,1330796
-114.88462364407675,97,1330893
-312.03205732770004,110,1331003
-336.10524733019525,114,1331117
-91.76628151443418,76,1331193
-398.3793147433656,130,1331323
-109.85449461218167,103,1331426
-169.2870373495653,82,1331508
-311.09441489471186,80,1331588
-361.66920485903626,92,1331680
-93.6353903839321,75,1331755
-111.21181102070125,73,1331828
-158.90478016430563,89,1331917
-204.7398336385528,78,1331995
-151.62088136631044,105,1332100
-49.48097709505782,60,1332160
-88.30066659659232,78,1332238
-139.48700552327495,116,1332354
-325.4261973046802,115,1332469
-119.78530997884656,87,1332556
-118.4507113737136,65,1332621
-275.631348931861,82,1332703
-185.48116974035926,77,1332780
-87.98912999659984,126,1332906
-101.52861047453419,59,1332965
-94.90161619605375,136,1333101
-68.38070436998967,61,1333162
-270.3103063150303,96,1333258
-423.8934433691283,127,1333385
-120.9910368854212,74,1333459
-147.029604120626,99,1333558
-287.7474857065827,83,1333641
-106.47618482164681,73,1333714
-181.54202245483287,63,1333777
-66.24301030522903,69,1333846
-207.90606937594157,109,1333955
-67.45326939577362,60,1334015
-201.70890528564385,114,1334129
-119.55674445721937,99,1334228
-229.29514850328488,78,1334306
-123.65589049206801,75,1334381
-286.3132164799746,91,1334472
-125.81492409766726,115,1334587
-84.62754733345379,70,1334657
-172.97018156506977,115,1334772
-430.6503499162396,92,1334864
-116.58017324355808,64,1334928
-183.53287063652442,106,1335034
-121.66075556465628,120,1335154
-118.11496875321765,120,1335274
-62.26567720282788,60,1335334
-214.02710841661323,109,1335443
-117.90108492767708,101,1335544
-107.15680660473852,95,1335639
-118.48410293394325,71,1335710
-73.0808365792257,74,1335784
-141.37281350606952,82,1335866
-96.20460304370187,63,1335929
-105.79357687024017,111,1336040
-66.11217770011879,67,1336107
-92.29921095823526,92,1336199
-295.2520696450381,78,1336277
-85.66581705741822,58,1336335
-430.21519317821776,97,1336432
-210.2629350518913,87,1336519
-82.337435088789,70,1336589
-514.3046683116265,113,1336702
-71.77401412552052,57,1336759
-228.3582084260532,104,1336863
-115.20716686116029,102,1336965
-176.36626488712693,63,1337028
-67.64721508992247,89,1337117
-318.10465497403834,99,1337216
-117.07671594010789,91,1337307
-352.52986240975474,82,1337389
-308.03713783906414,115,1337504
-441.5599446729579,91,1337595
-152.0437933324796,96,1337691
-200.47498324095392,100,1337791
-109.49664882268775,100,1337891
-88.22090395144207,85,1337976
-232.30572906956075,89,1338065
-358.71198048278006,122,1338187
-485.50982117691257,115,1338302
-371.7619264021438,107,1338409
-297.5473600611938,123,1338532
-215.4954283456666,115,1338647
-124.74546283410109,98,1338745
-381.7389395983587,98,1338843
-119.8682886867134,75,1338918
-299.93934394280484,77,1338995
-107.46779142368668,84,1339079
-119.65400790040633,110,1339189
-96.5103286414825,113,1339302
19.93152085015707,104,1339406
-109.81065817746489,116,1339522
-128.79539925531054,88,1339610
-112.75212079134569,89,1339699
-234.67665978690815,117,1339816
-148.24562720126005,60,1339876
-142.390217775812,59,1339935
-130.89619541509134,77,1340012
-128.14652875098162,108,1340120
-224.16677169322338,102,1340222
-126.95026982423519,78,1340300
21.759418950096332,77,1340377
-87.73951782998006,62,1340439
-104.31502349754614,64,1340503
-362.7244930565227,96,1340599
-92.91968854337523,61,1340660
-284.5608233350665,98,1340758
-195.48771751447157,99,1340857
-77.2918569459592,72,1340929
-163.40163578294244,90,1341019
-129.85468008431516,79,1341098
-193.96608329041783,72,1341170
-115.36944246802273,117,1341287
-284.0184722990708,90,1341377
-230.04980649322306,93,1341470
-202.64990917200086,68,1341538
-148.4922962513612,101,1341639
-409.11841587548537,84,1341723
-244.71932557161276,107,1341830
-116.10019093973716,86,1341916
-195.8214655235244,92,1342008
-210.47716060164072,117,1342125
-89.05549350705859,71,1342196
-145.78415923071861,96,1342292
-192.78844198855415,69,1342361
-60.79796941455857,70,1342431
-214.39505320506353,97,1342528
-298.37986777257515,99,1342627
-410.68527686685866,109,1342736
-75.7063080771963,69,1342805
-118.72234827545705,76,1342881
-101.82348660823313,85,1342966
-188.6046466950323,100,1343066
-130.7986466487102,78,1343144
-69.77533683084319,69,1343213
-322.6365948419261,87,1343300
-135.57936104207027,80,1343380
-254.63238976056795,122,1343502
-106.35128291321811,77,1343579
-148.52527146159747,115,1343694
-208.02222150210963,90,1343784
-141.83933320702243,107,1343891
-341.9516426472983,153,1344044
-124.94835220438061,60,1344104
-153.53945445780317,76,1344180
-327.37613677959746,119,1344299
-276.4670266743558,132,1344431
0.5399276340861832,108,1344539
-101.22006628137152,75,1344614
-100.10914941101011,72,1344686
-198.09276647254214,84,1344770
-120.3309294672788,61,1344831
-110.03112563704173,108,1344939
-533.4441158323096,102,1345041
-115.09508446246812,79,1345120
-377.2221591474712,89,1345209
-334.0136446966654,106,1345315
-171.5808815643453,66,1345381
-95.78114860230674,72,1345453
-107.90931168963516,91,1345544
-147.09908732693697,116,1345660
-233.23830320026264,109,1345769
-140.40023739856701,106,1345875
-305.95878160423155,101,1345976
-273.32730095619195,106,1346082
-85.0127458667102,75,1346157
-139.76191226708372,93,1346250
-288.8242420584938,90,1346340
-15.606569676010253,63,1346403
-152.40628416837887,93,1346496
-172.58931985241864,71,1346567
-284.7940565669634,94,1346661
-97.1261396878504,90,1346751
-136.84789537748557,127,1346878
-122.46033133850686,87,1346965
-125.45294900265249,106,1347071
-363.1778273191835,116,1347187
-374.8339390333559,117,1347304
-97.7686440744968,104,1347408
-322.3540823500332,112,1347520
-156.77639937361303,100,1347620
-116.44975659730983,64,1347684
-16.73620340438238,92,1347776
-137.1431975811239,69,1347845
-157.19356752802437,101,1347946
-102.66478729004162,91,1348037
-170.39358054410323,98,1348135
-115.47117762036397,76,1348211
-120.22751067108601,81,1348292
-117.08386228065282,105,1348397
-118.16482462247531,67,1348464
-337.12586171581006,101,1348565
-103.29759905252234,111,1348676
-194.0951885447982,80,1348756
-86.72533210885699,69,1348825
-278.1691056014427,74,1348899
-162.53070852448812,67,1348966
-276.2835553261074,113,1349079
-277.1221229085068,102,1349181
-443.8792012770926,108,1349289
-110.90762330742547,86,1349375
-159.69204479819086,123,1349498
-120.5217970396449,63,1349561
-87.93504987590408,69,1349630
-117.09016936423191,66,1349696
-79.12450138026148,78,1349774
-507.2753936720561,96,1349870
-352.54306264820747,87,1349957
-92.35365097928435,70,1350027
-118.07407579161516,78,1350105
-93.17193180218155,84,1350189
-344.9786795615631,101,1350290
-43.05815977552964,122,1350412
-192.30399509275605,82,1350494
-79.56168764091791,82,1350576
-256.14802571724806,87,1350663
-192.40898601317022,74,1350737
-100.92876333362099,67,1350804
-435.00898702960507,102,1350906
-459.7004473932886,90,1350996
-353.5690311854337,116,1351112
-100.52526382693213,65,1351177
-338.61561927409923,108,1351285
-95.27050882815537,81,1351366
-189.84959079524484,111,1351477
-37.08400110925673,116,1351593
-142.5002018206904,107,1351700
-62.828457028568245,83,1351783
-139.4830183264086,83,1351866
-135.42968441621966,105,1351971
-273.1094727972924,93,1352064
-169.15891900878805,97,1352161
-434.38814475549765,96,1352257
-336.76378017033494,119,1352376
-394.72031850148454,86,1352462
-414.5093786856946,128,1352590
-72.80716839567441,134,1352724
-91.04390496588746,68,1352792
-110.05265033771762,65,1352857
-170.57236685319955,132,1352989
-175.2166182276842,72,1353061
-86.96500471279711,72,1353133
-92.21715190957562,72,1353205
-90.5146726675051,70,1353275
-134.06427987413608,89,1353364
-212.96249156958112,93,1353457
-219.48499744828882,151,1353608
-151.05306590267838,98,1353706
-117.75341986322982,66,1353772
-112.38246212425221,87,1353859
-99.03435700364861,63,1353922
-120.02450813368807,131,1354053
-328.9131232222311,104,1354157
-371.92356173563826,130,1354287
87.92468806334428,1000,1355287
-267.8900652674581,93,1355380
-190.51138282726583,67,1355447
-438.3008702386978,72,1355519
-163.31063494027217,71,1355590
-65.38766027023243,72,1355662
-195.59556904241083,109,1355771
-101.67510409385602,87,1355858
2.347487862290734,110,1355968
-76.73337210475752,73,1356041
-359.9265552159581,101,1356142
-106.56594584958631,59,1356201
-101.85320261600977,82,1356283
-188.5360169119557,105,1356388
-96.97124749224042,76,1356464
-144.52984719239777,122,1356586
-74.74373636670327,87,1356673
-34.85380308726302,75,1356748
-459.82587241353576,100,1356848
-109.09837082267683,66,1356914
-69.58100715105417,61,1356975
-370.28857140481034,101,1357076
-184.4945540358456,71,1357147
-173.5872452479809,114,1357261
-338.8080131324779,88,1357349
-184.91404782798818,74,1357423
-112.35767017961368,101,1357524
-120.13732222545507,62,1357586
-150.58991362382827,90,1357676
-100.07442651839827,57,1357733
-134.65052719738836,75,1357808
-393.9539309119522,68,1357876
-20.62190221402676,138,1358014
-127.37795182855467,63,1358077
-98.22874858830357,68,1358145
-290.7188067872504,104,1358249
-138.05563894639806,112,1358361
-325.67214924337037,130,1358491
-112.61913514960845,84,1358575
-14.631185658712667,66,1358641
-131.4944044290889,109,1358750
-403.9650092389742,87,1358837
-136.3135629591477,108,1358945
-274.4775347643332,85,1359030
-324.80873938866364,87,1359117
-360.5445718683939,85,1359202
-179.2436959876183,70,1359272
-277.74506859030714,65,1359337
-146.2673043354903,64,1359401
-184.293393961603,60,1359461
-284.4872785085868,108,1359569
-189.93149024144017,92,1359661
-114.90741129141115,70,1359731
-170.46428523190582,73,1359804
-271.4341134887412,80,1359884
-381.40422916628233,97,1359981
-161.71534761850893,63,1360044
-70.64790892591087,91,1360135
-300.12100356401595,102,1360237
-84.2774591804075,69,1360306
-92.22681898900409,78,1360384
-117.41792204945604,67,1360451
-89.21799781189345,60,1360511
-96.56539951366612,63,1360574
-128.61152022413722,92,1360666
-200.7046033541911,84,1360750
-217.20511381467165,95,1360845
-100.65579226928021,63,1360908
-116.88415255157395,71,1360979
-334.34362628220475,126,1361105
-79.0133760564942,85,1361190
-195.8677040912913,72,1361262
-170.2026537604014,78,1361340
-338.5628990744701,99,1361439
-148.47925453602045,82,1361521
-100.19359845058287,64,1361585
-359.2386842921984,85,1361670
-186.46050113895893,66,1361736
-273.46862703880436,73,1361809
-429.86956141626473,97,1361906
-333.79995716674114,105,1362011
-106.43480891156678,75,1362086
-198.4849641916344,85,1362171
-120.41160059293578,96,1362267
-78.81161589063231,115,1362382
-403.25052751927586,89,1362471
-89.5106495457106,87,1362558
-89.64740714099439,75,1362633
-34.50587246844468,91,1362724
-140.44296522086353,66,1362790
-177.02120485357176,77,1362867
-224.95197205944544,121,1362988
-282.21056085302797,98,1363086
-282.7108207058517,105,1363191
-133.87676758653598,102,1363293
-12.394342823624015,162,1363455
-97.81095661901426,91,1363546
-88.15800884900067,63,1363609
-103.9482651994408,93,1363702
-236.40626306910187,89,1363791
-122.68567305270184,136,1363927
-89.16682750911635,91,1364018
-77.74484647239686,68,1364086
-325.3410740328149,89,1364175
-117.9965858293372,86,1364261
-165.70294756511692,123,1364384
-102.98075843794695,75,1364459
-306.43607647056444,111,1364570
-126.53378133257576,100,1364670
-131.5132202539786,89,1364759
-96.25067810786453,92,1364851
-104.54066919157496,70,1364921
-189.16291389362772,70,1364991
-171.1647798579391,82,1365073
-373.6117303314452,82,1365155
-150.50093827173973,66,1365221
-227.97238890169007,120,1365341
-92.9643946538542,74,1365415
-336.8587844675031,96,1365511
-109.54144235383089,72,1365583
-123.3397254632108,115,1365698
-125.83935234547285,57,1365755
-87.69125892470974,68,1365823
-99.87531592320562,85,1365908
-88.39401646078163,65,1365973
-219.95935132937248,70,1366043
-111.25642609643359,110,1366153
-252.2589614325439,68,1366221
-79.14876967688676,76,1366297
-362.00064925591323,100,1366397
-263.66204465996043,77,1366474
0.7939577027432279,116,1366590
-263.2385612375266,62,1366652
-127.11955253711538,97,1366749
-102.83579303423694,70,1366819
-230.28575237641599,115,1366934
18.780290017027724,105,1367039
-498.48064789602387,100,1367139
-421.90628025914293,85,1367224
-146.94946905472,94,1367318
-144.1269868667451,78,1367396
-78.44998810863285,70,1367466
-110.68587192966162,68,1367534
-148.11085535471562,125,1367659
-149.7894046527473,94,1367753
-100.65110140218495,128,1367881
-33.98483639449569,79,1367960
-384.26867951728985,98,1368058
-322.7814526867928,94,1368152
-170.52981254304433,88,1368240
-128.98133950923926,72,1368312
-224.6719934150198,106,1368418
-162.1535953258707,75,1368493
-376.87272775219407,87,1368580
-123.46100388392176,70,1368650
-155.41298576723693,79,1368729
-77.13045400012797,201,1368930
-114.1212543997539,129,1369059
-118.98487907113372,117,1369176
-105.58484160624361,56,1369232
-132.28563599669465,127,1369359
-112.23650050725554,71,1369430
-79.51615155541363,126,1369556
-82.2411142374836,59,1369615
-225.90490060453976,74,1369689
-72.30207949577364,92,1369781
-295.3301608807068,93,1369874
-123.72585621138249,71,1369945
-78.85774050752092,78,1370023
-125.70916119068596,99,1370122
-146.23388323379578,110,1370232
-247.6276773182019,114,1370346
-412.3747088868092,113,1370459
-162.90407936240382,117,1370576
-119.39708318831428,61,1370637
-117.45302264824153,67,1370704
-231.16721146520177,102,1370806
-183.92205444360903,80,1370886
-77.38645324463141,73,1370959
-90.44420985611467,78,1371037
-152.42904257707767,73,1371110
-193.9767112795344,115,1371225
-228.95102905233674,113,1371338
-99.20554492038461,66,1371404
-263.08141116357695,72,1371476
-181.64434757209835,117,1371593
-221.98197883058756,117,1371710
-264.5475209433969,117,1371827
-288.1988602379246,102,1371929
-137.66446801135206,84,1372013
-114.82834087818046,65,1372078
-96.76895181012786,77,1372155
-27.708439550035422,72,1372227
-212.07425508822604,98,1372325
-111.18324153776581,141,1372466
-128.5206931208872,107,1372573
-199.63487236383475,68,1372641
-122.1238084489009,76,1372717
-358.406777016383,126,1372843
-223.35049010151738,122,1372965
-186.9897714363378,61,1373026
-197.99936800786315,72,1373098
-285.8790083720529,84,1373182
-85.77785492304636,76,1373258
-466.9282378177138,94,1373352
-442.38323452098984,106,1373458
-102.34145759044513,78,1373536
-408.9717304265333,102,1373638
-337.9342319175557,107,1373745
-123.84006268947684,90,1373835
-198.04026243510344,117,1373952
-73.72820149935588,84,1374036
-316.7190666093802,126,1374162
-58.05565510259737,59,1374221
-301.81400038776064,105,1374326
-214.9731488487493,100,1374426
-311.39505131360295,84,1374510
-476.6016927029937,106,1374616
-105.7218765857535,88,1374704
-105.50689037119143,69,1374773
-396.52897684573213,124,1374897
-118.78782727003686,110,1375007
-186.02062455915626,117,1375124
-468.2788445210098,96,1375220
-196.19167281492244,126,1375346
-125.49260569262786,127,1375473
-73.5257269698711,70,1375543
16.823693894249686,94,1375637
-169.27266480313085,82,1375719
-148.91397054965145,66,1375785
-123.9506725721508,67,1375852
-201.82281567664626,77,1375929
-211.0473173932233,76,1376005
-284.65215201616854,96,1376101
-447.77652983922667,106,1376207
-502.0660398945549,113,1376320
-371.43204815041867,90,1376410
-141.4360450909051,126,1376536
-205.86046760048063,140,1376676
-484.45893410300204,105,1376781
-453.4837960321081,102,1376883
-128.19114608646788,129,1377012
-142.7445854177021,92,1377104
-118.34095543741445,74,1377178
-326.77012299317516,88,1377266
-417.3763978550161,91,1377357
19.446585096735234,83,1377440
-274.1907108304083,81,1377521
-104.5702656425319,65,1377586
-11.695342149006606,108,1377694
-113.69583576966295,115,1377809
-82.93747156112488,61,1377870
-125.20137242720413,111,1377981
-221.26601901926824,87,1378068
-64.88938141140041,57,1378125
-259.7379957003798,68,1378193
-86.68049328769206,70,1378263
-201.2017519811891,102,1378365
-88.30606426773123,63,1378428
-83.40215974458437,60,1378488
-541.5999037139577,112,1378600
-77.30179069723484,69,1378669
-169.08851035301387,105,1378774
-69.97816328905915,65,1378839
-289.14773557567054,108,1378947
-296.5548254468797,91,1379038
-208.53325391346885,105,1379143
-103.50797052472146,84,1379227
-133.0663439214305,80,1379307
-165.50610305961592,95,1379402
-337.60777850654495,88,1379490
-175.29881650773868,111,1379601
-143.17531501910958,80,1379681
-113.90599496303435,109,1379790
-93.7189682923544,64,1379854
-362.0777639266408,88,1379942
0.8357270953201379,97,1380039
-398.2729945276605,109,1380148
-122.38244875816551,126,1380274
-168.70667963197775,91,1380365
-195.3695131713595,115,1380480
-127.98355949122414,111,1380591
-212.67753170249085,75,1380666
-290.1798186206988,128,1380794
-365.2154824697437,101,1380895
-207.784403237792,85,1380980
-59.104983768368946,62,1381042
-57.005697654546736,78,1381120
-86.38414998984545,129,1381249
-142.9752834138119,92,1381341
-212.49485761044673,108,1381449
-70.7178363651725,69,1381518
-205.13696158372468,91,1381609
-92.67907289696986,139,1381748
-89.49712426981196,67,1381815
-97.30191228107344,60,1381875
-305.5908467350571,65,1381940
-260.60656773027097,77,1382017
-116.06865051808285,113,1382130
-159.58050821212257,93,1382223
-203.78282080931103,99,1382322
-390.7296771438259,89,1382411
-84.9521212646879,68,1382479
-325.8149565252395,121,1382600
-205.41107421576447,115,1382715
-84.317464829816,69,1382784
-278.86512759915024,102,1382886
-67.0724331150287,63,1382949
-301.72838073044477,114,1383063
-140.09791522590646,122,1383185
-105.10614609375337,66,1383251
-97.6090876666988,58,1383309
-83.09419399072026,73,1383382
-234.7524536789022,74,1383456
-121.22955501074105,158,1383614
-275.0067661693512,112,1383726
-317.68962275614814,97,1383823
-256.30782655070345,120,1383943
-144.9843219537647,144,1384087
-43.129081301232205,70,1384157
-136.12155968109468,87,1384244
-117.36008137901231,74,1384318
-183.9414962489393,103,1384421
-126.22984247075058,84,1384505
-126.44465200941126,108,1384613
-303.2850092789864,104,1384717
-200.38841660708005,107,1384824
-111.22903408361839,80,1384904
-311.10582786737143,68,1384972
-123.50182474323664,76,1385048
-272.50114131643136,105,1385153
-188.84714291011437,92,1385245
-138.77747620401357,132,1385377
-129.55224740615796,114,1385491
-97.90934837156915,111,1385602
-171.75143446863262,165,1385767
-186.39592634605228,124,1385891
-25.61541562374211,128,1386019
-99.28421189694438,72,1386091
-147.68088833735584,81,1386172
-82.51882082804798,79,1386251
-339.63624380339536,113,1386364
-97.6503322093757,96,1386460
-373.2774840154186,70,1386530
-417.93830058594006,99,1386629
-133.45715914186593,90,1386719
-135.51901105466453,84,1386803
-71.53584284265892,132,1386935
-349.555782343981,96,1387031
-182.17362334521815,127,1387158
-122.2352128696262,75,1387233
-323.0655336711585,113,1387346
-115.33442491858548,91,1387437
-118.20007610407788,87,1387524
-333.82603859906396,84,1387608
-198.66076854512204,83,1387691
-66.72566231575365,78,1387769
-198.24720486359865,112,1387881
-130.37201933321774,103,1387984
-159.4017942744406,147,1388131
-122.52579366851162,77,1388208
-37.97092191048914,64,1388272
-76.03178954667489,96,1388368
-130.8321491858395,72,1388440
-226.50548393090082,97,1388537
-131.00861489613754,73,1388610
-126.45525080740595,65,1388675
-88.00059175735012,74,1388749
-292.81849517501826,91,1388840
-174.5679247047878,116,1388956
-122.04895820170981,78,1389034
-432.3109396718183,97,1389131
-180.95942571767785,118,1389249
-394.2960104394579,85,1389334
-128.67658086776163,68,1389402
-87.5097173497966,64,1389466
-169.9632874987468,67,1389533
-73.62767940554507,117,1389650
-143.6881259449497,68,1389718
-357.1739331034264,123,1389841
-267.6548132277095,118,1389959
-89.14432626042424,92,1390051
23.618860164618667,100,1390151
-259.6004871919518,80,1390231
-231.52731429877366,93,1390324
-380.9906693725664,149,1390473
-65.96791001576099,126,1390599
-133.1786256933932,69,1390668
-127.0846807982515,75,1390743
-159.81888519461035,109,1390852
-82.0883621038298,79,1390931
-301.2772006159032,131,1391062
-99.94672525493851,76,1391138
-315.7110415767131,88,1391226
-96.07019326150527,66,1391292
-194.87832342246412,106,1391398
-205.5870843366998,141,1391539
-316.4328776588693,111,1391650
-154.97275786455333,106,1391756
-332.4208952741579,107,1391863
-98.61860794736673,76,1391939
-330.28997797724674,105,1392044
-195.38245320122212,123,1392167
-429.56048415171887,118,1392285
-252.1854795723952,102,1392387
-117.3489476404419,106,1392493
-172.06059339322246,105,1392598
-63.86144189569002,65,1392663
-315.34937666526343,140,1392803
-91.05017891313287,79,1392882
-353.7365571806718,89,1392971
-178.67024716181018,131,1393102
-103.88163724086125,67,1393169
-105.37976674553127,91,1393260
-184.49534516587943,122,1393382
-80.70346712974785,87,1393469
-261.0306303212295,84,1393553
-356.63639040309437,95,1393648
-117.27433188485745,114,1393762
-90.71355249321401,67,1393829
-96.66935742182994,80,1393909
-204.5794702135888,109,1394018
-251.0223738738122,90,1394108
-102.7795029098524,93,1394201
-123.08594007972138,66,1394267
-121.3500579337912,82,1394349
-140.79690308927877,89,1394438
-331.09247308835177,86,1394524
-76.23724521686867,67,1394591
-401.05984293537364,125,1394716
-285.23640702124135,92,1394808
-207.44435990271262,96,1394904
-159.48782677661458,114,1395018
-90.03337645353471,69,1395087
-89.78836868536972,72,1395159
-56.16804926983109,67,1395226
-109.08853830544771,67,1395293
-237.02853726998833,120,1395413
-416.5359995883885,145,1395558
-88.96106846203472,80,1395638
-52.78608663876922,108,1395746
-90.30504605029441,70,1395816
-113.38410475109245,66,1395882
-152.40549518405905,81,1395963
-268.06572668305927,92,1396055
-115.15145192741481,120,1396175
-40.655554798571124,86,1396261
-106.69993695674374,93,1396354
-59.60103024283724,80,1396434
-153.68439750797532,105,1396539
-119.11950215803084,63,1396602
-214.3871641762703,124,1396726
-457.27112432801454,93,1396819
-315.47199292642637,85,1396904
-243.58265553828275,124,1397028
-179.68996263718554,64,1397092
-107.81889862626436,65,1397157
-148.40984745306716,73,1397230
-85.56926491644867,68,1397298
-413.41850857165065,105,1397403
-408.7535429544398,97,1397500
-164.445070909422,113,1397613
-361.2068992189387,81,1397694
-149.44364910219454,125,1397819
-143.9988354559036,73,1397892
-208.2102802059838,110,1398002
-114.12503507727155,76,1398078
-271.3030888074627,129,1398207
-87.0873033393067,75,1398282
-42.320021113973525,132,1398414
-167.67282897799407,94,1398508
-298.1020787148949,86,1398594
-126.5963641791874,96,1398690
-312.1511910661258,104,1398794
-272.7063035965276,78,1398872
-85.12772346672503,94,1398966
-157.55804298975147,100,1399066
-109.64115418705106,114,1399180
-153.94496311429947,83,1399263
-216.22436736613574,82,1399345
-108.12215798246035,66,1399411
-255.30708918239606,117,1399528
-104.029026473294,85,1399613
-108.07852651807187,81,1399694
-107.55749901792971,108,1399802
-93.6889975168673,65,1399867
-308.24098721769667,127,1399994
-511.36416531541437,115,1400109
-92.3635180802977,84,1400193
-265.12327285829605,127,1400320
-119.85068986667099,86,1400406
-343.2757325561287,128,1400534
-139.74761963835607,87,1400621
-311.8223845079468,99,1400720
-217.28408929844483,105,1400825
-107.63981123248566,94,1400919
-46.2555855765738,57,1400976
-227.0050276446441,71,1401047
-182.48889789183244,68,1401115
-115.16743851869414,73,1401188
-157.1906217686991,82,1401270
-65.27914829141979,68,1401338
-337.6288900673135,83,1401421
-114.64873618527055,72,1401493
-183.8379562559154,106,1401599
-332.249878058848,90,1401689
-122.8940698168253,109,1401798
-221.141399322217,101,1401899
-137.1484059650969,60,1401959
-306.1734098327509,89,1402048
-73.70399546203402,110,1402158
-129.8910167433861,98,1402256
-147.0334560762983,73,1402329
-342.82451743709566,102,1402431
-131.3854149940678,70,1402501
-225.86548514572385,96,1402597
-366.84237364400593,138,1402735
-277.3928673412222,75,1402810
-329.4431610235414,97,1402907
-232.52412033827875,113,1403020
-371.6517737016175,84,1403104
-95.82328195632036,116,1403220
-69.69521996765945,76,1403296
-396.1782222896585,102,1403398
-442.1912807350253,134,1403532
-92.22019274721553,62,1403594
-231.98906996869974,118,1403712
-321.76468940550654,95,1403807
-54.90482724042277,78,1403885
-74.67085327575714,78,1403963
-138.7557593662276,96,1404059
-504.97301181453827,121,1404180
-110.8550402049396,65,1404245
-159.68344465509517,62,1404307
-268.7326880639371,94,1404401
-359.6728503780722,87,1404488
-126.14482498000359,74,1404562
-134.62582269957016,88,1404650
-299.124108594525,114,1404764
-20.93722533530726,109,1404873
-342.07560836824587,91,1404964
-215.74484120166971,96,1405060
-92.06888521374394,66,1405126
-137.37432604783822,75,1405201
-180.31457294669826,67,1405268
-109.05011053017375,118,1405386
-279.32132648977586,142,1405528
-106.22580315139604,75,1405603
-376.7297984222719,110,1405713
-123.77905226832354,73,1405786
-199.22135911928387,104,1405890
-132.7023588484534,79,1405969
-286.2165075332895,108,1406077
-94.26432741152558,118,1406195
-65.98620143324416,57,1406252
-110.35383307848417,87,1406339
-83.79711781858038,66,1406405
-4.735978121328301,115,1406520
-339.6101258294572,90,1406610
-367.0438716992897,106,1406716
-81.95958126705017,61,1406777
-132.04674339796998,86,1406863
-161.10455670564005,96,1406959
-148.06821562851354,97,1407056
-389.1687893250222,86,1407142
26.497189194203486,87,1407229
-91.64022930424264,78,1407307
-337.61752639708163,93,1407400
-171.05295945633907,85,1407485
-77.02099815641793,73,1407558
-138.7138884740487,124,1407682
-139.00487615864648,92,1407774
-223.7056337434953,81,1407855
-142.00525013781214,110,1407965
-338.2412207474109,123,1408088
-234.15048371798667,97,1408185
-176.17761486958256,123,1408308
-228.00309397377248,122,1408430
-104.7199447821924,86,1408516
-273.0191293412553,86,1408602
-106.49584137054914,61,1408663
-135.89088993738443,102,1408765
-123.61848372548873,70,1408835
-225.18713338488112,122,1408957
-221.148710003371,75,1409032
-287.2888727903709,83,1409115
-162.80751322918076,120,1409235
-136.82181042724113,86,1409321
-111.007582908173,85,1409406
-151.7836228649639,107,1409513
-63.09100617052974,77,1409590
-165.59556825098662,84,1409674
-110.25806496992632,82,1409756
-171.01774289832284,122,1409878
-151.4666857261157,130,1410008
-58.58599946048096,73,1410081
-66.57195102378083,66,1410147
-57.273891348948545,57,1410204
-101.00869316196095,86,1410290
-248.8299334844338,96,1410386
-281.0545060928755,110,1410496
-440.78042687006376,86,1410582
-150.2474838130707,81,1410663
-257.22646181078085,112,1410775
-142.03812721249562,75,1410850
-269.03636020975983,91,1410941
-248.08649704085678,65,1411006
-367.17678217372367,102,1411108
-100.53841385704115,78,1411186
-333.26452010285914,124,1411310
-38.8611110390612,73,1411383
-99.84289329742141,67,1411450
-532.1735605747303,104,1411554
-105.47270865250965,85,1411639
-467.27803096815524,105,1411744
-219.6625517177584,99,1411843
-237.3860460704784,107,1411950
-106.79896166254171,147,1412097
-338.6036055886701,86,1412183
-136.12143672395956,124,1412307
-404.81273377181276,102,1412409
-123.73430643313532,127,1412536
-104.01727094459957,130,1412666
-170.27336713830735,84,1412750
-481.3366655536154,106,1412856
-323.1878764537921,92,1412948
-254.14385770476449,93,1413041
-94.0464904157239,77,1413118
-76.63223927158872,72,1413190
-99.80983723094646,79,1413269
-89.96532508712161,76,1413345
-238.304467749018,70,1413415
-109.58843007626331,85,1413500
-82.9901902312872,63,1413563
-146.9853906921771,78,1413641
-256.2896473425559,123,1413764
-184.69064175174998,86,1413850
-90.82276539733967,68,1413918
-335.49229958459534,112,1414030
-426.41378246408004,94,1414124
-316.9950009271158,97,1414221
-85.52007476158755,86,1414307
-57.46737237475878,70,1414377
-33.15142508195582,85,1414462
-421.9555609480937,94,1414556
-84.3416615995745,84,1414640
-286.3536914668811,83,1414723
-119.52202518075953,69,1414792
-185.5399594230961,72,1414864
-251.80379730183762,98,1414962
-12.340050208519983,101,1415063
-203.60707887211174,78,1415141
-140.59493058904465,97,1415238
-357.1709066361153,85,1415323
-210.75641207678325,96,1415419
-83.88822834594382,64,1415483
-73.64642932245215,69,1415552
-138.08595620548977,120,1415672
-158.2562542389453,72,1415744
-112.63547577004034,101,1415845
-190.75731840630925,105,1415950
-108.74643357926475,86,1416036
-131.6020463415473,110,1416146
-343.6199295659282,76,1416222
-457.4709056842003,107,1416329
-370.17378767409383,84,1416413
-119.97309821364495,113,1416526
-241.32941139622898,130,1416656
-250.29988117578603,99,1416755
-133.71611324246285,100,1416855
-56.61802770342452,87,1416942
-103.31326780965492,95,1417037
-148.12442940034066,91,1417128
-319.15543746355695,98,1417226
-103.32181308789679,85,1417311
-256.3410029002848,114,1417425
-108.92389569827097,79,1417504
-374.9371727447274,104,1417608
-155.90408355379503,91,1417699
-77.92182726698859,63,1417762
-197.78582568329037,113,1417875
-114.72808737357508,89,1417964
-183.99328321077155,113,1418077
-394.0404651740769,94,1418171
-447.80517103949086,106,1418277
-260.503918668422,84,1418361
-117.02319118511495,74,1418435
-139.58361571648447,90,1418525
-0.6442340842802565,104,1418629
-316.5536285388865,146,1418775
-83.70056910588326,72,1418847
-90.53595534557839,96,1418943
-268.8704967743372,110,1419053
-364.6900216313811,143,1419196
-124.64686276797151,67,1419263
-341.34451231897066,119,1419382
-78.97543907787446,72,1419454
-89.00541260927707,64,1419518
-62.740236751794896,85,1419603
-150.0345203801691,86,1419689
-9.658079235941457,134,1419823
-112.68639846227552,66,1419889
-326.6098429813894,77,1419966
-230.97303855607458,82,1420048
-143.8495336386945,62,1420110
-152.96864718147515,68,1420178
-100.22497187312491,73,1420251
-87.2358304274603,83,1420334
10.1503556164498,118,1420452
-319.07144616068473,86,1420538
-62.248355491363576,96,1420634
-94.63825607341583,62,1420696
-156.06977485681432,75,1420771
-114.80457872747051,66,1420837
-89.2757348158619,57,1420894
-116.49373927064929,76,1420970
-62.31965947113747,80,1421050
-189.76552283001683,105,1421155
-241.1911053111701,97,1421252
-407.53193019948714,95,1421347
-268.5948835212291,96,1421443
-381.5226279779478,102,1421545
-91.38785642657157,60,1421605
-194.74641253436073,123,1421728
-114.4341385473721,75,1421803
-85.75639870580697,69,1421872
-225.66307406135508,79,1421951
-341.98292354276856,111,1422062
-147.8190536225189,65,1422127
-78.88519448001374,90,1422217
-96.02045944365958,68,1422285
-275.5042503498889,105,1422390
-74.58432233567846,97,1422487
-198.82332600424928,115,1422602
-184.68752462184045,117,1422719
-172.21127159412347,85,1422804
-70.88084900848038,68,1422872
-134.86874934237363,105,1422977
-327.1875419883429,105,1423082
-220.14941437491854,83,1423165
-256.94543051591836,60,1423225
-154.17511077163152,63,1423288
-280.82609173680055,96,1423384
-317.46298400825754,104,1423488
-167.99837854099366,85,1423573
-291.41060743799227,132,1423705
-288.4638879943518,100,1423805
-179.89738817377412,80,1423885
-110.40090757221894,121,1424006
-170.19211118056268,90,1424096
-106.33428706965233,79,1424175
-484.3793261453261,93,1424268
-185.9625212154045,103,1424371
-101.72951645074917,63,1424434
-100.18763043155262,60,1424494
-150.17200492232251,71,1424565
-113.34659907524508,67,1424632
-65.77160265496317,66,1424698
-129.97999601847573,78,1424776
-333.800007897269,126,1424902
-88.47353555747155,78,1424980
-299.2717079681941,100,1425080
-99.61695012091003,63,1425143
-444.765093831231,85,1425228
-261.15950876293994,84,1425312
-136.42832512985854,100,1425412
-153.30147231233684,96,1425508
-103.84389517076164,88,1425596
-122.18002902322301,88,1425684
-75.08405105292518,64,1425748
-218.53406890009921,104,1425852
-137.49708189573664,81,1425933
-118.96906311645739,66,1425999
-418.7139532506537,83,1426082
-66.2467722055581,65,1426147
-129.02252480874532,110,1426257
-73.80014104779332,68,1426325
-68.26829471773794,80,1426405
-216.08180590244214,73,1426478
-196.66901245551318,70,1426548
-159.02087888286832,108,1426656
-142.30263273915602,76,1426732
-100.54445138507764,78,1426810
-237.071122378452,100,1426910
-160.80437807282402,99,1427009
-93.84211688219386,74,1427083
-146.78313741848302,76,1427159
-427.49600986330756,88,1427247
-213.63365040842905,67,1427314
-98.51712358143477,62,1427376
-130.2010174407137,90,1427466
-231.2337077662535,82,1427548
-235.67907699752652,112,1427660
-108.7677507700135,68,1427728
-146.7741011177257,99,1427827
-303.6341372997166,84,1427911
-101.65707674228925,84,1427995
-191.95812931335786,111,1428106
-70.88650669594435,72,1428178
-128.57354124792312,70,1428248
-103.50637570256184,92,1428340
-397.7933887361935,106,1428446
-137.06115991899526,80,1428526
-282.9107890750363,96,1428622
-58.65979850403259,69,1428691
-81.68521741653225,65,1428756
-145.1940620329612,82,1428838
-284.1259058788646,94,1428932
-400.13392035692823,94,1429026
-366.3521847013822,114,1429140
-190.90480216774017,73,1429213
-159.16499456555164,95,1429308
-145.99588577577157,83,1429391
-187.89302834234383,117,1429508
-84.15188934908751,72,1429580
-230.5748051623003,147,1429727
-135.98959417496457,68,1429795
-153.34265148178415,72,1429867
-306.99396416128286,136,1430003
-76.967427893197,84,1430087
-106.42040351244208,71,1430158
-42.26396456869371,73,1430231
-123.10349200746263,128,1430359
-293.43768100870795,89,1430448
-358.7338332718235,106,1430554
-316.72636873507577,91,1430645
-247.95506937502554,114,1430759
-112.52563195520781,75,1430834
-305.2496489664379,95,1430929
-85.62485716333093,126,1431055
-101.50220224908482,71,1431126
-269.9545652837899,101,1431227
-206.066192703745,99,1431326
-54.0110233186115,65,1431391
-462.5335164124316,90,1431481
-140.7098992980126,64,1431545
-403.55748884954266,120,1431665
-337.52178363903977,90,1431755
-123.69240138320731,128,1431883
-146.97105095602302,61,1431944
-92.34272828051257,93,1432037
-88.91123184119664,71,1432108
-118.90955106497181,71,1432179
-215.78706848545963,83,1432262
-180.37988913732352,85,1432347
-154.32087159987918,82,1432429
-270.69098651758,86,1432515
-176.6067373268995,94,1432609
-169.19738068468308,84,1432693
-353.0137355685153,91,1432784
-443.50979982698937,107,1432891
-128.18994293335334,111,1433002
-96.42102116503774,58,1433060
-374.79864589470355,97,1433157
-113.47398575449066,116,1433273
-405.46300910413225,89,1433362
-224.3088138745063,94,1433456
-86.41649952393085,75,1433531
-99.80152072232147,130,1433661
-58.69619240215552,70,1433731
-160.54983232380215,101,1433832
-425.152635607031,108,1433940
-88.9248258014376,75,1434015
-295.252646155159,118,1434133
-116.38688055748953,103,1434236
-190.85469403879102,95,1434331
-137.67471609452048,97,1434428
-84.81029309214125,111,1434539
-349.0507229514964,122,1434661
-128.7558471674156,63,1434724
-77.91773276273898,60,1434784
-122.43785669715908,88,1434872
-91.66363954773536,69,1434941
-335.60140853762607,70,1435011
-255.64637797369912,89,1435100
-246.6942024595727,116,1435216
-152.97192511114127,134,1435350
-214.3037679213704,87,1435437
-117.54485626778443,84,1435521
-216.75747875216612,93,1435614
-106.88245243349917,75,1435689
-401.60443394152696,98,1435787
-241.00037886398223,110,1435897
-178.18762667799157,105,1436002
-79.36043203951843,74,1436076
-75.89296995712249,63,1436139
-128.14948364745845,90,1436229
-436.41945648089035,125,1436354
-458.9588226413196,132,1436486
-167.4403417519885,92,1436578
-326.28896330163514,87,1436665
-178.07671050905464,119,1436784
-78.28850481413197,97,1436881
-349.9280530036323,97,1436978
-104.55170960809997,89,1437067
-110.5829725365757,71,1437138
-184.23583523424531,70,1437208
-177.36603437586564,67,1437275
-387.690529717679,82,1437357
-350.2161873053234,90,1437447
-315.552775472271,100,1437547
13.00716224817944,144,1437691
-207.39126364945145,115,1437806
-119.43976163881884,79,1437885
-358.5321466608971,84,1437969
-143.81252615010698,81,1438050
-232.50098104173057,114,1438164
-397.5018047897153,87,1438251
-105.43329591727091,105,1438356
-260.7752050911288,97,1438453
-146.7689556279928,80,1438533
-93.80165797085554,134,1438667
-337.4719966968969,100,1438767
-213.24040120294336,79,1438846
-104.21682441800125,58,1438904
-183.31890509325353,72,1438976
-235.2859128665769,85,1439061
-295.5159267911917,89,1439150
6.73574055601604,108,1439258
-137.0881112507343,67,1439325
-443.196465756855,101,1439426
-123.98703950768075,88,1439514
-123.44492766853685,118,1439632
-47.33934614348925,67,1439699
-286.97530006668126,67,1439766
-108.64365720356352,104,1439870
-202.29502457228207,123,1439993
-142.00080690975813,73,1440066
-117.79184903046908,69,1440135
-180.92450154464348,90,1440225
-95.2114286737939,112,1440337
-134.31987116211957,111,1440448
-138.32309004419088,70,1440518
-373.0541937430206,87,1440605
-174.1210535586333,97,1440702
-375.05052594568593,88,1440790
-462.04065526077085,109,1440899
-78.29473569506293,91,1440990
-88.68369650296509,61,1441051
-94.2916157806992,63,1441114
-189.37478196898644,96,1441210
-170.48928389968103,57,1441267
-128.39503645184783,65,1441332
-117.45345587839617,84,1441416
-190.27883538390404,83,1441499
-94.73659843380518,79,1441578
-84.980035312215,65,1441643
-292.8315044111615,89,1441732
-475.4309856343606,129,1441861
-237.33580650333315,99,1441960
-172.48620386900922,103,1442063
-65.90460801784764,62,1442125
-92.56310824502445,57,1442182
-175.31494953837057,88,1442270
-230.9443659575685,63,1442333
-120.50506343143817,108,1442441
-432.0548082985324,86,1442527
-251.36171824038485,104,1442631
-408.09329145043637,100,1442731
-67.58005143990694,67,1442798
-77.58380702470157,85,1442883
-100.97040054449727,88,1442971
-170.48650681340555,95,1443066
-506.495481741661,92,1443158
-96.96557852249532,84,1443242
-77.57395447059255,70,1443312
-14.135066211289143,95,1443407
-166.51413001580187,66,1443473
-71.55233284851542,74,1443547
-115.77851523231459,61,1443608
-279.21138387148784,99,1443707
-417.65369598119605,97,1443804
-158.61189713550073,111,1443915
-125.7856592455899,72,1443987
-151.49881048527598,78,1444065
-219.55623763163038,105,1444170
-448.0047405383386,112,1444282
-80.65743378857351,89,1444371
-343.0235203164775,105,1444476
-61.88577477240929,61,1444537
-452.65950173963256,103,1444640
-290.2600836228677,124,1444764
-304.89757898132035,97,1444861
-101.69585593085009,87,1444948
-295.7786045964741,73,1445021
-371.9746984900236,115,1445136
-153.68259372471516,68,1445204
-198.88826265271038,144,1445348
-70.8312868734759,58,1445406
-161.22883042738658,94,1445500
-154.38245924095781,126,1445626
-85.33607419064367,71,1445697
-247.3186020698662,84,1445781
-260.6234382977782,79,1445860
-99.03163377125907,93,1445953
-218.85741051303444,137,1446090
-126.67158439619207,65,1446155
-74.69273818145186,65,1446220
-161.68479811305474,113,1446333
-82.58164533403168,74,1446407
-119.66270883707459,63,1446470
-250.51477625273202,167,1446637
-163.88187084832742,81,1446718
-80.29574075070414,62,1446780
-87.29823909703796,92,1446872
-124.72747418301398,88,1446960
-109.50941694113047,80,1447040
-134.42978580272052,86,1447126
-101.93272999128249,84,1447210
-70.83332864823589,63,1447273
-119.3336520493377,72,1447345
-328.87424174115836,92,1447437
-283.9388302730337,121,1447558
-85.68333790406008,81,1447639
-152.7624217929207,117,1447756
-388.7133579582314,94,1447850
-438.53620999548383,105,1447955
-454.3395618222152,104,1448059
-108.02302454267603,84,1448143
-411.51847353875223,95,1448238
-335.067919933489,94,1448332
-330.6303205141159,80,1448412
-124.43355903049454,123,1448535
-107.94993964308019,65,1448600
-228.10405930885508,108,1448708
-143.7517303617835,96,1448804
-263.7462499806549,112,1448916
-163.88536474692938,82,1448998
-104.74183858597675,99,1449097
-93.27789764308831,96,1449193
-191.0318425853173,92,1449285
-210.2452288128083,90,1449375
-83.0298245616397,68,1449443
-379.6494257231783,96,1449539
-128.96142226710344,68,1449607
-99.13678833484349,74,1449681
-208.237592167171,130,1449811
-230.70242669225382,98,1449909
-115.1284263257596,69,1449978
-224.2150395719042,80,1450058
-81.40229474280608,61,1450119
-56.47359068680379,68,1450187
2.369160338167987,106,1450293
-142.24402900383228,100,1450393
-431.0081489481264,108,1450501
-70.71697576609873,128,1450629
-164.60186821879705,84,1450713
-92.66727165410298,65,1450778
-88.61941235989866,134,1450912
-385.9207358185983,93,1451005
-412.4989697188138,90,1451095
-252.8043616324107,81,1451176
-266.1526275014304,103,1451279
-294.5062606135117,102,1451381
-90.96430781773483,114,1451495
-153.47644252167578,63,1451558
-210.89845924941446,87,1451645
-102.00815398526655,87,1451732
-296.4833656420853,88,1451820
-69.89941358911618,75,1451895
-107.8453126001611,79,1451974
-105.26242057338197,71,1452045
-80.49117022554663,63,1452108
-319.8398129881732,134,1452242
-426.14032687829956,83,1452325
-76.66128281646415,60,1452385
-195.28368585974846,130,1452515
-72.0968015304571,60,1452575
-174.80057668469914,164,1452739
-333.83120240314804,114,1452853
-426.7759830711242,112,1452965
-379.8122018876278,100,1453065
-80.65935357510739,64,1453129
-109.8582533485099,126,1453255
-227.16427580731042,105,1453360
-397.8696075839813,86,1453446
17.015490778145576,89,1453535
-80.78271378395596,129,1453664
-7.605955388024654,109,1453773
-211.7390238311366,82,1453855
-65.94981277131018,62,1453917
-108.5110009216091,109,1454026
-130.69325696853886,162,1454188
-106.91752020540814,113,1454301
-85.25310018638424,72,1454373
-226.36278592980796,108,1454481
-378.2611804515618,131,1454612
-264.58776807062236,128,1454740
-44.22791493271032,70,1454810
-114.31297386395336,110,1454920
-173.9704017715655,98,1455018
-178.70718249457053,70,1455088
-109.36717318163086,81,1455169
-116.95465963017193,106,1455275
-267.65003000104537,109,1455384
36.37950331580262,90,1455474
-74.29807834907474,61,1455535
-137.09624237140835,88,1455623
-393.5663386051822,86,1455709
-405.9829973902328,108,1455817
-159.06642556563753,101,1455918
-121.27801091076206,118,1456036
-331.03254011105525,67,1456103
-99.32382935336604,81,1456184
-145.8073177705603,85,1456269
-467.7319097796427,127,1456396
-294.31613347190654,108,1456504
-372.21572525549743,106,1456610
-207.74412396206594,129,1456739
-309.1333841787805,96,1456835
-112.60750437046426,113,1456948
-132.90257235834088,88,1457036
1.4591697741773544,107,1457143
-464.4227336403747,112,1457255
2.5917848367292606,117,1457372
-84.92906554306607,79,1457451
-103.62990037010795,76,1457527
-261.5744257296784,90,1457617
-123.92547093548016,87,1457704
-68.57262083098945,71,1457775
-134.4541397730528,102,1457877
-197.15633297867083,92,1457969
-381.8303704208603,96,1458065
-125.7243417126401,91,1458156
-220.4852645572433,81,1458237
-131.86924027921904,72,1458309
-97.04412020035379,164,1458473
-92.3581441661678,85,1458558
-332.6526544735749,105,1458663
-69.13000490966786,77,1458740
45.7523502005904,84,1458824
-134.42036615771804,82,1458906
-335.9292227784111,89,1458995
-234.58983545234847,107,1459102
-205.11857574452236,109,1459211
-459.87372875234263,130,1459341
-189.6915778379913,104,1459445
-60.18529207936025,108,1459553
-153.62170427329374,73,1459626
-445.2784696670765,98,1459724
-142.79065891827776,99,1459823
-76.69660157626001,72,1459895
-92.20951819966452,92,1459987
-103.94951643439607,96,1460083
-213.09304550360883,107,1460190
-154.62046981606824,90,1460280
-109.71647899763514,115,1460395
-159.67453368525543,70,1460465
-117.13883927962405,72,1460537
-133.6440067080204,110,1460647
-124.73047008117118,87,1460734
-46.655448876447934,119,1460853
-80.23536473186785,65,1460918
-146.11316924890667,101,1461019
-421.5233601645688,87,1461106
-74.75933690843982,59,1461165
-219.68674811432584,123,1461288
-178.8915346925059,100,1461388
-509.3890443971421,109,1461497
-71.48181208283368,104,1461601
-232.16868470291007,84,1461685
-78.42913268431579,55,1461740
-307.1903496852618,85,1461825
-305.22786554268083,104,1461929
-146.24537621790932,89,1462018
-160.92623708969097,64,1462082
-68.61626731590009,68,1462150
-210.55517839777076,76,1462226
-126.76130526458942,68,1462294
-143.59157870264434,87,1462381
-136.1135234727232,84,1462465
-174.00256043778262,90,1462555
-109.8058245894169,72,1462627
-365.4467683313278,108,1462735
-88.22622282302179,86,1462821
-105.16664828506644,71,1462892
-166.756338963414,84,1462976
-139.74995825359503,89,1463065
-233.80459758105437,95,1463160
-302.9669710591531,66,1463226
-139.769620259833,112,1463338
-110.32475714702272,70,1463408
-80.39128760491565,90,1463498
-102.54425996552116,100,1463598
-489.99057527265575,111,1463709
-224.77313184360952,151,1463860
-95.77879511846076,86,1463946
-113.35853196218878,74,1464020
-380.61644834237796,102,1464122
-307.70541669122724,108,1464230
-129.6382200401546,85,1464315
-400.4955776234881,99,1464414
-183.5376756494523,84,1464498
-387.60888957761944,98,1464596
-116.06986510937813,99,1464695
-94.73819011326643,67,1464762
-199.95244311448317,105,1464867
-102.90380328691856,88,1464955
-109.69138578604506,101,1465056
-173.42518230510538,104,1465160
-99.89937888522662,94,1465254
-301.6820608265433,109,1465363
-364.41182112565383,103,1465466
-89.4804494681125,70,1465536
-117.8511509668991,64,1465600
-147.6654047397293,133,1465733
-123.31826526256596,74,1465807
-241.15389049156687,122,1465929
-185.01899373630866,108,1466037
-253.10314766948525,95,1466132
-132.401033813483,124,1466256
-324.01063586038805,73,1466329
-361.4440003478851,96,1466425
-145.38555551558818,76,1466501
-87.83026207976343,114,1466615
-317.42565085523,138,1466753
-180.33251078233417,81,1466834
-196.4114248606267,100,1466934
-104.48865056661597,70,1467004
-113.63740000695601,95,1467099
-134.8228830561976,79,1467178
-327.73125402243,73,1467251
-155.60865338622733,109,1467360
-329.58472794872785,97,1467457
-281.1111637402738,112,1467569
-84.97666009794017,60,1467629
-208.76771024397306,82,1467711
-124.32119987599222,114,1467825
-210.49606062996028,75,1467900
-72.9543950227471,114,1468014
-105.46068336935299,61,1468075
-277.69337890009376,126,1468201
-89.06831388537049,123,1468324
-123.56145132625218,69,1468393
-155.11848419684594,98,1468491
-105.79064184067502,76,1468567
-347.8035869160573,102,1468669
-293.9549361347772,96,1468765
-349.85893110405715,112,1468877
-213.5896403204918,103,1468980
-459.97935417785243,125,1469105
-100.78351762644998,81,1469186
-333.9851518199372,104,1469290
-105.42298695969367,81,1469371
-455.35192552854335,103,1469474
-462.2146329748713,110,1469584
-190.93431355636378,88,1469672
-84.75276051550824,86,1469758
-393.8656601708278,127,1469885
-188.77608440876492,124,1470009
-280.2454703811035,108,1470117
-380.9696546169178,86,1470203
-214.56860088731082,139,1470342
-140.1784276139125,91,1470433
-214.08652649550683,79,1470512
-494.6190134009317,120,1470632
-411.43269635025314,110,1470742
-416.63038700404024,93,1470835
-175.29880527037497,100,1470935
-129.44488201245719,65,1471000
-151.58705339352653,62,1471062
-316.12742624761853,77,1471139
-97.13904111318698,79,1471218
-67.049610595846,101,1471319
-88.84272605006828,92,1471411
-258.9198285996058,114,1471525
-198.94040628937097,76,1471601
-155.9528020526336,74,1471675
-289.6585838905879,89,1471764
-50.39318706788876,70,1471834
-145.36045287164723,108,1471942
-103.63488421551607,69,1472011
-89.0774089982828,112,1472123
-392.93224016573765,95,1472218
-358.47529071670374,106,1472324
-95.15978539126505,74,1472398
-81.13772679485344,126,1472524
-134.1960004838904,70,1472594
-108.74491634473861,77,1472671
-173.92435787882906,66,1472737
-109.34017499873686,88,1472825
-159.14534284730183,75,1472900
-429.1273011865858,91,1472991
-88.37758319318222,92,1473083
-91.86070236825117,78,1473161
-140.4227130677637,124,1473285
-36.44651473114031,152,1473437
-263.17950298735207,116,1473553
-263.37042702379273,97,1473650
-90.9313461196599,62,1473712
-254.9594540278298,103,1473815
-108.42263033712206,81,1473896
-126.50181534444953,125,1474021
-310.28903888259185,80,1474101
-86.15558004554886,95,1474196
-174.46938434989318,66,1474262
-175.3142796201057,95,1474357
-253.91613351901702,102,1474459
-11.036652060836516,72,1474531
-77.8636656609495,64,1474595
-101.17323295761948,90,1474685
-146.9306165862372,118,1474803
28.70412489055485,91,1474894
-68.86927263340885,74,1474968
-108.59952194067468,103,1475071
-186.43325739022168,80,1475151
-143.17503182647127,71,1475222
-263.1805995441855,105,1475327
-460.2575220657096,97,1475424
-97.46674082191682,82,1475506
-73.08475072718142,72,1475578
-198.75543465951802,90,1475668
-86.78657383852,133,1475801
-175.37575675762133,99,1475900
-273.9141126476504,81,1475981
-235.6282114280885,85,1476066
-87.12738067526418,69,1476135
-243.93103193220253,99,1476234
-102.78174142612954,103,1476337
-225.06205451997997,79,1476416
-240.95383978410143,81,1476497
-78.78515249054433,92,1476589
-342.66972537693186,92,1476681
-319.7526093474172,120,1476801
-65.77002224682374,70,1476871
-135.95667014894192,73,1476944
-253.81944778111318,95,1477039
-230.70010437290804,114,1477153
-260.54519617791937,128,1477281
-131.75640348339297,107,1477388
-221.86242909781186,75,1477463
-82.88849955094089,63,1477526
-341.6574502547146,88,1477614
-268.73359089213625,99,1477713
-81.1316631207647,107,1477820
-134.80897585508183,102,1477922
-93.74157175839423,64,1477986
-76.19991494906232,146,1478132
-353.1756045994845,88,1478220
-99.63106356844872,74,1478294
-215.12686215366455,137,1478431
-128.3726037488462,96,1478527
-176.51795388051062,79,1478606
-267.1166087666235,139,1478745
-113.69104507924506,108,1478853
-255.03865664246456,69,1478922
-220.00909715457038,96,1479018
-386.4698298697488,107,1479125
-91.15438639715612,91,1479216
-425.4407041479993,93,1479309
-92.7293660121015,97,1479406
-42.54630278398429,68,1479474
-80.0716238538955,111,1479585
-100.98915090767856,105,1479690
-184.93671918305478,93,1479783
-463.73949520867126,104,1479887
-157.4376540377327,101,1479988
-163.86038329243988,112,1480100
-61.349336193611876,113,1480213
-80.19754943524993,64,1480277
-258.96120156659106,124,1480401
-360.56890002277214,125,1480526
-167.04532875940163,68,1480594
-124.01934855796486,108,1480702
-93.79714420222737,71,1480773
-122.74539662885765,129,1480902
-63.24764214632269,65,1480967
-116.2431833344095,100,1481067
-127.25503802240182,82,1481149
-117.74475026993208,125,1481274
-242.72222605593095,102,1481376
-122.27994420470723,103,1481479
-237.1048128019285,96,1481575
-67.72228521174951,101,1481676
-218.32996667836923,94,1481770
-123.94770350073202,100,1481870
-442.6877585285894,100,1481970
-116.10704210496188,88,1482058
-119.975022103474,71,1482129
-330.87791596278544,107,1482236
-155.21212954967146,62,1482298
-85.40767189353724,87,1482385
-520.6581969733056,106,1482491
-214.1961333622008,86,1482577
-83.96108983188033,67,1482644
-103.43849058625173,85,1482729
-413.8124510321163,86,1482815
-270.6917255206641,109,1482924
-168.69093484029466,108,1483032
-133.33766903199333,66,1483098
-286.97564365002233,60,1483158
-195.66412017273296,131,1483289
-184.58202530147733,85,1483374
-255.55441353801436,146,1483520
-568.0522553555827,119,1483639
-92.58272402537175,72,1483711
-93.48982520847568,59,1483770
-93.39920197750048,113,1483883
-111.70635655770462,63,1483946
-170.74341652033584,58,1484004
-372.60710878886596,113,1484117
-255.36331760199556,123,1484240
-93.00500939110488,70,1484310
-75.26990299612373,139,1484449
-128.31340830083693,74,1484523
-86.93916065450735,69,1484592
-172.47542448923613,58,1484650
-207.12538341486194,89,1484739
-126.5081300781952,92,1484831
-310.6083275658782,79,1484910
-139.57541740526577,88,1484998
-103.78745235097733,86,1485084
13.49095876063167,84,1485168
-130.76680153641024,66,1485234
-221.87499244976811,103,1485337
-61.44301740695387,89,1485426
-127.52821156889092,72,1485498
-173.4706476761229,111,1485609
-124.3290824672849,70,1485679
-106.27194699593043,84,1485763
-124.68706652382411,119,1485882
-316.8670809764444,110,1485992
-455.1814124373354,91,1486083
-159.42892281596716,140,1486223
-80.24639684312976,61,1486284
-115.15145979489094,70,1486354
-224.52388208300562,111,1486465
-225.64423400773342,64,1486529
-154.96274925219439,75,1486604
-145.65499188216953,93,1486697
-207.95440410261088,114,1486811
-71.03169722783701,84,1486895
-164.1179895131815,147,1487042
-25.547704161090167,78,1487120
-281.4127518053258,107,1487227
-62.60212087556847,75,1487302
-85.27263767568299,69,1487371
-231.3299374739239,114,1487485
-160.90101940682655,90,1487575
-364.2790908160035,94,1487669
-148.75142911130322,85,1487754
-278.724543712941,118,1487872
-132.553809088455,81,1487953
-99.30042158623618,77,1488030
-93.13856046066033,102,1488132
-444.33134379793626,97,1488229
-433.75590583680594,87,1488316
-89.66166624544282,73,1488389
-152.00157775873106,97,1488486
-60.20986104074936,85,1488571
-222.5543334611333,78,1488649
-178.27238737803646,64,1488713
-420.5310675818138,91,1488804
-116.06153345339094,65,1488869
-105.08644597099075,114,1488983
-174.96629460143288,93,1489076
-171.4342574971269,82,1489158
-256.61082061611705,95,1489253
-184.0667990866965,56,1489309
-141.6409843230744,93,1489402
-195.9162372091739,91,1489493
-100.38157251858797,62,1489555
-415.2391669756502,112,1489667
-129.3735344957022,77,1489744
-120.01208002391635,105,1489849
-228.01652398774183,89,1489938
-75.6288528473564,131,1490069
-171.25556320615095,61,1490130
-498.1230912793203,118,1490248
-107.05668867370389,60,1490308
-108.93741851943656,69,1490377
-178.25901533544982,91,1490468
-107.71256635316622,65,1490533
-68.10945506911125,73,1490606
-8.524221519216937,108,1490714
-329.57991297627945,100,1490814
-360.3081158381032,135,1490949
-145.274669279525,80,1491029
-278.7395068063538,120,1491149
-112.38690694186977,92,1491241
-174.53393614517233,74,1491315
-199.22330893771098,84,1491399
-114.38030771781928,92,1491491
0.15784175426043134,148,1491639
-163.7023737911827,95,1491734
-158.09896012817725,82,1491816
-181.71602626508786,78,1491894
-252.0433685068919,129,1492023
-41.738178797027444,89,1492112
-232.96248720880058,100,1492212
-125.71495483684382,97,1492309
-63.11112777980377,115,1492424
-166.41321108130253,60,1492484
-100.3970164915153,114,1492598
-318.3182100578262,95,1492693
-86.00776284213656,76,1492769
-229.71144875983245,94,1492863
-413.28993296029824,80,1492943
-328.3446117150911,85,1493028
-231.95368012823104,107,1493135
-151.5774915198122,86,1493221
-322.55783973178166,115,1493336
-196.92042741925133,131,1493467
-180.47354897976408,96,1493563
-190.3813254931371,74,1493637
-278.0032816725725,97,1493734
-106.38214752371931,83,1493817
-210.20602372210212,108,1493925
-402.92799846173386,88,1494013
-203.29665254054925,95,1494108
-146.91660041439985,156,1494264
-95.542662154208,62,1494326
-285.3676396116319,103,1494429
-178.8117544833487,142,1494571
-102.45811042493452,117,1494688
-147.082067416441,88,1494776
-113.81717257194585,102,1494878
-106.24023634188684,88,1494966
-71.14293785533319,82,1495048
-102.20616758302754,72,1495120
-65.35896355352644,61,1495181
-96.05657149962039,119,1495300
-238.87659094158832,68,1495368
-166.55009932016603,134,1495502
-217.75727035321606,86,1495588
-399.642422328767,104,1495692
-89.26348585324824,68,1495760
-350.3696390278079,109,1495869
-111.40344137247051,87,1495956
-112.87785519608431,111,1496067
-130.79682078105674,69,1496136
-95.10884817960338,80,1496216
-244.81631634853323,67,1496283
-129.69957174829824,107,1496390
-126.93941448534821,99,1496489
-109.78592221358487,76,1496565
-162.56588129707444,85,1496650
-260.0511510618211,111,1496761
-78.20164918792459,105,1496866
-87.81978587104896,71,1496937
-108.58540326406609,79,1497016
-12.710705022373048,119,1497135
-342.06520286149475,113,1497248
-366.20854975533285,139,1497387
-408.68983836547426,93,1497480
-219.1320627310044,91,1497571
-48.89833392418117,88,1497659
-117.47386782836065,110,1497769
-261.40679656636496,103,1497872
-279.199799050132,111,1497983
-116.26626038054765,108,1498091
-203.89794259568492,87,1498178
-42.16345735214481,71,1498249
-142.06770787535064,96,1498345
-179.15697903878728,90,1498435
-180.481669559588,131,1498566
-102.72147918340154,66,1498632
-338.90958515317243,114,1498746
-242.7892788701971,111,1498857
-252.63516173212312,111,1498968
-315.8928425892012,81,1499049
-121.79723923539774,84,1499133
-143.99064915555684,101,1499234
-59.10864412630605,72,1499306
-149.9352504405119,99,1499405
-211.17255305891175,97,1499502
-246.0470550848417,71,1499573
-206.35104505796866,92,1499665
-168.97457843712968,116,1499781
-414.79810033650267,87,1499868
-114.46401965822925,87,1499955
-132.1718450574541,87,1500042
-263.9140059858747,111,1500153
-116.1414852746121,77,1500230
-118.96402289197414,84,1500314
-131.34187120674272,90,1500404
-329.880243278105,110,1500514
-115.90228789073241,79,1500593
30.077581740436187,69,1500662
-116.13299675480981,85,1500747
-123.63890797099225,80,1500827
-333.703965901962,102,1500929
-274.97415486259274,78,1501007
-121.3184184526833,68,1501075
-427.98320805385936,103,1501178
-129.62069028856968,129,1501307
-95.16344264910354,64,1501371
-153.11317178444168,70,1501441
-271.77120749873325,96,1501537
-400.5081418857738,110,1501647
-95.01627368378637,118,1501765
-64.40515718606514,65,1501830
-96.45934043781779,73,1501903
-271.4213859365158,94,1501997
-103.70661608174174,70,1502067
-184.61281307256792,97,1502164
-168.79505292418065,107,1502271
-222.3156033289613,103,1502374
-150.66617888992135,85,1502459
-154.18383871063412,90,1502549
-29.437793601937003,78,1502627
-299.7065002624257,98,1502725
-159.26638810820998,82,1502807
-119.39759710833091,82,1502889
-236.25290353063727,85,1502974
-123.88028534962017,76,1503050
-130.89094903179497,68,1503118
-210.57391723560005,72,1503190
-65.84118575115633,71,1503261
-380.9990571296424,84,1503345
-210.1189540540129,74,1503419
-102.29017103486058,128,1503547
-85.41753655363144,71,1503618
-136.6371348534725,105,1503723
-120.1810538147411,67,1503790
-276.3606348775888,78,1503868
-136.32095380469804,69,1503937
-140.5937008587438,96,1504033
-225.5017866328461,96,1504129
-365.5327087113582,122,1504251
-268.0255323794213,125,1504376
-225.8970774531745,117,1504493
-188.10509437244258,106,1504599
-89.65275820949192,66,1504665
-132.6270128855739,93,1504758
-110.27508902648069,67,1504825
-362.50214183382593,99,1504924
-489.86229980038485,99,1505023
-388.1407585426659,129,1505152
-150.09224297444788,112,1505264
-177.58098269711138,69,1505333
-39.26476165983165,72,1505405
-309.07991715423253,86,1505491
-169.24194135224297,115,1505606
-134.24269779643345,71,1505677
-45.970675246295755,97,1505774
-128.35741607149856,77,1505851
-107.60507045302485,67,1505918
-149.60041672724472,65,1505983
-104.30543260494105,85,1506068
-172.03851815980113,69,1506137
-193.80513239875677,141,1506278
-405.9382320155668,115,1506393
-91.59795190758184,71,1506464
-83.5948140860865,73,1506537
-91.15946844927502,65,1506602
-311.15671121249153,96,1506698
-101.0656260416292,61,1506759
-470.1900369853194,113,1506872
-82.31338064302717,76,1506948
-448.6440792805427,87,1507035
-67.25778733459794,61,1507096
-459.77048496497605,78,1507174
-217.85081223207453,104,1507278
-175.6200843729069,72,1507350
-73.65889003929995,85,1507435
-141.46643619726922,97,1507532
-301.89916499162007,104,1507636
-177.4312701650083,100,1507736
-288.1615388091675,78,1507814
-104.91703402160772,99,1507913
-370.43621340431366,121,1508034
-341.88520411411906,112,1508146
-76.65284440488043,135,1508281
-213.26562249348387,113,1508394
-159.58776421899975,141,1508535
-260.8801269961041,79,1508614
-146.47857138404441,94,1508708
-123.50785693621256,79,1508787
-153.62074458349235,109,1508896
-124.42503209288166,75,1508971
-128.7875899557891,93,1509064
-119.27820366073465,85,1509149
-145.64937224480676,124,1509273
-177.23829365117342,92,1509365
-76.74735859404298,81,1509446
-49.74652848266159,64,1509510
-100.64082541601364,78,1509588
-243.0201444428395,110,1509698
-127.71979178501763,61,1509759
-80.41092256683072,137,1509896
-275.6212482531439,93,1509989
-372.01750216789594,120,1510109
-118.53151234370553,128,1510237
-409.2627023148897,98,1510335
-109.45030407659162,94,1510429
-122.2078075716653,116,1510545
-254.82877761169112,89,1510634
-256.05272724069766,66,1510700
-189.4664556023804,63,1510763
-130.13356396910737,111,1510874
-124.38297981668892,113,1510987
-82.2756022494317,63,1511050
-299.0830785933475,101,1511151
-261.1655519843256,97,1511248
-53.975223536569786,68,1511316
-129.17234066998247,145,1511461
-61.515107492022295,63,1511524
-118.97976693925278,73,1511597
-68.88239979073143,84,1511681
-134.80501151974747,84,1511765
0.36711410758614704,93,1511858
-332.03789682040815,110,1511968
-199.76721802065714,91,1512059
-209.38281414095871,67,1512126
-373.01581033268894,91,1512217
-123.0134874635843,106,1512323
-509.7529434093965,107,1512430
-182.51471244056177,85,1512515
-122.01298928548292,76,1512591
-303.3652115385526,76,1512667
-242.8245761177512,94,1512761
-124.16410380377243,75,1512836
-201.69200662690855,118,1512954
-139.64940356010342,118,1513072
-202.28707884983703,82,1513154
-191.62946713612553,114,1513268
-141.91127539225417,99,1513367
-213.32384384780624,67,1513434
-148.38772620591985,110,1513544
-136.74635820668553,71,1513615
82.14916826184098,1000,1514615
12.120345480453992,101,1514716
2.5209117999256563,103,1514819
-307.62779311705935,75,1514894
-110.41484367398543,63,1514957
-166.58007427894592,94,1515051
-337.5479332871006,126,1515177
-157.43888478872555,75,1515252
-90.16161348427501,85,1515337
-97.34853908379348,91,1515428
-99.91349895756045,83,1515511
-247.57163724931553,92,1515603
-91.35852730736693,59,1515662
-96.78085278161407,77,1515739
-91.81641427265822,87,1515826
-446.793235619412,124,1515950
-112.37793293233466,56,1516006
-136.17666374392823,104,1516110
-179.5936145571419,76,1516186
-133.91353696592407,101,1516287
-71.58524409705623,101,1516388
-307.99232860970915,108,1516496
-194.96678362095386,108,1516604
-241.33448641425318,68,1516672
-229.56948032417307,112,1516784
-383.2632886706429,132,1516916
-87.12782939726871,113,1517029
-193.36076592937275,83,1517112
-112.8288766158008,61,1517173
-292.34739926624707,122,1517295
-138.02388016859595,84,1517379
-139.27123549637992,71,1517450
-189.09792933238674,84,1517534
-105.05465177760078,84,1517618
-322.1847079363689,108,1517726
-159.50707145354258,97,1517823
34.41201956786932,74,1517897
-82.42061787839788,71,1517968
-460.3284564608394,107,1518075
-183.84518467067522,109,1518184
-149.59809461688695,88,1518272
-365.84777994661204,117,1518389
-107.35890605308023,92,1518481
-215.1386821944287,107,1518588
-206.7040734201093,79,1518667
-345.5399467697649,98,1518765
-130.55469444070044,84,1518849
-342.61785447178966,101,1518950
-121.3009182705943,78,1519028
-579.1436710070235,109,1519137
-102.16861420215743,56,1519193
-311.68057707717696,156,1519349
-147.1361682217692,101,1519450
-112.11993330442188,73,1519523
-434.02224779478667,103,1519626
-137.16401861259385,66,1519692
-274.492055016594,99,1519791
-160.35276549289634,76,1519867
-255.40948508822615,81,1519948
-80.71024665799257,90,1520038
-191.19389037463822,96,1520134
-108.0821301045498,67,1520201
-218.72463993715905,112,1520313
-105.58759617525148,81,1520394
-253.1519692239035,107,1520501
-56.572840493555674,80,1520581
-161.1329241173392,69,1520650
-282.01383229060076,92,1520742
-124.18997285537151,96,1520838
-113.18875900539896,66,1520904
-38.21862469849263,70,1520974
-87.85350639665121,123,1521097
-145.34097659987248,79,1521176
-146.10323676760757,103,1521279
-149.2405840211546,61,1521340
-119.02561572573701,98,1521438
-269.7918703093911,86,1521524
-247.03815057332562,102,1521626
-115.03502949689613,85,1521711
-79.9876370083531,83,1521794
-68.69776187699534,79,1521873
-118.02116714097826,120,1521993
-177.86248792522628,73,1522066
-109.18625878488716,83,1522149
-568.49804370589,99,1522248
-222.64401011926134,79,1522327
-122.23454246658454,73,1522400
-135.48943371143082,101,1522501
-324.42154450078857,148,1522649
-361.915213272743,95,1522744
-85.89499042756155,81,1522825
-213.1916185461801,84,1522909
-111.68248549828883,79,1522988
21.905616453870607,77,1523065
-205.94426901737558,127,1523192
-397.93462473092563,102,1523294
-124.24196506946501,86,1523380
-173.11447417675603,76,1523456
-233.56877691714902,116,1523572
-170.60325941920377,67,1523639
-219.16715293750013,121,1523760
-69.68660851480509,73,1523833
-140.59496250864223,87,1523920
-86.81611794170948,132,1524052
-110.33140497511091,76,1524128
-421.1844624783497,95,1524223
-68.53140372094197,72,1524295
-119.8135435720897,63,1524358
-116.26606012432697,69,1524427
-200.00140028813018,61,1524488
-294.3351301824745,66,1524554
-209.06278632402353,83,1524637
-121.56357076429595,89,1524726
-168.02414295721405,94,1524820
-88.38579121331242,60,1524880
-110.96760500483268,80,1524960
-353.78694603352926,103,1525063
-376.3042377349224,106,1525169
-73.63372568116014,88,1525257
-345.5757885479526,102,1525359
-171.7781547371303,124,1525483
-106.72494686357406,108,1525591
-258.74718444486587,82,1525673
-160.61673989660412,153,1525826
-161.06237329997538,111,1525937
-457.217746982294,87,1526024
-232.80251802564044,130,1526154
-113.79674319853792,71,1526225
-171.64131379485397,107,1526332
-239.58315127821206,117,1526449
-35.75181547474192,76,1526525
-128.2045217326511,135,1526660
-339.2866173742438,94,1526754
-262.66467771672933,102,1526856
-231.91127882888182,92,1526948
-143.92215669547207,125,1527073
-424.9689739765522,99,1527172
-114.02713145492986,82,1527254
-86.12197960308936,112,1527366
-134.01770396328055,72,1527438
-324.79839298592486,125,1527563
-368.6258539696302,95,1527658
-357.3481837975467,86,1527744
-145.09977644923094,90,1527834
-121.3986896847936,81,1527915
-9.884615545021603,111,1528026
-172.39999361386782,72,1528098
-287.8985892202442,79,1528177
-251.99356454167577,115,1528292
-182.7594940862763,114,1528406
-129.28951764537206,109,1528515
-286.4275372595337,85,1528600
-338.6978334738126,98,1528698
-114.87887840956421,74,1528772
-79.28496017033146,65,1528837
-97.28056744234858,62,1528899
-161.15430883920766,73,1528972
-97.99086041607757,124,1529096
-105.80842915659743,61,1529157
-105.33930050875003,65,1529222
-204.46572238429536,97,1529319
-92.29343468256516,74,1529393
-258.96522566879923,101,1529494
-118.91188735522319,96,1529590
-134.94101285137384,87,1529677
-117.73225746549375,70,1529747
-71.54306811532172,64,1529811
-175.77821470818506,60,1529871
-124.89918642119981,79,1529950
-135.90956240597524,70,1530020
-364.20931731257485,102,1530122
-284.85141421300557,88,1530210
-112.31902202921556,75,1530285
-160.2925013881157,108,1530393
-168.06062245036543,74,1530467
-89.80739037219833,69,1530536
-201.4355988093842,91,1530627
-155.21791382303581,103,1530730
-75.64692054729915,65,1530795
-204.5374578783069,91,1530886
-145.54521830845928,93,1530979
-132.63697387863363,128,1531107
-105.60466627803893,88,1531195
-361.9752170465723,77,1531272
-172.8185379091742,122,1531394
-119.98513441764874,99,1531493
-300.89067710452537,91,1531584
-89.23790454605839,62,1531646
-250.5813623820084,103,1531749
-400.1121110522463,112,1531861
-54.15204067040591,80,1531941
-255.39413021154877,80,1532021
-212.8557472417562,77,1532098
-179.73279800801453,71,1532169
-185.84491074301405,105,1532274
-134.15490503188028,96,1532370
-314.29343643143903,139,1532509
-85.50469442132515,66,1532575
-118.10940514943756,92,1532667
-146.97230827132472,100,1532767
-288.1862457961211,72,1532839
-367.86308963247524,103,1532942
-108.03563544253818,61,1533003
-289.5104181558023,92,1533095
-85.07871915035389,74,1533169
-93.06642903855857,78,1533247
-130.07016509225411,121,1533368
-194.78345022899782,86,1533454
-347.1936508427853,99,1533553
-162.179546228924,69,1533622
-106.28886300493456,105,1533727
-76.50439139179849,69,1533796
-105.31507815019069,87,1533883
-149.48869819088787,96,1533979
-298.7802484225078,82,1534061
-128.18778764553952,120,1534181
-95.39270631271246,95,1534276
-112.28274623750059,61,1534337
-89.85950022480598,91,1534428
-213.6239125674832,93,1534521
-90.1252089286151,138,1534659
-365.4419226022125,94,1534753
-199.05429906435438,111,1534864
-219.72958992098665,94,1534958
-52.113858760842675,64,1535022
-359.6662901061892,133,1535155
-332.4809284865115,82,1535237
-94.71561110625093,58,1535295
-124.69341987269688,134,1535429
-251.13717080953958,112,1535541
-249.46357236030957,118,1535659
-235.37467978074022,130,1535789
-333.66422519176825,98,1535887
-170.94597376242308,62,1535949
-343.09105027154806,122,1536071
-128.33386027609447,107,1536178
-47.66441439686952,74,1536252
-66.05581686264358,68,1536320
-359.8397885506574,97,1536417
-81.79627715804631,63,1536480
-310.908675094154,100,1536580
-151.18841276684742,117,1536697
-55.77527817586473,110,1536807
-220.88833049267978,103,1536910
-356.54489359794877,108,1537018
-146.33576289126802,60,1537078
-111.06643738676358,97,1537175
-97.71805149276034,96,1537271
-271.2324475233588,82,1537353
-221.24873280547115,88,1537441
-246.94221286732005,59,1537500
-114.48525573799782,80,1537580
-80.72039048129153,67,1537647
-106.78924112577873,62,1537709
-255.65018654887098,131,1537840
-433.4787049790541,91,1537931
-92.28018537794047,81,1538012
-266.0268046641654,88,1538100
-172.45700714225404,110,1538210
-191.79411557005932,81,1538291
-440.23872664988846,90,1538381
-184.9398371908252,86,1538467
-200.20262253634667,64,1538531
-113.28503883219501,74,1538605
-95.88788717647405,93,1538698
-70.37756296707353,103,1538801
-275.0283041464286,94,1538895
-43.90118301079699,113,1539008
-122.07647453399524,105,1539113
-148.56613841239044,109,1539222
-92.70530500934746,99,1539321
33.913739561713754,89,1539410
-134.30642868216339,72,1539482
-166.14349042656866,62,1539544
-135.51186452946416,82,1539626
-224.01735359480818,90,1539716
-96.0957798804274,83,1539799
-108.75420431172091,79,1539878
-66.87436026012367,76,1539954
-117.35514521174869,92,1540046
-141.07977231519854,85,1540131
-332.7999899889269,115,1540246
-78.4931995518333,69,1540315
-65.9727149008826,76,1540391
-134.83191907052873,101,1540492
-210.23573576987656,89,1540581
-137.85677578731185,63,1540644
5.0845914483313805,139,1540783
-303.10497941181524,125,1540908
-224.66742448494585,83,1540991
-364.50029773600295,90,1541081
-96.46191353246503,68,1541149
-349.55667442511503,105,1541254
-180.97607654586355,100,1541354
-414.95569429962796,88,1541442
-143.91647143485477,70,1541512
-107.69966817594856,68,1541580
-145.13248947375286,58,1541638
-114.06433314409506,77,1541715
-185.91936553038045,111,1541826
-132.55653715536383,89,1541915
-85.6677774180917,127,1542042
-100.3004788779493,76,1542118
-297.42451119888244,80,1542198
-120.93051264938251,83,1542281
-107.56305255627208,89,1542370
-2.1960742596533294,92,1542462
-111.0609039995671,71,1542533
-267.1952232846013,123,1542656
-63.72325261723286,73,1542729
-404.11751767354684,94,1542823
-80.29630795890107,74,1542897
-166.73201398221676,115,1543012
-423.0256785871929,94,1543106
2.8656987673444547,107,1543213
-143.76067978428057,64,1543277
-175.80684848244363,88,1543365
-78.7658458550915,76,1543441
-111.7948989291685,87,1543528
-150.20881595652696,72,1543600
-369.2325934870087,110,1543710
-111.8695138585675,84,1543794
-69.84564618392766,92,1543886
-129.84295916866256,71,1543957
-63.68969386109234,82,1544039
-208.3786130174072,75,1544114
-253.05541060895644,95,1544209
-89.39392311719307,118,1544327
-198.98099391995396,105,1544432
-305.57696039410575,109,1544541
-255.31211064790162,97,1544638
-277.6206801024525,123,1544761
-407.1410139890395,112,1544873
-195.1971143281094,69,1544942
-80.658002677075,116,1545058
-26.213973519442177,86,1545144
-287.70886448183546,91,1545235
-235.20265524835142,94,1545329
-171.10908628659507,68,1545397
-93.9340038928049,81,1545478
-112.4990049143539,82,1545560
-222.4421769530959,71,1545631
-335.63771827563835,97,1545728
-100.0070250790034,74,1545802
-137.70665118474247,75,1545877
-36.23961113897282,91,1545968
-134.6054306014819,107,1546075
-83.41261555351127,78,1546153
-311.2507300839969,127,1546280
-290.2852920480359,111,1546391
-115.23363660127994,111,1546502
-126.20135363296997,74,1546576
-150.88603598977915,65,1546641
-184.9599425932165,92,1546733
-50.4140148229332,61,1546794
-295.98790439991285,73,1546867
-91.58446262575376,67,1546934
-80.91897294954558,63,1546997
-37.91518898472893,71,1547068
-189.09923665894087,62,1547130
-98.03985758030025,73,1547203
-184.213915888685,66,1547269
-62.09875323901561,121,1547390
-228.45987576857695,104,1547494
-294.49287291739154,74,1547568
-160.38252996145684,122,1547690
-114.8910107208809,133,1547823
-555.3396415320045,119,1547942
-392.70784346273206,106,1548048
-99.7593094512158,88,1548136
-183.74640060864982,81,1548217
-123.62507872776476,75,1548292
-245.13507540096103,74,1548366
-161.01376056988275,84,1548450
-384.3671963132739,92,1548542
-364.2775329975104,89,1548631
-102.41113724849305,66,1548697
-153.63009066664665,104,1548801
-31.930102252996733,143,1548944
-130.33392639711002,89,1549033
-126.61141469697021,104,1549137
-329.99293307412916,139,1549276
-177.32374445433663,115,1549391
-181.7295348790634,142,1549533
-72.69506311585684,61,1549594
-286.4979763628909,118,1549712
-203.08150004097732,104,1549816
-178.98808084601052,66,1549882
-70.72312513141608,62,1549944
-74.60323226015782,63,1550007
-171.3090517601214,92,1550099
-105.4686734632198,84,1550183
-86.42780253100223,69,1550252
-329.9733108332987,109,1550361
-98.68877718098679,74,1550435
-96.27354464951159,73,1550508
31.07712018620242,73,1550581
-365.63577408735335,102,1550683
-387.0867680468336,85,1550768
-132.0573101742982,106,1550874
-141.8477021200535,82,1550956
-315.4515260640197,103,1551059
-298.3252299849276,102,1551161
-215.6859587278567,67,1551228
-81.16638810883455,83,1551311
-70.93388248170726,63,1551374
-313.585890123406,103,1551477
-175.0721331528352,88,1551565
27.81051809185857,106,1551671
-387.52104447120576,106,1551777
-103.25352470003764,76,1551853
-373.46624537010894,93,1551946
-333.6810874507461,103,1552049
-68.98599903598422,63,1552112
-106.27900228238175,76,1552188
-101.82127216115776,111,1552299
-298.72576273101663,83,1552382
-167.25567337915322,77,1552459
-79.11919118902425,103,1552562
-158.3371295478239,125,1552687
-106.54463958673738,76,1552763
-159.5729815314562,105,1552868
-76.60137982162658,124,1552992
-109.33987888496343,109,1553101
-259.66247894654987,95,1553196
-140.58925764621264,75,1553271
-85.26028393382511,126,1553397
-404.4477217043554,95,1553492
-335.4878210331883,96,1553588
-82.66786070312577,69,1553657
-184.10010482695364,56,1553713
-67.32151297347731,101,1553814
-115.27019065883724,69,1553883
-324.3855115071657,76,1553959
-182.2366791886734,80,1554039
-39.94124173275165,73,1554112
-136.11914505586884,72,1554184
-108.65262978329669,62,1554246
-207.89526329641734,79,1554325
-270.96366111961885,66,1554391
-282.10909060315976,87,1554478
-443.1876271957592,103,1554581
-113.86774780996986,140,1554721
-313.85601954221727,94,1554815
-450.60877152503696,87,1554902
-108.74918265962015,109,1555011
-121.69476062660243,86,1555097
-193.78544842638055,72,1555169
-126.82778485198394,84,1555253
-90.13199131106124,88,1555341
-209.82825436986894,79,1555420
-245.0877021827176,94,1555514
-72.30575376627395,61,1555575
-148.06694800106584,96,1555671
-20.599319915111792,136,1555807
-87.75035799370158,84,1555891
-267.7203117793977,130,1556021
-462.75007159225856,112,1556133
-272.3203776201895,85,1556218
-167.439063270207,61,1556279
-331.3843331099758,89,1556368
-90.75608010451232,69,1556437
-338.96043555314407,69,1556506
-55.451883678493296,74,1556580
-25.6347470702449,100,1556680
-106.19574082959706,91,1556771
-391.07508162944515,92,1556863
-446.2302433068884,89,1556952
-259.9659453312112,108,1557060
-203.7637902762184,125,1557185
-305.2722411287455,86,1557271
-88.88660779399618,97,1557368
-110.60766840146157,86,1557454
-252.42709614567042,78,1557532
-108.96971632772872,93,1557625
-106.6850343755143,98,1557723
-325.5195450952289,97,1557820
-187.25984305997258,74,1557894
-135.9195593202371,87,1557981
-254.72234912259876,125,1558106
-222.25055167939172,99,1558205
-183.27083433516935,94,1558299
-258.2706610795519,107,1558406
-241.96624078544474,66,1558472
-182.21249549892957,63,1558535
-305.9971130916948,90,1558625
-93.7326305046838,76,1558701
-123.64417649577942,125,1558826
-144.70421112323032,102,1558928
-168.80244040930796,67,1558995
-150.176800394004,114,1559109
-249.22120693495822,91,1559200
-64.93120310064498,69,1559269
-235.37763874829258,89,1559358
-303.9784250189487,87,1559445
-466.1073015817053,105,1559550
-118.64705341116448,81,1559631
-96.81269020130085,96,1559727
-278.30576996424196,93,1559820
-232.31920329753683,81,1559901
-287.63969118083037,91,1559992
62.225168839672364,1000,1560992
-421.3047388718874,92,1561084
-130.79016663637205,75,1561159
-243.3802456712365,117,1561276
-82.96095421106519,75,1561351
-66.31771006290231,92,1561443
-92.69556995313212,90,1561533
-120.92014187675301,89,1561622
-170.63756743519792,121,1561743
-229.67424294332918,60,1561803
45.86294894760661,79,1561882
-382.9568517878905,94,1561976
-101.83540056896301,74,1562050
-92.69909956872226,83,1562133
-77.72606768123231,64,1562197
-108.77761506857009,83,1562280
-162.82831407817622,98,1562378
-80.75092494801629,63,1562441
-362.7372789003523,106,1562547
-121.08318267452503,69,1562616
-129.40923521235334,95,1562711
-107.07242580765097,69,1562780
-117.22079464258772,94,1562874
-90.05412507451933,104,1562978
-245.88237978807194,111,1563089
-260.5079294977877,117,1563206
-99.11776030390953,86,1563292
-175.42590835088288,76,1563368
-81.84686179767084,111,1563479
-231.0402783290384,112,1563591
-178.6387551716246,77,1563668
-176.6870152745554,83,1563751
-202.6630857742823,107,1563858
-238.58351456022444,102,1563960
-116.74389738929267,87,1564047
-100.0600933540419,74,1564121
-374.129276029016,128,1564249
-275.57792945236986,119,1564368
-139.4449151980983,77,1564445
-297.3904516795635,80,1564525
-284.6998467430726,102,1564627
-75.82057188127493,67,1564694
-137.86048166975885,68,1564762
-227.61556217991676,101,1564863
-103.36092172939806,69,1564932
-151.1637172683099,83,1565015
-117.2246132863306,87,1565102
-95.27379559688166,71,1565173
-90.18803501052751,64,1565237
-51.11695526224634,95,1565332
-275.65555440700246,129,1565461
-127.23030211340588,74,1565535
-205.67517143767972,95,1565630
-68.19530402533415,64,1565694
-263.13134450480766,63,1565757
-226.1161836106262,74,1565831
-121.01786040926643,89,1565920
-94.28219836744958,81,1566001
-264.7812202539254,87,1566088
-167.75166562850427,99,1566187
-3.984743238553804,104,1566291
-185.83306892647312,65,1566356
-84.75347203905315,96,1566452
-134.32203153719178,112,1566564
-231.2769100627601,106,1566670
-117.49261832105653,87,1566757
-149.53084046290857,87,1566844
-93.21374428700541,116,1566960
-76.86851545484792,69,1567029
-218.161405460133,125,1567154
-138.42123473439977,101,1567255
-278.8257659795556,130,1567385
-134.4635256024581,66,1567451
-345.319026686312,89,1567540
-87.39933767449557,66,1567606
-170.75052747495408,110,1567716
-183.31653772799586,59,1567775
-267.7315822368532,84,1567859
-115.04832762946221,123,1567982
-64.54216012131954,67,1568049
-273.174732214326,81,1568130
-229.3885880736516,101,1568231
-191.58431218213656,122,1568353
-254.47920012430072,107,1568460
-385.34305840377687,81,1568541
-18.249917692347125,111,1568652
-198.523870860617,83,1568735
-131.27524963637484,75,1568810
-282.09868012327144,89,1568899
-216.76203597427838,62,1568961
-85.02624978183972,141,1569102
-77.1577791040065,88,1569190
-118.09414023558047,133,1569323
-143.15064504432436,113,1569436
-324.9522980756431,137,1569573
-90.2068239503969,66,1569639
-264.2340534674413,77,1569716
-127.06455142310969,116,1569832
-146.7122696612245,97,1569929
-170.34482059135112,106,1570035
-219.5838877095552,111,1570146
-146.50928630783886,84,1570230
-543.1131037601212,130,1570360
-104.24044826718799,71,1570431
-98.16970454571764,65,1570496
-110.00164017749337,69,1570565
-170.79888471765008,121,1570686
-117.03723149352616,86,1570772
-98.74812261070247,65,1570837
-398.3946361595828,96,1570933
-243.98580892258855,98,1571031
-111.7661427641452,81,1571112
-272.05684413897643,77,1571189
-128.5043813211197,103,1571292
-108.6857647195115,86,1571378
-325.9429043199896,124,1571502
-104.81998489484097,63,1571565
-156.86926902894047,118,1571683
-285.97673024750117,104,1571787
-175.78806495143942,87,1571874
-84.39622439861785,127,1572001
1.118388454514502,99,1572100
-81.67804875605216,60,1572160
-116.45902139688923,91,1572251
-72.82467654619116,62,1572313
-109.49337023092109,121,1572434
-389.06896950578414,93,1572527
-137.36309594190305,120,1572647
-98.95266966479517,71,1572718
-242.49245867686514,60,1572778
-134.68346130168567,82,1572860
-97.19624746489669,64,1572924
-228.91194422078294,110,1573034
-95.35334105766742,60,1573094
-263.038033155422,92,1573186
-96.8478628687147,95,1573281
-85.64773052820932,75,1573356
-123.44748552417647,139,1573495
-230.06540860339427,109,1573604
-153.93861364779582,78,1573682
-77.41596698527547,125,1573807
-117.07431036742128,84,1573891
-396.55202806757904,100,1573991
-164.7438043768173,76,1574067
-486.00673602859774,121,1574188
-162.31905951329864,87,1574275
-310.1565032720207,87,1574362
-403.12392118160193,116,1574478
-71.05626664410498,58,1574536
-229.79915263096453,87,1574623
-408.61043672777106,97,1574720
-75.70140578478811,62,1574782
-302.29307748378193,89,1574871
-158.64699700375954,102,1574973
-323.57663838490544,106,1575079
-443.99927711154703,141,1575220
-122.33854702736078,97,1575317
-144.256859320126,114,1575431
-221.76521103423244,101,1575532
-235.50820056880912,62,1575594
-114.30653845888976,70,1575664
-73.60202433790688,116,1575780
-328.72926940825016,105,1575885
-317.0114888942229,112,1575997
-299.14068478532556,93,1576090
-60.23552695855514,81,1576171
-96.70529804370753,86,1576257
-400.7962265561113,109,1576366
-80.89856805238092,107,1576473
111.60235302099578,1000,1577473
-245.57268494230013,84,1577557
-91.42816619010425,101,1577658
-322.211867529714,95,1577753
-170.15899623400787,86,1577839
-113.73085842801423,87,1577926
-133.66467689493825,72,1577998
-231.0770106016684,111,1578109
-82.58251530557342,79,1578188
13.707141005175984,95,1578283
-89.40288412643241,95,1578378
-133.93946189522808,71,1578449
-158.30274710586963,76,1578525
-105.09483850002445,66,1578591
-140.01939958387146,87,1578678
-324.6643167596266,73,1578751
-85.2538872325037,57,1578808
-289.5915584748287,77,1578885
-176.65601881882912,130,1579015
-102.57444223352195,123,1579138
-151.98504537286797,85,1579223
-111.1250498034887,106,1579329
-156.64565358188347,94,1579423
-156.3819537175794,136,1579559
-142.78435267329797,94,1579653
-123.24495871176305,77,1579730
-126.70106144424737,74,1579804
-196.46220121840685,85,1579889
-96.62635830410173,67,1579956
-84.96061187601393,57,1580013
-213.7814101527987,138,1580151
-188.59812596073493,123,1580274
-393.310553372204,122,1580396
-132.4668205189573,67,1580463
-232.87848339538056,118,1580581
-207.60513223829219,66,1580647
-127.81677094801827,135,1580782
-240.82686873656735,115,1580897
-129.6157414090322,110,1581007
-365.6472962481141,107,1581114
-66.33791004747137,131,1581245
-113.85371198383058,119,1581364
-94.08302613238536,99,1581463
-74.06010982250393,71,1581534
-324.9491570560001,117,1581651
-25.876532800332754,90,1581741
-88.42123878704274,65,1581806
-99.5491035174726,85,1581891
-81.18011725562106,94,1581985
-229.19195006359917,71,1582056
-377.81085960476395,86,1582142
-151.85165555546632,61,1582203
-334.92746329079296,102,1582305
-52.8068206223515,69,1582374
-91.53439945480017,69,1582443
-276.5426956900695,73,1582516
-83.60944363163117,104,1582620
-366.01029132845446,93,1582713
-136.77639259054553,84,1582797
-369.7612542302403,84,1582881
-91.88116910976196,86,1582967
-92.93732094680443,63,1583030
-208.2566700484888,130,1583160
-429.58739279772135,100,1583260
-111.00078037345301,80,1583340
-329.7481095839348,92,1583432
-275.4295346333954,86,1583518
-244.22155869430443,77,1583595
-381.76276124451743,119,1583714
-144.07920472546525,76,1583790
-368.67629258696513,120,1583910
-269.5896441469039,95,1584005
-266.41723997416585,97,1584102
-79.19300101141084,64,1584166
-96.78919711852974,58,1584224
-311.6378564728559,78,1584302
-334.4935413329095,93,1584395
-95.63957944854705,71,1584466
-36.769772540072,78,1584544
-223.78740706589696,139,1584683
-82.53610951877445,79,1584762
-138.48308944663734,65,1584827
-93.13114980364352,85,1584912
-77.70577948414265,62,1584974
-182.16642380968548,108,1585082
-118.91568625857087,92,1585174
-253.17487862483134,97,1585271
-86.99215760084542,78,1585349
-384.79408907953103,90,1585439
-104.26390457404254,107,1585546
-154.40858248681673,100,1585646
-163.64030909495295,142,1585788
-169.33802450823222,74,1585862
-233.59333104612702,89,1585951
-202.70592126409653,124,1586075
-293.3226398093858,88,1586163
-303.6362792018383,105,1586268
-388.8357003243408,109,1586377
-103.59356179246544,103,1586480
-168.76953384633913,117,1586597
-140.33770697920295,73,1586670
-82.14995328080714,102,1586772
-355.4226080874905,124,1586896
-230.22777087821174,109,1587005
-123.7277267552672,87,1587092
-151.90119038772323,69,1587161
-126.14408353071039,88,1587249
-292.1593667377606,106,1587355
-282.47206232980545,110,1587465
-68.78508494875821,65,1587530
-104.67499282943393,79,1587609
-311.70173842407644,103,1587712
-285.5566706742943,123,1587835
-191.17496960813537,117,1587952
-343.33185929678734,116,1588068
-110.67033347275961,96,1588164
-445.6864477690066,99,1588263
-151.43629481982208,73,1588336
-228.83866427259494,69,1588405
-98.04031796382299,101,1588506
-1.2398163733611511,95,1588601
-140.67965153118723,95,1588696
-65.6887409145384,122,1588818
-169.91018498199136,110,1588928
-451.03838190229044,99,1589027
-88.20325208834586,62,1589089
-177.69566829851755,87,1589176
-298.16726862482733,112,1589288
-156.84230256274554,109,1589397
-191.06865880053016,70,1589467
-89.61714496694319,70,1589537
-499.4500853880303,103,1589640
-380.4895814776927,102,1589742
-59.759968087461274,119,1589861
-199.95422522601308,68,1589929
-60.58190541643635,108,1590037
-155.95530105420968,63,1590100
-168.84598612107135,82,1590182
-4.9159951799847335,96,1590278
-258.23296455888396,106,1590384
-109.2235677660377,144,1590528
-175.15630151408152,89,1590617
-288.49219201812514,85,1590702
-345.017028321168,75,1590777
-105.2834566842518,129,1590906
-116.92408924874567,59,1590965
-290.3479075704968,141,1591106
-79.2344862350385,91,1591197
-132.73691718249887,122,1591319
-75.78939712869521,126,1591445
-107.32888204161972,87,1591532
-116.38693024393417,74,1591606
-104.02303734938717,92,1591698
-138.8873854835764,86,1591784
-110.30705044064703,60,1591844
-66.82301922538312,90,1591934
-395.0669168418781,102,1592036
-171.8609575789572,99,1592135
-199.61634763197668,112,1592247
-116.07324646234676,83,1592330
-212.8380900185972,94,1592424
-157.32065421291088,93,1592517
-111.74240887661607,106,1592623
-286.7981122199656,128,1592751
-104.62812111227242,63,1592814
-334.19892298750347,99,1592913
-137.55759617538376,73,1592986
-352.1069139263543,102,1593088
-78.4823930813993,76,1593164
-77.9784583309026,75,1593239
-80.14162366940435,64,1593303
-250.67613611099347,96,1593399
-118.98049676917762,69,1593468
-214.24005015279877,108,1593576
-239.874437731354,97,1593673
-424.5456364319249,84,1593757
-163.64118228122956,109,1593866
-99.53582583330447,100,1593966
-51.92183858928272,65,1594031
-291.15130788082763,111,1594142
-77.2789852675228,66,1594208
-103.7205034028344,75,1594283
-134.13107219245833,131,1594414
-109.48814062904312,66,1594480
-69.09547048125255,68,1594548
-300.7102352199677,111,1594659
-138.88575169222008,89,1594748
-97.20165399292725,69,1594817
-259.20597957416805,158,1594975
-460.7112915639534,108,1595083
-98.72864386554754,108,1595191
-127.04348858818689,74,1595265
-267.83956162891445,105,1595370
-243.4917927309037,92,1595462
-327.7696622978226,94,1595556
-242.2191063530927,111,1595667
-380.39974703757593,122,1595789
-51.472731272907886,73,1595862
-159.4702902462676,106,1595968
-443.15293429870854,84,1596052
-111.55674899417909,101,1596153
-250.77078275028097,72,1596225
-364.2718028123045,104,1596329
-173.20538640559596,93,1596422
-106.33321339377034,83,1596505
-191.00291119429744,69,1596574
-336.5867215520916,123,1596697
-391.32549892205145,102,1596799
-93.13937490954208,84,1596883
-132.7524643157351,79,1596962
-131.24595598797399,97,1597059
-179.8054288575305,93,1597152
-283.7050837043922,75,1597227
-335.5318670522454,158,1597385
-125.57450995675732,105,1597490
-112.87368619396155,77,1597567
-297.0123272661349,89,1597656
-110.01868236972359,69,1597725
-86.42180745799457,87,1597812
-309.5561193078988,106,1597918
-161.02000258972527,120,1598038
-149.80874929736274,65,1598103
-274.4156321181208,80,1598183
-208.63824793146404,111,1598294
-343.48396356271815,96,1598390
-236.47717105466646,97,1598487
-153.0305830985765,66,1598553
-202.45405192209017,98,1598651
-116.85006890239339,86,1598737
-119.80305047831907,102,1598839
-86.89462607355458,76,1598915
-244.4693669931251,84,1598999
-45.00941860336525,73,1599072
-101.60706133892116,63,1599135
-128.5676867316471,107,1599242
-181.28912234594222,68,1599310
-71.49111544437218,73,1599383
-307.99813746112306,113,1599496
-249.6519479012123,83,1599579
-204.4486778668189,126,1599705
-442.8765143835134,111,1599816
-231.10719367208728,82,1599898
-98.29284551488503,89,1599987
-41.364517947885446,114,1600101
-149.56062143761912,127,1600228
-96.70251187127816,113,1600341
-117.8669833392037,136,1600477
-427.3882166065428,103,1600580
13.215844587583433,72,1600652
-96.74291608452252,54,1600706
-119.66846192294422,82,1600788
-334.7587546320258,99,1600887
-80.15351993444418,74,1600961
12.131612747285317,86,1601047
-223.1317292321339,71,1601118
-315.62044946349016,68,1601186
-115.80954161084503,79,1601265
-174.88813625380553,65,1601330
-92.71193330069826,76,1601406
-63.25811666966027,119,1601525
-447.9096924491562,121,1601646
-88.22347802716381,80,1601726
-187.2320166217275,82,1601808
-199.56282619434643,117,1601925
-422.4261448188517,96,1602021
-238.76388492875031,96,1602117
-83.14660665961006,85,1602202
-140.29893976494932,66,1602268
-194.59646156569215,130,1602398
-391.49122012162195,128,1602526
-103.45011089549999,111,1602637
-81.6357155480365,67,1602704
-77.97636967012285,93,1602797
-409.2252897649481,104,1602901
-130.1708933072785,77,1602978
-107.93234058983111,97,1603075
-392.8567923317444,117,1603192
-91.82605132875423,84,1603276
-277.6520199317689,69,1603345
-171.89132012593166,107,1603452
-149.74004149066343,109,1603561
-136.46232993374085,98,1603659
-329.69364960074245,97,1603756
-340.74061069099076,115,1603871
-124.01790819630574,60,1603931
-270.8794680298173,107,1604038
-99.97947377152703,69,1604107
-191.72569915083153,87,1604194
-115.6075918763369,74,1604268
-89.90156488050575,66,1604334
-197.3445950914264,84,1604418
-154.08170413953337,114,1604532
-137.9099960569391,64,1604596
-76.47248582102121,73,1604669
-353.68637232125474,113,1604782
-201.38808467242703,81,1604863
-106.48480502324377,125,1604988
-335.580393029178,99,1605087
36.59594959979549,117,1605204
-304.67973974356346,84,1605288
-150.21687103248442,119,1605407
-235.7221009521723,127,1605534
-268.87339593949093,92,1605626
-74.22749420182471,57,1605683
-185.1703238161948,80,1605763
-496.3991868509092,81,1605844
-348.0296018425703,106,1605950
-46.60129794626719,65,1606015
-154.57845312557478,74,1606089
-278.89395864669245,102,1606191
-484.3803674601556,88,1606279
-202.49390306649786,105,1606384
-101.41773536989861,118,1606502
-323.49410167569357,119,1606621
-71.76713618783882,76,1606697
-98.46508875140815,152,1606849
-84.75361432722246,145,1606994
-307.94257983866044,95,1607089
-93.69439556992133,71,1607160
-87.4479640890001,93,1607253
-263.7180956359043,116,1607369
-90.79954040640878,87,1607456
-110.49767257306434,85,1607541
-230.27678152335136,121,1607662
-253.5655003635704,121,1607783
-456.2923858699477,96,1607879
-129.18589168329967,86,1607965
-214.12857566891182,95,1608060
-283.3228632309324,130,1608190
-329.8482078375746,106,1608296
-125.43449536017795,96,1608392
-350.90414313448593,90,1608482
-12.655914744259476,72,1608554
-132.18548293571948,99,1608653
-137.8431899450955,102,1608755
-54.218244106323446,66,1608821
-127.96702328837166,73,1608894
-345.01099545637703,109,1609003
-140.57680600468044,104,1609107
-196.7985835242375,114,1609221
-44.271688489398684,102,1609323
-76.10057771909311,120,1609443
-326.4217263195676,74,1609517
-338.41723157768536,78,1609595
-344.5767779240821,98,1609693
-339.16091123250715,91,1609784
-146.5143341133688,67,1609851
-190.31555397425223,64,1609915
-239.2550844575299,112,1610027
-100.74977240953102,63,1610090
-52.68690512077329,111,1610201
-169.92464015872048,73,1610274
-151.5946617380212,112,1610386
-336.3091596984359,95,1610481
-264.8452675120583,117,1610598
-230.7681491451692,113,1610711
-117.58920939667962,63,1610774
9.389787543929828,119,1610893
-288.3182901103424,98,1610991
-308.07440585205495,100,1611091
-120.8867737985029,69,1611160
-82.4267107484123,69,1611229
-85.45108192193533,68,1611297
-346.35225540325376,116,1611413
-153.00360668597642,77,1611490
-210.1550657993363,95,1611585
-342.47519597098653,80,1611665
-370.75773298690905,85,1611750
-74.66899225417112,81,1611831
-420.908019288452,95,1611926
-339.71538236401364,91,1612017
36.06632692051707,90,1612107
-134.04611432480016,87,1612194
-387.42992791706706,98,1612292
-266.690003586335,98,1612390
-147.88048975725184,83,1612473
-77.17948556066763,96,1612569
19.110993193161377,64,1612633
-157.5711756517557,104,1612737
-176.1885852216979,86,1612823
-408.3069455943705,89,1612912
-161.59660731123617,85,1612997
-81.94760016572019,71,1613068
-76.84030172317267,69,1613137
-84.3158068867475,96,1613233
-161.14493199229102,106,1613339
-126.86740235291857,76,1613415
-83.98954392311433,73,1613488
-130.34458804717235,114,1613602
-469.9328710298916,86,1613688
-503.14228700262476,91,1613779
-197.60149356867157,70,1613849
-110.49228535936128,88,1613937
-341.02531603513785,94,1614031
-76.09337168502594,71,1614102
-341.58025321206253,111,1614213
-104.12297625284396,80,1614293
-298.0209816189264,107,1614400
-110.36934109253258,67,1614467
-213.05601432535613,126,1614593
-124.05683607991665,120,1614713
-244.93008593445884,110,1614823
-204.0163670441948,102,1614925
-101.61864249073997,89,1615014
-121.31404517224655,95,1615109
-175.51382931440054,130,1615239
-163.59432186502406,117,1615356
-116.47778624461813,118,1615474
-314.5905281962496,96,1615570
-98.68374301594729,73,1615643
-513.7880458346958,127,1615770
-138.18889654498446,73,1615843
-126.52305708181758,73,1615916
-174.72250408950111,65,1615981
-313.7015033964748,121,1616102
-413.6061914991863,94,1616196
-99.36003203846059,84,1616280
-415.3318768271817,125,1616405
-119.46903693900126,61,1616466
-415.1866728990794,91,1616557
-81.42464719515314,74,1616631
-144.69794563290907,82,1616713
-360.3866065025267,109,1616822
-144.17159345072386,113,1616935
-265.7769070868952,102,1617037
-128.5659794886094,81,1617118
-74.63317993708698,101,1617219
-103.54481919079632,76,1617295
-132.1468708884613,117,1617412
-97.56000727946713,104,1617516
-118.40898069757789,68,1617584
-126.18423348960306,87,1617671
-65.38130097574393,74,1617745
-100.2226203996447,64,1617809
-436.250467054381,94,1617903
-160.67291885537577,79,1617982
-81.60983329830543,99,1618081
-128.14334384895568,112,1618193
-280.51763464132307,78,1618271
-454.8015044033726,113,1618384
-57.97831982192019,76,1618460
-126.10630196801361,87,1618547
-200.41057745366334,81,1618628
-283.19331224033164,96,1618724
-316.43827745068336,99,1618823
-73.65483137721941,67,1618890
-87.25017895749971,103,1618993
-272.15284141803534,102,1619095
-105.53238756584528,96,1619191
-172.66589454202852,62,1619253
-199.9895916333477,94,1619347
33.85422155661655,148,1619495
-447.4720546703822,115,1619610
-237.32062511137684,69,1619679
-63.12017493586791,81,1619760
-88.77902042751927,68,1619828
-128.32984485122125,75,1619903
-106.46557466663461,69,1619972
-230.3732127804536,144,1620116
-155.08839774794802,123,1620239
-230.98952410459907,105,1620344
-105.96481309240315,72,1620416
-175.0771916251033,84,1620500
-468.2149419323076,149,1620649
-108.34535411720242,78,1620727
6.271552702024664,112,1620839
-160.62295365604476,76,1620915
-275.2543342414617,84,1620999
-121.65123927381345,67,1621066
-288.51093192191826,117,1621183
-63.832816977698336,66,1621249
-113.52618746360153,79,1621328
-137.86613071027182,85,1621413
-172.20088480271073,64,1621477
-97.6233853800401,71,1621548
-156.1522271591371,93,1621641
-55.96288941718146,80,1621721
-117.76311384815999,59,1621780
-93.26936994357,87,1621867
-152.2215005147803,124,1621991
-99.39658032154924,95,1622086
-159.09865057012564,73,1622159
-136.645087512023,67,1622226
-219.18933787841846,99,1622325
-281.5980825786479,86,1622411
-188.21827799542638,91,1622502
-89.58296580773431,80,1622582
-71.033669844465,62,1622644
-92.30116948138883,68,1622712
-238.28880289766323,80,1622792
-102.54047699378003,60,1622852
-121.76677151015487,97,1622949
-152.15971551607657,119,1623068
-77.88728574363583,62,1623130
-142.01439684575087,78,1623208
-382.1428218880888,129,1623337
-228.6437755584361,100,1623437
-126.44211992607947,77,1623514
-454.6299585146434,121,1623635
-78.12337332749972,74,1623709
-393.1547791321236,118,1623827
-389.50599242489693,106,1623933
-114.99262229516002,75,1624008
-199.68293711397712,72,1624080
-81.31001651256396,75,1624155
-409.1321228249019,91,1624246
-166.37721722776422,61,1624307
-76.16792917572523,112,1624419
-464.5777835992584,90,1624509
-104.85080707028962,74,1624583
-63.662583905236396,63,1624646
-138.19270488098138,82,1624728
-234.34561224667718,88,1624816
-61.57972719224883,65,1624881
11.181361840267513,126,1625007
-131.7169095695769,97,1625104
-96.38619013179552,105,1625209
-112.41289501098314,82,1625291
-73.04565757127227,79,1625370
-180.23397205554627,94,1625464
-381.10675989312716,88,1625552
-91.89734033105745,129,1625681
-372.2603694455474,79,1625760
-135.98638133478084,106,1625866
-277.89996409229354,84,1625950
-315.8826924479299,117,1626067
-209.13895958716,102,1626169
-124.51830649848483,66,1626235
-122.67972969993744,103,1626338
-261.4615240772896,108,1626446
-148.9895516964358,113,1626559
-417.203137935931,87,1626646
-374.15361471250515,105,1626751
-99.15853914255644,72,1626823
-98.76087079179813,75,1626898
-416.26618495396195,104,1627002
-114.03913120963799,95,1627097
-119.03769575828301,111,1627208
-70.28210790879504,112,1627320
-131.3241116615173,70,1627390
-374.1311624651022,85,1627475
-423.46516058455256,86,1627561
-120.07082307989029,77,1627638
-83.71072464864878,67,1627705
-95.48403019661087,65,1627770
-153.9029185119758,80,1627850
-302.22849300402754,88,1627938
-68.66952792569883,99,1628037
3.298098296148723,87,1628124
-131.73338249794222,98,1628222
-365.1615163239507,93,1628315
-123.48165269817531,85,1628400
-277.68740755949966,117,1628517
-344.04069524606143,117,1628634
-153.8298213985836,91,1628725
-140.18133993021556,91,1628816
-199.22108964822087,71,1628887
-131.38330388707584,69,1628956
-96.88290450178812,107,1629063
-24.14437186876573,63,1629126
-205.5472571699808,129,1629255
-125.83898217086309,76,1629331
-110.46139853747457,108,1629439
-87.77058366926384,75,1629514
-368.1775506231905,112,1629626
-96.29505385253053,66,1629692
-206.21792118336236,75,1629767
-217.42810636442277,82,1629849
-343.410390393635,96,1629945
-129.30356973153224,56,1630001
-216.60568647738899,98,1630099
-460.51726724238546,108,1630207
-150.98708471801032,90,1630297
-142.7631790854873,122,1630419
-70.82350461217267,74,1630493
-96.20645152758208,62,1630555
-84.68081416267005,64,1630619
-213.77745781576368,121,1630740
-64.98947946830651,63,1630803
-85.79851811933352,114,1630917
-109.30113853577303,83,1631000
-137.1598889272345,66,1631066
-90.71521780786921,78,1631144
-105.51192130426,79,1631223
-83.08421761615324,81,1631304
-219.6149667443615,82,1631386
-167.49023900649183,118,1631504
-218.21278066799073,106,1631610
-333.2297689704775,76,1631686
-150.592754422518,71,1631757
-88.38105383260299,122,1631879
-199.37013290965353,136,1632015
-413.5840134562405,92,1632107
-324.6176165668121,112,1632219
-402.51665533019616,106,1632325
-98.98202071830264,102,1632427
-241.23099021773018,138,1632565
-167.33842617154045,113,1632678
-216.00222997232288,114,1632792
-128.54753982194106,85,1632877
-345.3178190910367,87,1632964
-197.92196344708924,111,1633075
-74.96922848777206,92,1633167
-251.83835248951712,108,1633275
-311.85238848475467,113,1633388
-143.98858123219358,87,1633475
-93.29381025016083,74,1633549
-160.67199428235398,82,1633631
-40.141492727938854,110,1633741
-68.8660692945877,97,1633838
21.181204685188135,104,1633942
-328.538969389421,83,1634025
-131.49792505723377,80,1634105
-134.4692012846496,122,1634227
-139.04937862888988,71,1634298
-66.28790230251457,101,1634399
-267.7164486137508,107,1634506
-160.50091140893124,62,1634568
-137.62785643507593,57,1634625
-368.0023090177402,99,1634724
-133.02275972304687,72,1634796
24.902923110898655,76,1634872
-141.27955888993426,67,1634939
-105.4323671317704,76,1635015
-352.88821992316906,87,1635102
-410.0210963486364,101,1635203
-105.49796801903001,117,1635320
-388.7425651231589,96,1635416
-151.93276235181972,68,1635484
-133.04889729714284,114,1635598
-182.07433735790914,111,1635709
-79.01906936905655,76,1635785
-77.85282044719617,93,1635878
-176.56189649479475,61,1635939
-396.2525041123711,95,1636034
-345.74562118486585,116,1636150
-91.1830948983506,63,1636213
-186.27491545570155,122,1636335
-211.11498241705664,110,1636445
-188.8184077803972,122,1636567
-160.70743957870047,62,1636629
-125.66583790558786,83,1636712
-235.06408194230391,103,1636815
-374.00562526713463,94,1636909
-169.95010234586493,141,1637050
-199.53199483981035,86,1637136
-143.14240427599358,68,1637204
-115.6294091108092,102,1637306
-100.0864347111973,89,1637395
-361.0377410450186,102,1637497
-199.73079486773668,102,1637599
-93.35994667486324,101,1637700
-401.6209839640038,73,1637773
-149.87289160931462,115,1637888
-306.3334215776008,104,1637992
-83.3288947367729,63,1638055
-143.44089209789888,71,1638126
-170.75670889357474,61,1638187
-122.33757492174968,59,1638246
-351.9321308130428,96,1638342
-243.17324502385605,130,1638472
-127.93717108878016,72,1638544
-103.09996351947528,134,1638678
-224.13418785452603,89,1638767
-89.27555915712354,75,1638842
-105.82725355529487,64,1638906
-221.4208582215005,98,1639004
-115.82697033898447,113,1639117
-127.98218579203848,70,1639187
-379.9771812844376,89,1639276
-109.9460723608559,83,1639359
-133.07961697721933,131,1639490
52.42725223015432,75,1639565
-189.335050177828,83,1639648
-81.51071039771222,75,1639723
-108.72243379437289,71,1639794
-179.0215479561931,119,1639913
-325.76672610520495,103,1640016
-303.58613104747656,68,1640084
-98.08196994209254,60,1640144
-344.8248572508128,126,1640270
-104.40633435151715,115,1640385
-204.30272820068336,76,1640461
-168.36957469607995,105,1640566
-134.6370255055082,67,1640633
-463.7758190079764,91,1640724
-182.85678082749592,119,1640843
-201.91551669127998,119,1640962
-156.4982475017117,75,1641037
-219.20439914064323,90,1641127
-132.08306337643054,69,1641196
-422.58516384692183,100,1641296
-107.10348252893084,77,1641373
-198.65100989004418,83,1641456
-399.54131560662506,88,1641544
-87.7464287713045,107,1641651
-153.34663909738754,93,1641744
-122.24890684880646,90,1641834
-162.7269164800466,121,1641955
-73.13387419599951,63,1642018
14.60065032831939,139,1642157
-558.7791683423857,93,1642250
-146.89111858876947,96,1642346
-320.74540154566637,96,1642442
-90.85333029896685,80,1642522
-92.86867115411803,76,1642598
-212.79316666072418,104,1642702
-190.0921174818211,82,1642784
-76.53257727079307,110,1642894
-85.61944584650372,68,1642962
-147.7445873550461,70,1643032
-331.1799578980957,96,1643128
-140.37112951488075,75,1643203
-63.25049928694964,68,1643271
-328.4529791829393,116,1643387
-108.00091906083819,76,1643463
-107.77065449137123,113,1643576
-458.1388237700186,88,1643664
-365.61883810840203,105,1643769
-81.45958201739498,77,1643846
-82.33836864904117,68,1643914
-476.7358959995567,90,1644004
-137.95161405625998,59,1644063
-78.07461877383227,77,1644140
-327.43135333927955,89,1644229
-419.4192647914926,130,1644359
-75.9262383426352,64,1644423
-55.796596369361765,73,1644496
-364.5382682159706,85,1644581
-118.58133115979223,94,1644675
-227.88491213890865,114,1644789
-72.16921208223519,107,1644896
-88.95047334130233,86,1644982
-122.20079398914042,125,1645107
-370.6451825063096,121,1645228
-133.10696155945774,75,1645303
-127.76134112472765,75,1645378
-101.86132304003698,63,1645441
-203.96187155366619,104,1645545
-321.84744675102934,105,1645650
-72.14981385429977,60,1645710
-117.05658400553517,77,1645787
-65.60720854803961,59,1645846
-186.52001219203476,114,1645960
-93.30944799136154,68,1646028
-131.2103913207702,100,1646128
-108.20716550572155,83,1646211
-250.07947621880814,103,1646314
-179.0514104894395,94,1646408
-186.64534067561002,86,1646494
-285.82195772400894,105,1646599
-174.3239431632116,88,1646687
-472.32077391058584,111,1646798
-146.47835813433602,85,1646883
-209.89805525915432,67,1646950
-110.61271077116226,79,1647029
-376.4856716764756,92,1647121
-186.8923640691181,109,1647230
-156.0309518075163,108,1647338
-312.0249885881334,87,1647425
-77.30028964097355,71,1647496
-107.03248668177153,101,1647597
-138.30611507362144,66,1647663
-249.78574283245797,130,1647793
-139.37899127263057,94,1647887
-247.36264075891637,109,1647996
-226.04208592714735,78,1648074
-150.05994049111538,69,1648143
-324.66978816901474,123,1648266
-143.5766981827971,82,1648348
-128.1627170740324,93,1648441
-74.03078683666921,85,1648526
-124.39407322109753,87,1648613
-291.8558881660197,92,1648705
-111.46592104892585,83,1648788
-0.4267905121761686,99,1648887
-309.318171837562,111,1648998
-302.89765313415523,83,1649081
-68.36879543126966,59,1649140
-68.20896530026279,85,1649225
-158.00179072511827,96,1649321
-146.5005858724179,89,1649410
-203.02325805811392,76,1649486
-143.39421759037714,68,1649554
-164.97540798114446,95,1649649
-115.08999344108577,76,1649725
-106.12413751397273,64,1649789
-96.1571352936573,81,1649870
-80.21966737996088,61,1649931
-351.4344688071644,130,1650061
-199.02312114835757,94,1650155
-81.10932779485923,94,1650249
-154.84494438127854,92,1650341
-215.99884894483472,118,1650459
-292.62646620628254,100,1650559
-108.78689737078884,69,1650628
-86.1264244374163,105,1650733
-95.4315299481025,93,1650826
-11.174091302889451,124,1650950
-77.30880237522358,75,1651025
-107.09370995670209,87,1651112
-246.80313801877853,63,1651175
-130.39224219915118,72,1651247
-127.48159168017364,55,1651302
-101.59397647067412,59,1651361
-391.1676774135032,104,1651465
-180.55204753382503,85,1651550
-74.9726834800527,58,1651608
-44.30518886303931,63,1651671
-236.92405625660643,98,1651769
-273.5797144189022,130,1651899
-247.20514239078605,92,1651991
-106.81486631931313,99,1652090
-116.24809908972487,100,1652190
-81.4000479651357,94,1652284
-102.23783283991071,67,1652351
-46.632948597259045,73,1652424
-268.33492163978667,80,1652504
-107.60118816868294,60,1652564
-164.57447138068056,62,1652626
-224.15985876217002,76,1652702
-139.1562303638982,140,1652842
-86.26798042906825,120,1652962
-329.5252788280627,88,1653050
-130.8337289901339,95,1653145
-59.75187691992168,111,1653256
-130.85619222748542,94,1653350
-188.80835015548848,136,1653486
-44.81361471856226,113,1653599
-284.5601345464695,83,1653682
-146.85248445504908,101,1653783
-164.1447796392814,87,1653870
-174.06676963453972,106,1653976
-124.52917486035108,66,1654042
-155.9738989497127,68,1654110
-46.31413008498129,64,1654174
-64.05429459543227,79,1654253
-125.30545425894798,73,1654326
-164.23358326489682,67,1654393
-100.98340732009196,71,1654464
-161.4846621195057,71,1654535
-111.7874775023069,106,1654641
-205.0901563452116,93,1654734
-77.82852268570454,104,1654838
-96.4169302677607,113,1654951
-148.56632095399883,107,1655058
-76.14878796570773,132,1655190
-185.34275980745736,110,1655300
-176.08132596277662,93,1655393
-101.72027640253137,101,1655494
-107.13591901857379,101,1655595
-367.1688693896517,91,1655686
-158.91749689827634,102,1655788
-398.6982127839311,91,1655879
-301.04962878035786,104,1655983
-106.66414259205821,90,1656073
-201.8529977316615,91,1656164
-266.8422758610765,119,1656283
-232.5804452717639,67,1656350
-177.75411264032363,103,1656453
-203.0965075088722,89,1656542
-119.27827795199883,111,1656653
-88.2016213983708,97,1656750
-109.18862959778204,71,1656821
-123.11220461184763,91,1656912
-178.65827640203793,74,1656986
-413.0018058706141,107,1657093
-176.344705213968,117,1657210
-132.44995013034753,130,1657340
-160.47223099799237,68,1657408
-141.2857082265229,102,1657510
-136.9936620278084,69,1657579
-98.13768776909131,81,1657660
-123.28909909282507,104,1657764
-191.83070179367147,83,1657847
-77.4919154767266,118,1657965
-485.4158419315335,99,1658064
-121.36361808932888,111,1658175
-93.79983310695488,75,1658250
-290.19891910985604,112,1658362
-94.81811533978298,83,1658445
-181.8808675471568,142,1658587
-333.06252993330935,128,1658715
-79.82963754812542,77,1658792
-93.81180035162048,57,1658849
-18.83914972372139,85,1658934
-61.563512662736585,63,1658997
-177.2782778387285,87,1659084
-434.19548946321817,121,1659205
-80.67140732627684,124,1659329
-165.8480471578632,76,1659405
-138.2846603380862,68,1659473
-228.55769638507937,110,1659583
-62.549498604194966,55,1659638
-110.75702827243985,86,1659724
-135.7917567422601,71,1659795
-101.79638687768626,74,1659869
-76.85029029736813,138,1660007
-242.80814514456384,89,1660096
-254.50561323792388,97,1660193
-78.81268492851899,114,1660307
-170.62574899467486,108,1660415
-146.62487570251005,114,1660529
-68.33139984657672,65,1660594
-403.4842696539133,80,1660674
-152.19878260796457,64,1660738
-128.62587837166174,81,1660819
-104.97257096348758,74,1660893
-320.034411850056,92,1660985
-511.2100061268439,91,1661076
-268.5042521332374,108,1661184
16.459789766493742,99,1661283
-310.90862280615977,108,1661391
-409.96826669043395,109,1661500
-142.6012917666573,81,1661581
-87.71526664446107,91,1661672
-465.08436787007577,97,1661769
-108.43409762558738,84,1661853
-124.03552194593425,121,1661974
-303.27545133320575,108,1662082
-91.90834957306237,108,1662190
-116.74455964800511,118,1662308
-485.1093331445677,106,1662414
-110.54762111178592,87,1662501
-109.1245618628872,71,1662572
-288.27448835504083,83,1662655
-119.84442914566834,133,1662788
-84.37774064566374,69,1662857
-271.28090808815784,104,1662961
-178.88149787147069,109,1663070
-29.907341989970035,71,1663141
-358.7390313564405,83,1663224
-109.07582898254174,74,1663298
-171.11839415169408,67,1663365
-298.0047741775644,125,1663490
-304.44142496489087,89,1663579
-95.72894150997146,79,1663658
-297.16934013083727,92,1663750
-155.17922899594686,108,1663858
-134.3839900322776,92,1663950
-34.09398781536585,88,1664038
-239.6083792866849,99,1664137
-85.54026540136992,59,1664196
-457.42904494787916,99,1664295
-226.6752969916525,84,1664379
11.566605584592821,133,1664512
-219.45625569668982,80,1664592
-291.94713002979995,124,1664716
-143.08940017334302,107,1664823
-355.01876551384305,74,1664897
-440.8021011071308,86,1664983
-108.59085679278408,64,1665047
-342.29864649669935,106,1665153
-130.40154901146448,98,1665251
-133.79284625415093,67,1665318
-34.13662608392893,65,1665383
-88.83139603884604,100,1665483
-384.6863207499256,92,1665575
-130.90476860211848,67,1665642
-186.73837079069045,65,1665707
-92.10252273419411,77,1665784
-69.44369123569612,71,1665855
-190.4895615019705,101,1665956
-72.34703451356498,83,1666039
-426.73316855225977,126,1666165
-104.93146166182704,65,1666230
-156.10787000932518,111,1666341
-67.00471650263961,69,1666410
-210.92067742734037,84,1666494
-113.99855908898286,94,1666588
-320.1935218031918,139,1666727
-269.9090572359986,104,1666831
-117.64287500383459,88,1666919
-112.3770754643642,72,1666991
-189.1616528756935,108,1667099
-246.70712015014468,108,1667207
-82.47021527925169,62,1667269
-131.95207472227037,116,1667385
-140.99021603963558,71,1667456
-175.42616662870256,69,1667525
-194.44230241911416,86,1667611
-132.83775862103056,83,1667694
12.272238537137653,88,1667782
-88.94284644982521,131,1667913
-197.17983565701456,98,1668011
65.57473537455576,78,1668089
-93.81541964525803,68,1668157
-101.52563586675873,111,1668268
-262.35603422063093,84,1668352
-205.0004611128449,84,1668436
-251.77144307486228,89,1668525
-118.62913220217857,81,1668606
-124.87046575715091,75,1668681
-224.82361987424164,77,1668758
-112.40112716633408,89,1668847
-77.04731890949431,71,1668918
-342.40921088220136,74,1668992
-56.97906822151455,117,1669109
-81.83292049995461,67,1669176
-292.16617328747486,78,1669254
-101.86341102737632,67,1669321
-334.69093226381335,102,1669423
-293.4741709143226,100,1669523
-85.88162585423616,67,1669590
-309.30457421955634,104,1669694
-107.7746714774207,122,1669816
-257.689283275217,136,1669952
-59.55288257524453,76,1670028
-249.29585360955656,71,1670099
-207.38564264308945,72,1670171
-238.55321916789353,97,1670268
-165.9700283410014,95,1670363
-156.7330881944765,70,1670433
-115.94886281157353,68,1670501
-209.60008404464645,93,1670594
-123.28085053716778,76,1670670
-413.67863300931316,89,1670759
-302.22607937668204,114,1670873
-110.57769339309432,64,1670937
-395.4752231648278,115,1671052
-242.4849062118597,80,1671132
-372.7503570010432,83,1671215
-127.0586137457754,67,1671282
-113.19394172806614,85,1671367
-349.3758662197855,113,1671480
-77.58825269755054,105,1671585
-180.23144016283027,101,1671686
-322.2030554311101,68,1671754
-426.9510240959291,86,1671840
-83.76695930908306,73,1671913
-184.3291374816149,114,1672027
-275.46616918923957,83,1672110
-223.40601045767062,97,1672207
-128.15833621684428,115,1672322
-104.38713054375387,96,1672418
-90.9931522214136,68,1672486
-246.9894853240648,82,1672568
-96.00752677782003,86,1672654
-465.04495972989815,91,1672745
-216.5285919154236,65,1672810
-11.330660371890062,147,1672957
-102.49533768833813,88,1673045
-297.57452186741364,142,1673187
-194.7558535897649,67,1673254
-454.8912920270711,109,1673363
-380.65578063327655,96,1673459
-115.36842611037113,78,1673537
-138.93755918426564,106,1673643
-73.49925987574167,78,1673721
-172.2736978652926,82,1673803
-248.32740581600828,138,1673941
-108.93313800694354,80,1674021
-422.4498408147151,100,1674121
-114.90162421261518,107,1674228
-307.03930218048555,85,1674313
1.9241151144140929,144,1674457
-110.16001159597015,91,1674548
-161.52689710127964,65,1674613
-343.4006849994246,100,1674713
-223.20492395961242,127,1674840
-473.38554496033754,82,1674922
-214.15715459658026,111,1675033
-509.6190969957752,97,1675130
-210.59629846044328,92,1675222
-116.7111840738607,88,1675310
-208.52432722259755,88,1675398
-103.6853713992538,76,1675474
-85.07550544798193,67,1675541
-92.85054550483187,70,1675611
-60.19567151913925,68,1675679
-373.6412920858057,106,1675785
-115.47897099870953,91,1675876
-128.26805414812836,102,1675978
-298.2771421697946,96,1676074
-99.02822745011264,69,1676143
-138.2882335129304,101,1676244
-112.08738016682273,96,1676340
-46.47959226514091,72,1676412
-213.91948445562534,110,1676522
-141.52687949037406,93,1676615
-123.39610213289137,85,1676700
-315.5783395957125,101,1676801
-109.97262849373672,84,1676885
-99.7162526205059,72,1676957
-364.8258714326007,136,1677093
-372.30924201231693,92,1677185
-189.16327489900925,74,1677259
-229.19186773176645,134,1677393
-393.80890420188564,89,1677482
-311.82740856331236,104,1677586
-135.22990695477313,100,1677686
-161.6602236296936,72,1677758
-194.78826274355106,83,1677841
-168.99920964211816,59,1677900
-180.84671907239652,137,1678037
-369.9643797903143,92,1678129
-114.68276248709154,125,1678254
-87.56479081205325,65,1678319
-192.74891150082487,97,1678416
68.27592909506416,86,1678502
-225.86066099448985,98,1678600
-166.92404392354484,101,1678701
-136.34787678192,125,1678826
-379.0403831186819,102,1678928
-73.65042069763084,60,1678988
-102.40777838667097,129,1679117
-134.94255038295043,128,1679245
-318.7700766470031,119,1679364
-104.03220821598934,127,1679491
-81.91511132196013,67,1679558
-100.41264159076398,80,1679638
-238.55211604227884,124,1679762
-438.7345703972305,100,1679862
-166.92800110017112,67,1679929
-247.67405499100676,128,1680057
-350.7226038366739,126,1680183
-246.19544393868318,113,1680296
-249.32862930986954,107,1680403
-179.48488440591962,92,1680495
-266.5348684651499,74,1680569
-95.04685363289352,79,1680648
-88.99284111676613,88,1680736
-126.40163145530714,81,1680817
-371.5240837772259,106,1680923
-74.02545788533362,72,1680995
-124.66846875926683,87,1681082
-185.40552421240903,117,1681199
-97.86763997586846,68,1681267
-478.98069337321533,99,1681366
-115.88670018732378,66,1681432
-126.21734842869408,78,1681510
-115.24300047862394,90,1681600
-193.05615045678275,73,1681673
-62.4415851348769,117,1681790
-159.09981998558513,124,1681914
-179.0734953323826,131,1682045
-178.48429175806842,91,1682136
-93.88686951931223,69,1682205
-171.00121814387535,63,1682268
-137.49186416311576,98,1682366
-379.1927872823628,120,1682486
-233.5388525473066,94,1682580
-94.57491841121382,119,1682699
-143.9129629117338,89,1682788
-80.72738102970473,90,1682878
-239.5146811129934,120,1682998
-324.5791307840334,98,1683096
-211.32520794696114,111,1683207
-179.85072909889686,59,1683266
-378.3378802802003,107,1683373
-143.47868111721925,80,1683453
-119.47465812401012,123,1683576
-369.91724615446725,116,1683692
-246.35993137510462,93,1683785
-229.29699730595,88,1683873
-419.5475369540293,100,1683973
-439.09283474912536,94,1684067
-229.27351260280398,70,1684137
-113.80467526614653,70,1684207
-116.17643461096345,66,1684273
-124.51317759971245,88,1684361
-167.45284380329772,105,1684466
-71.90975232719144,72,1684538
-116.27973783220219,94,1684632
-239.058039938492,102,1684734
-124.34354810069577,118,1684852
-143.17532852380637,82,1684934
-131.9933588161276,88,1685022
-238.4479109020943,133,1685155
-87.46931079602253,95,1685250
-264.99023261929426,69,1685319
-423.4054325092991,76,1685395
-348.15815240680786,125,1685520
-120.99333610651239,105,1685625
-211.15815550063897,92,1685717
-210.60233376146414,83,1685800
-376.6923384473611,139,1685939
-120.16785570696383,75,1686014
-550.1523162845987,97,1686111
-255.71790924581998,96,1686207
-302.7094341818462,114,1686321
-191.03767359022822,70,1686391
-133.77070152299717,79,1686470
-71.40594105580139,115,1686585
-415.2688180537459,108,1686693
-97.78915965030393,76,1686769
-209.5043767700157,87,1686856
-106.46788622808336,77,1686933
-99.60430550926586,85,1687018
-123.62462907634844,93,1687111
-150.28993154595898,82,1687193
-102.90519181943736,110,1687303
-302.52328059354863,96,1687399
-174.58389760801703,94,1687493
-125.96605014862358,63,1687556
-111.16307617043739,76,1687632
-145.85489907286222,82,1687714
-375.977233856838,94,1687808
-116.54994742164395,95,1687903
-109.16131764715905,90,1687993
-112.87991367312486,80,1688073
-103.85194085096893,81,1688154
-178.71890438881914,87,1688241
-363.3321563595634,93,1688334
-58.82343191870641,63,1688397
-113.07746010233748,86,1688483
-152.2327746068765,70,1688553
-89.73267671997394,103,1688656
-136.96466501736992,121,1688777
-190.23543984502277,108,1688885
-149.45534471213932,127,1689012
-299.149800603495,103,1689115
-150.92779665208866,108,1689223
-132.7000842083811,70,1689293
-232.59350671827366,102,1689395
-121.82700263872061,69,1689464
-182.4359654358274,115,1689579
-90.25589056028944,65,1689644
-118.34030035543624,83,1689727
-165.99434614510182,75,1689802
-110.07353813733954,73,1689875
-240.80335659838008,121,1689996
-402.73585909721373,108,1690104
-86.23556138177452,64,1690168
-122.90679709321415,134,1690302
-413.5719519641572,105,1690407
-364.4945051318804,142,1690549
-34.325188136834896,111,1690660
-152.93493987112072,145,1690805
-56.96906887516549,73,1690878
-61.31147208141102,97,1690975
-285.013658186112,72,1691047
-354.40289136573244,88,1691135
-88.64749494092352,64,1691199
-59.9475810077427,96,1691295
-93.82614882858789,67,1691362
-124.45658729335373,81,1691443
-298.48239935954643,108,1691551
-137.52967667598367,103,1691654
-127.06663048643313,87,1691741
-63.85632526866997,70,1691811
-290.16863161779185,91,1691902
-146.04917936314587,85,1691987
-324.8286669280419,98,1692085
-179.1701808133792,112,1692197
-103.63075013544119,90,1692287
-185.51563407046828,84,1692371
-151.01949726103066,66,1692437
-102.83208370662068,107,1692544
-102.51514224644977,98,1692642
-116.63054369029611,88,1692730
-295.6186362679872,95,1692825
-139.95638606532253,101,1692926
-391.427228430999,125,1693051
-94.40753540001582,88,1693139
-186.16516237516487,110,1693249
-156.1516993422517,82,1693331
-274.6346272537187,68,1693399
-311.24447641054905,82,1693481
-315.2900806482613,104,1693585
-121.95588386297874,90,1693675
-85.29573899937078,70,1693745
-76.92238062085892,75,1693820
-256.44895030624537,68,1693888
-120.59876257725813,62,1693950
-150.3509507020364,99,1694049
-106.41452978706215,70,1694119
-539.2016923349686,103,1694222
-133.03303977370987,67,1694289
-166.30116503026332,105,1694394
-160.5894835436555,61,1694455
-128.58547215054637,73,1694528
-206.7169870863472,105,1694633
-400.60592268702413,125,1694758
-252.75500861056648,85,1694843
-340.18827547849514,99,1694942
-132.5192566290754,92,1695034
-68.52243697239675,71,1695105
-210.62034930986107,112,1695217
-94.93952126476961,62,1695279
-239.04917297551592,92,1695371
-334.51940094648205,83,1695454
-215.59218315402325,84,1695538
-350.20253565532926,84,1695622
-101.95967342281,118,1695740
-24.741931096793934,88,1695828
-99.69508071009786,68,1695896
-109.98627036338698,67,1695963
-54.59665819602185,61,1696024
-128.64609433724385,79,1696103
-102.2598918370761,106,1696209
-136.9490753110651,70,1696279
-205.0835583340633,103,1696382
-319.9137684556493,99,1696481
-166.9010814156348,76,1696557
-106.15851695714646,70,1696627
-274.23906517050347,79,1696706
-208.3890947844444,106,1696812
-92.24503571199176,84,1696896
-397.5615392707002,111,1697007
-395.02709458712195,99,1697106
-210.909498293477,79,1697185
-196.6907287059555,67,1697252
-102.44855917324577,69,1697321
-138.11993931768993,113,1697434
-153.7425009183268,98,1697532
-123.53209867482049,61,1697593
-86.82193419518141,78,1697671
-92.3966394138712,59,1697730
-336.6275966040522,85,1697815
-168.83978039868646,104,1697919
-381.80085821670406,99,1698018
-187.33557539448321,119,1698137
-122.85112364801988,77,1698214
-95.2636317738655,85,1698299
-142.9726911333995,76,1698375
-72.29576953300337,72,1698447
-57.437436926409646,100,1698547
-401.3072969005598,101,1698648
-173.51815755786203,147,1698795
-247.87803295529335,111,1698906
-326.2768657072763,110,1699016
-267.2441485675341,137,1699153
-94.11286458521114,79,1699232
-250.3172473168404,62,1699294
7.206329138787126,108,1699402
-245.4498432770474,82,1699484
-333.8384765595217,87,1699571
-130.5781178953812,112,1699683
-110.02665538677296,72,1699755
-128.40801663964453,112,1699867
-167.30005477938744,85,1699952
-387.6459715148798,119,1700071
-101.59728672443858,114,1700185
-382.99796541433386,73,1700258
-44.63320882391902,94,1700352
-58.682837879847575,67,1700419
-360.1752770020656,109,1700528
-193.1317723992018,108,1700636
-40.97108187320778,58,1700694
-311.84311844361014,106,1700800
-374.1210555722654,93,1700893
-262.91295910286925,131,1701024
-142.5200692143404,86,1701110
-388.40127237751136,90,1701200
-77.22766083731068,76,1701276
-17.01662324125938,91,1701367
-351.5088626215656,119,1701486
-245.32356892547133,70,1701556
-285.85084414098935,95,1701651
-445.17085071031426,105,1701756
-75.78450452180384,78,1701834
-163.57372810045752,68,1701902
-377.24805820690545,70,1701972
-200.26046791427453,73,1702045
-148.443473836714,63,1702108
-78.41932671510145,56,1702164
-303.2620908466492,124,1702288
-461.9356188651129,108,1702396
-324.7067494453821,88,1702484
-233.1167689815582,86,1702570
-165.48521696404418,133,1702703
-105.03086327230977,70,1702773
-205.41182091755155,116,1702889
-232.9806451113206,76,1702965
-224.86440390949895,96,1703061
-84.96990675234161,67,1703128
-113.53549632665916,106,1703234
-181.18581135819156,93,1703327
-132.3857488556793,92,1703419
-206.90871691065948,92,1703511
-96.23273105484142,80,1703591
-333.3412618416779,107,1703698
-114.90228987652732,63,1703761
-140.94967305749887,118,1703879
-302.7762494945863,120,1703999
-313.6942030823431,91,1704090
-153.3055196452476,97,1704187
-123.84475797494132,63,1704250
-371.1552589375401,92,1704342
-241.75978606996938,137,1704479
-178.43459616360576,78,1704557
-136.7957428552969,85,1704642
-386.6460891760915,96,1704738
-546.2620012211174,108,1704846
-34.467879160250305,111,1704957
-179.06998221674962,80,1705037
-247.14531879403322,99,1705136
-350.80962827450287,92,1705228
-241.81188175850028,83,1705311
-222.4521348750589,84,1705395
-266.18477348245847,115,1705510
-108.37818179522044,130,1705640
-287.98663071924744,72,1705712
-454.930469810212,87,1705799
-161.22328586223227,72,1705871
-393.02185913475347,94,1705965
-171.0651803403528,72,1706037
-101.21505784807609,85,1706122
-74.87654137496358,78,1706200
-166.7828813834779,54,1706254
-100.89548908292082,66,1706320
-95.57698458173085,58,1706378
-449.1864066384232,98,1706476
-471.66284591269283,148,1706624
-190.86926935454517,115,1706739
-101.58423143892837,81,1706820
-118.06895866357854,70,1706890
-78.07606610456588,70,1706960
-222.86173088288447,72,1707032
-134.84327065127925,103,1707135
-151.44325279108966,120,1707255
-109.59336641249512,104,1707359
-238.54889769593765,113,1707472
-11.793711910689936,96,1707568
-283.4178598061843,89,1707657
-172.57770298173762,77,1707734
-190.1580433506553,80,1707814
-356.198948910571,112,1707926
-263.51338407432934,79,1708005
-266.85216071905825,110,1708115
-214.66602775853167,105,1708220
-124.01100926141996,108,1708328
-143.7327871164328,94,1708422
-344.71013655433615,85,1708507
-166.41468299123738,74,1708581
-255.31600148756996,77,1708658
-262.79658768971115,75,1708733
-275.2898249884268,106,1708839
-328.3423909203814,164,1709003
-117.27446831184362,108,1709111
-86.8922803933262,73,1709184
-105.44046556992215,67,1709251
-179.57157990739967,98,1709349
-86.48502947381665,61,1709410
-356.13833841443517,81,1709491
-135.7780602604455,105,1709596
-162.5388968425912,76,1709672
-308.076279342293,103,1709775
-227.03446181402518,109,1709884
-354.4238983761202,90,1709974
-127.32025245114154,74,1710048
-115.61843578660459,81,1710129
-261.40907749257804,94,1710223
-108.83689022545353,87,1710310
-88.60119365060156,104,1710414
-176.11831019170296,87,1710501
-176.75710578395172,61,1710562
-228.8211770154033,101,1710663
-305.6983693750724,97,1710760
-262.7933599860567,111,1710871
-75.06781176403678,76,1710947
-138.22475210115033,75,1711022
-243.54464443372606,84,1711106
-259.0789549333145,127,1711233
-92.86648408334959,112,1711345
-401.90222419857736,90,1711435
-94.05290594462672,91,1711526
-332.0626860594954,109,1711635
-101.02708150535959,73,1711708
-75.38366978984794,67,1711775
-77.41779794494538,148,1711923
-189.40852246863844,115,1712038
-416.4524987222128,104,1712142
-168.36172575528417,94,1712236
-312.40188198772034,99,1712335
-215.55437698823567,90,1712425
-118.91939482061028,62,1712487
-210.29959426177606,89,1712576
-88.27901710440942,80,1712656
-305.1441822618315,109,1712765
-109.78618519953835,75,1712840
-84.11872194364115,74,1712914
-100.81380899725204,72,1712986
-67.03827728080637,70,1713056
-170.58750781485543,79,1713135
-335.08008008182134,113,1713248
-115.93869779626183,73,1713321
-506.03764191152385,106,1713427
-140.30696879666883,79,1713506
-419.26038324156866,173,1713679
-105.57314980747445,72,1713751
-67.92812509967004,72,1713823
-203.12788673312724,104,1713927
-66.1186974020316,120,1714047
-132.72330405302426,87,1714134
-107.99063187475541,66,1714200
-260.9997053995354,113,1714313
-187.66281198171225,102,1714415
-70.9837026513257,57,1714472
-410.8818128432104,131,1714603
-126.98633305726213,120,1714723
-150.69779209000262,103,1714826
-195.47661250233642,83,1714909
-189.4835328837323,107,1715016
-116.6486969949187,75,1715091
-123.5309529415563,63,1715154
-114.72430180338525,81,1715235
-127.55157541103534,97,1715332
-18.443529509520417,63,1715395
-110.50080223730622,92,1715487
-188.09156511547673,89,1715576
-261.8132804050309,95,1715671
-98.40747253886728,98,1715769
-182.8404634492944,75,1715844
-120.13250608379809,98,1715942
-123.2337859010592,112,1716054
-99.75517340853467,76,1716130
-108.17868342384989,90,1716220
-321.72531337065186,90,1716310
-137.314116839416,120,1716430
-312.55955069708773,112,1716542
-65.94295155967083,75,1716617
-177.12584387083643,90,1716707
-59.44533356922307,120,1716827
-273.2246617426892,63,1716890
-162.97612299230192,101,1716991
-116.54539541125692,69,1717060
46.6059184979913,88,1717148
-189.25097564373414,104,1717252
-209.24665043717067,85,1717337
-238.94640822794875,85,1717422
-230.71225484640948,84,1717506
-83.6790790636665,66,1717572
-277.14216306999924,78,1717650
-93.0782548687766,87,1717737
-66.2751144498976,76,1717813
-157.17085094206647,93,1717906
-193.36019817937643,100,1718006
-113.17925047765245,82,1718088
-92.41564550571195,106,1718194
-125.76228220121574,88,1718282
-214.63231862283442,98,1718380
40.51041619405035,67,1718447
-348.3630622557064,90,1718537
-228.19392920756465,100,1718637
-113.86149170063956,69,1718706
-83.38778820874064,65,1718771
-266.1539707109143,102,1718873
-445.8597386208256,104,1718977
-155.51773720252464,104,1719081
-81.7279369304224,99,1719180
-247.28662573162237,97,1719277
-437.75745271811957,81,1719358
-124.38800867942638,110,1719468
-361.2814690385765,103,1719571
-69.40211370428977,58,1719629
-147.31445512421465,76,1719705
-108.03189782936104,58,1719763
-116.73136959578144,101,1719864
-103.93647147645056,98,1719962
-98.33523679111241,68,1720030
-315.59657090448337,83,1720113
-379.02979714973316,108,1720221
-121.63626274585668,82,1720303
-341.1709782024275,135,1720438
-129.7810075501913,69,1720507
-138.24604989400535,78,1720585
-310.442417520464,145,1720730
-181.91537689049522,76,1720806
-116.86830619829021,103,1720909
-120.7990336946044,87,1720996
-110.92562833470679,78,1721074
-117.01832102428922,80,1721154
-406.43261437126205,89,1721243
-143.76065773409218,61,1721304
-442.498619396737,101,1721405
-265.43906710342594,94,1721499
-59.432784481054824,104,1721603
-101.376469833089,69,1721672
-320.1288434606324,100,1721772
-86.85571028773676,116,1721888
-132.33501765899334,88,1721976
-0.6323062715247545,85,1722061
1.1166452794658284,75,1722136
-104.24316616055143,74,1722210
-115.6543804256088,90,1722300
-267.02895086450604,89,1722389
-123.15987554781418,64,1722453
-293.90948141582504,88,1722541
-123.74556854726734,85,1722626
-67.58587944965937,66,1722692
-149.36989888213668,100,1722792
-240.12587836007597,92,1722884
-127.2691437169199,89,1722973
-414.39165255387024,89,1723062
-117.79696718333298,66,1723128
-108.17439486024718,85,1723213
-91.73186507799878,95,1723308
-101.39854110968884,83,1723391
-226.85469988522755,108,1723499
-83.77798623629658,74,1723573
-251.01118456530895,112,1723685
-329.0717710381616,129,1723814
-387.69314861253497,97,1723911
-132.54759922964743,72,1723983
-120.7396536326767,106,1724089
-87.79537901734852,57,1724146
-127.81780762804391,90,1724236
-70.61871868149734,58,1724294
-77.19206364782829,71,1724365
-153.37732217673286,67,1724432
-224.253551933884,68,1724500
-111.81014178840029,101,1724601
-114.43038342668545,88,1724689
-155.45314995115777,66,1724755
-110.2297893888947,84,1724839
-260.6901370446085,73,1724912
-94.5404402580066,66,1724978
-80.26684353882061,64,1725042
-97.5105699257886,64,1725106
-127.13911691078569,119,1725225
-118.05890574402396,94,1725319
-97.57476239978108,94,1725413
-159.64528498314507,111,1725524
-252.4420273094607,78,1725602
-45.40080525624491,71,1725673
-84.46580641558283,56,1725729
-69.72175698777538,71,1725800
-241.46730913861632,102,1725902
-121.31190936280603,80,1725982
-354.60915609086993,70,1726052
-80.05548247502816,87,1726139
9.30989910704777,139,1726278
-180.94864474981694,84,1726362
-334.5597159822542,86,1726448
-179.87200418605642,111,1726559
-525.5685286046375,116,1726675
-172.8776948540221,110,1726785
-95.39307439954007,72,1726857
-60.423857466373526,76,1726933
-129.82796962012225,121,1727054
-331.9694875863685,80,1727134
-277.84496464713766,67,1727201
-117.00817204467583,82,1727283
-282.12387328762884,127,1727410
-137.21393826047762,64,1727474
-303.2072470824663,56,1727530
-90.72781705593994,56,1727586
-231.5583577277143,122,1727708
-457.16702032776146,124,1727832
-117.45504230385095,118,1727950
-248.51697273069794,118,1728068
-133.52545023118034,92,1728160
-49.61315703196708,71,1728231
-170.8347832850689,82,1728313
-220.58796070340583,131,1728444
-103.87080417046818,64,1728508
-229.38265842714776,86,1728594
-111.5452251888349,80,1728674
-79.41628727711321,61,1728735
-94.23368046707972,92,1728827
-239.25149361097078,96,1728923
-145.07273270805382,113,1729036
-226.11034844402315,79,1729115
-193.8643011734677,96,1729211
-194.3035428326943,99,1729310
-209.1219698401712,82,1729392
-153.5595595390526,99,1729491
-93.96963916590705,71,1729562
-211.6821874567149,100,1729662
-127.14956374083276,107,1729769
-122.8979530371067,69,1729838
-276.58135682234973,84,1729922
-310.69097174584505,103,1730025
-160.71662339948097,87,1730112
-105.12176655186182,70,1730182
-102.03769898248558,89,1730271
-126.86181822532554,80,1730351
-147.3817781028817,106,1730457
-147.98363760728486,107,1730564
-96.5348579610692,73,1730637
-103.29002337193194,85,1730722
-153.3130982683174,68,1730790
-151.37827654322422,110,1730900
-176.61703501098293,114,1731014
-162.9538308341286,72,1731086
-60.555934738092716,136,1731222
-306.4199959708751,117,1731339
-213.78872531361623,120,1731459
-175.99871252567863,67,1731526
-109.08318953425274,95,1731621
-331.74227988339265,117,1731738
-235.55027236678734,111,1731849
-172.4743858252246,107,1731956
-106.89818075495405,122,1732078
-80.97531079978535,59,1732137
-164.71025629621036,115,1732252
-112.54441029330428,64,1732316
-214.25306415373325,87,1732403
-439.45763174802454,76,1732479
-112.46527173035375,86,1732565
-64.61307114708916,62,1732627
-194.60115531445445,86,1732713
-105.13524596616959,118,1732831
-50.78792089030041,64,1732895
-264.272922609755,70,1732965
-188.51308821197742,100,1733065
-123.4217588066094,90,1733155
-88.13068441891805,83,1733238
-149.98387424169385,120,1733358
-130.30770733029863,67,1733425
-57.10104173165762,167,1733592
-107.52211429839075,63,1733655
-96.3459803068928,73,1733728
-109.13843638549076,92,1733820
-176.41806751640888,77,1733897
-253.46648685319127,100,1733997
3.778685748058848,83,1734080
-72.15725456228756,111,1734191
-391.1175522838215,99,1734290
-110.77788126440589,93,1734383
-89.07705905037243,63,1734446
-117.54587472252621,67,1734513
-286.11489574371194,110,1734623
-584.5758397614234,115,1734738
-134.1255216609303,73,1734811
-191.83127900851838,79,1734890
-367.7156033408565,85,1734975
-89.28781185194319,82,1735057
-351.006534685066,119,1735176
-115.19936249244431,76,1735252
-114.52023357824585,91,1735343
-176.43260283737766,108,1735451
-191.46362459085546,78,1735529
-166.97348170444835,69,1735598
-86.28536984847922,68,1735666
-153.73172024425583,78,1735744
-94.18398200741488,109,1735853
-132.23709611621675,72,1735925
-295.5115026972464,98,1736023
-71.05452305721423,68,1736091
-75.79357246628223,77,1736168
-139.13372793292035,114,1736282
-171.38173488835696,87,1736369
-213.59757355739865,91,1736460
-324.1757038575141,107,1736567
-148.13761969353845,113,1736680
-109.24791243955526,81,1736761
-355.0210719319067,120,1736881
-132.06607387047103,91,1736972
-169.60924020710883,76,1737048
-305.1671967785052,126,1737174
-76.22958722103473,71,1737245
-118.92248998556282,118,1737363
-281.0635099929775,128,1737491
-95.29031966168462,114,1737605
-474.083022758049,91,1737696
-225.58460959020226,63,1737759
-86.27207847377987,83,1737842
-154.29770123489686,70,1737912
-296.4596655611628,82,1737994
-107.34339307759018,74,1738068
-85.62614081728285,79,1738147
-225.00835171474856,115,1738262
-155.47302066244572,61,1738323
-99.66864051606855,73,1738396
-167.65821102844802,97,1738493
-90.0944458547378,112,1738605
-124.87094265757614,115,1738720
-97.63127656300873,78,1738798
-366.86205502657987,121,1738919
-230.90666076082252,70,1738989
-321.19471397444545,98,1739087
-135.165339626432,98,1739185
-151.87876023538402,91,1739276
-105.10343212322697,108,1739384
-152.72552531032733,81,1739465
-120.24931016548456,110,1739575
-447.0502958530733,114,1739689
-363.4574984670308,115,1739804
-302.695109907571,98,1739902
-389.9733387506644,146,1740048
-201.69275099364592,102,1740150
-120.98005754748513,87,1740237
-182.5426348455481,83,1740320
-213.4462875044994,78,1740398
-130.4413851419381,95,1740493
-116.05751070994911,60,1740553
-103.84038295960295,95,1740648
-119.36752334152276,102,1740750
-184.6694440703763,97,1740847
-474.002549611933,132,1740979
-94.5089901303872,89,1741068
-95.89048806197017,70,1741138
-69.46240992311448,111,1741249
-208.19593177963577,60,1741309
-173.4714607995411,79,1741388
-285.5750237913437,93,1741481
-359.7366744188736,115,1741596
-81.47355683507845,78,1741674
-96.52571274939207,86,1741760
-22.61939110297223,69,1741829
-78.22153413818658,66,1741895
-143.68560084210873,66,1741961
-314.25274281698205,81,1742042
-232.46911298717072,121,1742163
-80.62021835087326,71,1742234
-233.47988953444167,106,1742340
-477.45285038681254,105,1742445
-53.83319532705742,78,1742523
-357.9722713143425,111,1742634
-147.34550746519702,66,1742700
-322.08435578339584,92,1742792
-147.22268692641813,97,1742889
-413.9178115452698,115,1743004
-549.9005683847978,116,1743120
-147.3027202698263,84,1743204
-68.49027876013244,63,1743267
-69.86338242224431,62,1743329
-123.68820053307357,121,1743450
-217.248115363588,95,1743545
-242.72158169114297,78,1743623
-82.97945065476294,95,1743718
-124.77772746543394,108,1743826
-201.0981449989058,83,1743909
-342.6082798501339,77,1743986
-342.82913016069386,97,1744083
-103.74429413670639,96,1744179
-251.680336461128,146,1744325
-164.69424727870324,75,1744400
-272.16342685617656,97,1744497
-259.40474379203647,137,1744634
-409.9324557909228,95,1744729
-137.15559435320858,83,1744812
-196.6942385079025,102,1744914
-69.96183663909105,58,1744972
-71.04816070612489,71,1745043
-226.46907669987706,90,1745133
-132.92359585592496,67,1745200
-113.82549821479984,71,1745271
-103.35544406950123,64,1745335
-107.618864549353,96,1745431
-208.7204321720494,59,1745490
-105.01157716368543,83,1745573
-148.9986411904547,77,1745650
-57.93292947120479,76,1745726
-479.2222507998467,115,1745841
-128.46654493931305,93,1745934
-123.1459827694805,68,1746002
-407.3696267489515,86,1746088
-266.49854400025083,106,1746194
-147.87317581530482,115,1746309
-187.82882845105604,125,1746434
-338.4443732768197,98,1746532
-301.99295418606994,119,1746651
7.492770822988234,103,1746754
-215.847431475471,109,1746863
-129.65703625122913,122,1746985
-158.40476557903213,65,1747050
-175.8627772638615,180,1747230
-268.8589053479209,86,1747316
-99.96250440915178,70,1747386
-133.39403860631768,67,1747453
-109.10079686464107,110,1747563
-204.17745811041237,71,1747634
-346.8906955341913,103,1747737
-87.93239502154952,75,1747812
-272.04186100840224,91,1747903
-188.3722175192824,75,1747978
-142.73897135047926,72,1748050
-147.45933301440868,90,1748140
-97.47471894516462,98,1748238
-131.928488508158,66,1748304
-418.4167458682331,94,1748398
-211.43009160098904,121,1748519
-116.4582224847708,71,1748590
-69.81617455810071,66,1748656
-117.3343847064733,73,1748729
-355.4500113955488,137,1748866
-86.94143430083409,63,1748929
-147.7502791927958,65,1748994
-108.76211229890194,82,1749076
-194.29424654769844,103,1749179
66.67450214060139,79,1749258
-347.50785559126905,124,1749382
-124.24628975292754,93,1749475
-186.66724423103415,86,1749561
-79.81153100835884,83,1749644
-122.70348529390601,74,1749718
-92.62084460729046,75,1749793
-301.0012686592024,100,1749893
-106.8817916989072,77,1749970
-128.39994423574512,101,1750071
-89.12066093297406,67,1750138
-128.71704559344562,67,1750205
-139.82600521337625,102,1750307
-391.60997181362745,96,1750403
-99.00388712734994,77,1750480
-131.67699605132452,106,1750586
-83.3899155838509,121,1750707
-130.46492948791254,58,1750765
-290.27022725209895,121,1750886
-89.37167824569089,62,1750948
-5.347511438306043,77,1751025
-148.34945215598344,97,1751122
-33.38331948184263,108,1751230
-249.59685349064046,91,1751321
-482.1780132282717,93,1751414
-143.44511826181494,82,1751496
-29.79639542498701,86,1751582
-294.4939959510997,103,1751685
-314.2378580552422,88,1751773
-75.08044828682125,80,1751853
-264.06578301132845,143,1751996
-73.46491324469604,67,1752063
-159.28409881680415,132,1752195
-138.898669981492,90,1752285
-187.91175630473913,88,1752373
-132.49380270786725,66,1752439
-34.71185723546884,150,1752589
-113.98948841147256,64,1752653
-256.42256300667646,109,1752762
-84.0195905956884,87,1752849
-172.9437986875706,137,1752986
-344.41083193019773,72,1753058
-190.4823383904813,75,1753133
-313.08697858922795,120,1753253
-72.48359814680765,74,1753327
-106.25430540200767,123,1753450
-51.972550054883854,61,1753511
-46.157816899188774,62,1753573
-166.44593335746998,132,1753705
-112.81536158505796,114,1753819
-98.75657668296896,98,1753917
-121.198232005768,82,1753999
-121.16160229366659,106,1754105
-149.81183756811075,80,1754185
-115.07667939973496,70,1754255
-177.08610597156385,109,1754364
-162.45998589953163,67,1754431
-61.77025160882776,67,1754498
-444.30974222827973,86,1754584
-181.69100367347886,115,1754699
-101.32315443019485,100,1754799
-103.48883952944647,60,1754859
-420.7173404033297,113,1754972
-122.6483890296691,73,1755045
-39.02667909695154,113,1755158
-280.3337141593437,127,1755285
-133.8008649513925,63,1755348
-197.82020855509379,79,1755427
-172.85081795776307,119,1755546
-336.0850306674413,80,1755626
-271.61373799741807,111,1755737
-96.78841368056806,100,1755837
-311.43615430269983,74,1755911
-75.31083930827212,68,1755979
-140.39433913546594,78,1756057
-229.29652155045056,130,1756187
-231.15409457261424,110,1756297
-121.36245706599759,80,1756377
-175.49738926353015,144,1756521
-374.46566555713247,108,1756629
-100.18682071591542,104,1756733
-240.3264679898394,92,1756825
-98.16237302039768,105,1756930
-74.67631465520537,68,1756998
-88.3707486532539,77,1757075
-123.24313504815356,91,1757166
-252.8712951961316,106,1757272
-137.46312577890254,95,1757367
-209.15603916447628,110,1757477
-111.33192286867778,101,1757578
-128.3226453231074,74,1757652
-170.4641469949778,82,1757734
-199.85427056058387,91,1757825
-98.62609011332066,98,1757923
-100.55772634749417,84,1758007
-81.33194239751828,82,1758089
-70.21509922389359,62,1758151
-71.73203626991693,57,1758208
-135.44896278633442,119,1758327
-266.96433952248435,102,1758429
-147.44102126183736,92,1758521
-59.033538949063725,67,1758588
-101.9915172672864,75,1758663
-279.0700492114346,107,1758770
-105.34599409129697,64,1758834
-112.24866577957441,72,1758906
-113.70180472414076,62,1758968
-125.08277165254445,65,1759033
-112.87842954653074,102,1759135
-0.2713061708866178,94,1759229
-325.2211947827613,109,1759338
-124.86989340914943,83,1759421
-93.7887541521507,67,1759488
-65.99834834643758,106,1759594
-90.74817756852396,73,1759667
-146.2865175344266,85,1759752
-142.78415780844063,113,1759865
-417.53488230373205,82,1759947
-185.1221488795781,106,1760053
-57.0343790826613,83,1760136
-253.42987632046808,70,1760206
-209.27992384140308,125,1760331
-202.86697007325324,105,1760436
-148.12105745746408,65,1760501
-184.44387412685364,87,1760588
-99.1896948423244,64,1760652
-403.35664282220387,90,1760742
-146.81735522718205,113,1760855
-146.92749024456535,90,1760945
-349.70015899622393,98,1761043
-360.5067407609353,101,1761144
-198.7529820240014,109,1761253
-259.61787185100485,99,1761352
-127.0014870702128,69,1761421
-332.1359604217779,135,1761556
-209.0560593439841,69,1761625
-285.1349971827227,110,1761735
-566.6196422499025,95,1761830
-261.8695482195153,118,1761948
-367.9196610990988,137,1762085
-120.59079099259796,86,1762171
-211.60467552544324,90,1762261
-57.2985519393493,72,1762333
-219.96084974058627,72,1762405
-253.5146373774638,70,1762475
-70.07278697841954,139,1762614
-195.845193444929,89,1762703
-115.87625503756313,110,1762813
-63.37706352207519,56,1762869
-62.32026027280719,70,1762939
-601.782657023173,105,1763044
-198.76741567669188,109,1763153
-353.4548050508781,92,1763245
-436.3896720991493,134,1763379
-97.13380368605284,71,1763450
-304.9024039516158,103,1763553
-99.34453395913616,113,1763666
-242.76328144729445,101,1763767
-88.03680979363406,77,1763844
-92.49964277874494,91,1763935
-82.87871615106177,74,1764009
-139.9469584850525,77,1764086
-272.48269687429945,92,1764178
-342.30469506621546,116,1764294
-197.69969270488235,89,1764383
-401.7102054018023,100,1764483
-273.19130063589546,109,1764592
-89.52592226321477,63,1764655
-130.31610343613997,74,1764729
-162.58493115608286,122,1764851
-194.59878116621098,78,1764929
-472.58122710849,94,1765023
-236.4722186030666,96,1765119
-121.00961928707608,65,1765184
-307.67099486097806,89,1765273
-248.55195934855004,87,1765360
-330.44318010055383,99,1765459
-114.20902190447316,124,1765583
-237.71931352582416,74,1765657
-254.30104620131033,109,1765766
-235.92223700035314,89,1765855
-275.31615688513534,82,1765937
-250.66818273374705,71,1766008
-74.22616118244447,67,1766075
-155.82875569260926,79,1766154
-323.3394126395724,85,1766239
-119.38995171249914,94,1766333
-130.13869093077858,105,1766438
-107.41496900909546,70,1766508
-161.4218951919401,109,1766617
-101.64555709988535,86,1766703
-498.45741229192953,119,1766822
-105.21253418818208,105,1766927
-146.16521247235514,108,1767035
-139.66357910232486,121,1767156
-97.5415294460036,101,1767257
-401.44953795762865,117,1767374
-119.46135650011655,63,1767437
-94.08554649782187,89,1767526
-126.12461245667977,63,1767589
-331.7616065960127,102,1767691
-105.10318714160094,67,1767758
-116.96144372387751,82,1767840
-141.83766025695735,65,1767905
-312.53451310726246,99,1768004
-132.1827977058116,62,1768066
-41.37216551746755,65,1768131
-199.70630553266773,70,1768201
-310.80325398723414,92,1768293
-341.8959045101366,66,1768359
-98.16735530292067,71,1768430
-269.11150984598726,97,1768527
-240.18807790607963,104,1768631
-157.32876214478293,112,1768743
-321.12756982175165,126,1768869
-139.52857561010475,88,1768957
-127.724916401892,114,1769071
-76.2297095108871,121,1769192
-66.78146148595513,84,1769276
-202.11032853228858,68,1769344
-504.6820585216618,90,1769434
-252.86862262423202,126,1769560
-72.61686838871854,67,1769627
-97.61070095345225,90,1769717
-94.25085439761422,92,1769809
-406.38046323996093,157,1769966
-230.37287879466703,89,1770055
-308.65926373284856,123,1770178
99.56141267258975,1000,1771178
-104.90785562826714,62,1771240
-90.7359273499678,132,1771372
-32.70778439609197,72,1771444
-160.2862432825002,117,1771561
-77.6346560202247,116,1771677
-316.1934949630425,112,1771789
-143.9698922532104,108,1771897
11.450316140761359,74,1771971
-159.60172337549926,96,1772067
-204.51678013122324,127,1772194
-46.631320550295555,77,1772271
-174.9999274258766,63,1772334
-230.22374188057222,106,1772440
-252.69631011826567,94,1772534
-112.5765034686747,75,1772609
-94.56396787951928,72,1772681
-172.91235610294504,79,1772760
-149.6376174694676,86,1772846
-108.5486376829564,60,1772906
-130.07688207486248,65,1772971
-266.8298732470061,106,1773077
-292.58610667214083,144,1773221
-266.43479777092284,103,1773324
-218.6923889661769,92,1773416
-234.43731038551473,119,1773535
-132.60422513621847,91,1773626
-116.05995678468592,74,1773700
-333.55887864646184,121,1773821
-174.12542167347533,68,1773889
-249.33725985366965,98,1773987
-139.16290666685137,69,1774056
-122.56859047571416,72,1774128
-134.23228408636936,123,1774251
7.2170491942707855,77,1774328
-287.01850586194814,119,1774447
-159.74094831146272,88,1774535
-96.73248106617392,109,1774644
-303.4038050177402,119,1774763
-117.19648671717027,71,1774834
-184.56802763966397,111,1774945
-273.6928306873316,109,1775054
-515.1514274501113,92,1775146
-130.54431573803728,71,1775217
-129.6658451611847,108,1775325
-105.84435977212809,121,1775446
-164.3147406925771,104,1775550
-120.17358643477337,97,1775647
-117.80773541843294,97,1775744
-427.1031355176797,164,1775908
-60.846982152195,64,1775972
-181.56708140087702,82,1776054
-114.59161191969189,86,1776140
-187.7561883469877,90,1776230
-311.2581623795829,93,1776323
-106.62348422828714,75,1776398
-319.23420543904047,96,1776494
-341.53028660784196,113,1776607
-300.09470225512683,88,1776695
-206.49922932700474,104,1776799
-282.3068276431326,115,1776914
-36.728975626272856,73,1776987
-260.46863467616686,97,1777084
-138.6926735059129,75,1777159
-111.81255496085092,160,1777319
-147.66671163323468,85,1777404
-101.23176900218382,85,1777489
-16.211363453819402,99,1777588
-83.36907782873621,65,1777653
-101.03804734816431,58,1777711
-115.01624511329453,66,1777777
-195.75132778201404,86,1777863
-300.81827016232006,106,1777969
-73.90349349761722,88,1778057
-108.33763133207663,75,1778132
-443.2858552036029,89,1778221
-294.1812983400196,132,1778353
-168.96471345089006,76,1778429
-118.99006500828152,97,1778526
-202.05990205639458,99,1778625
-350.16750582783004,110,1778735
-147.49403712525194,85,1778820
-309.8322847068743,96,1778916
-110.86466306434511,78,1778994
-239.05211474744814,97,1779091
-105.3504028559071,82,1779173
-99.24243519717581,93,1779266
-99.31684111056222,132,1779398
-446.5648336359041,85,1779483
-475.99919918408517,92,1779575
1.3459939579093287,82,1779657
-107.46297006269882,70,1779727
-45.65994946536567,105,1779832
-135.99284757926966,110,1779942
-115.57394707738781,87,1780029
-108.32664614627913,58,1780087
-101.88463188642493,63,1780150
-215.96654242046998,133,1780283
-456.65402542904997,111,1780394
-114.64100481488128,76,1780470
-223.19136883449082,93,1780563
-105.61197201697294,74,1780637
-350.15410261625897,134,1780771
-165.74419389161324,66,1780837
-167.2711873779599,90,1780927
-123.71694714029897,77,1781004
-133.32926912159246,129,1781133
-159.3160946564146,66,1781199
-237.9126839693996,126,1781325
-84.54541397530157,93,1781418
-301.9355523666761,84,1781502
-374.1575209557103,87,1781589
13.98408809268895,90,1781679
-100.95563908323928,64,1781743
-103.99917179202178,93,1781836
-116.02263566384582,63,1781899
-339.5170334506589,77,1781976
-182.99466062883766,128,1782104
-131.84513593161552,123,1782227
-156.6027496219388,104,1782331
-317.7396376804412,107,1782438
-233.14809104289566,131,1782569
-133.35803877732718,114,1782683
-94.30020705857747,65,1782748
-89.37439340493317,66,1782814
-125.63848817211655,89,1782903
-210.11292430206717,115,1783018
-94.972937086678,64,1783082
-111.12924433607003,99,1783181
-381.3665367847351,113,1783294
-166.48142784309346,77,1783371
-268.44025555383325,88,1783459
4.668273077581048,134,1783593
-111.95530152347074,119,1783712
-133.28875047552702,76,1783788
-205.5816506327029,93,1783881
-105.52388776864328,78,1783959
-360.03840688372645,89,1784048
-359.53711949253983,99,1784147
-578.1730443311615,112,1784259
-100.4306839810684,91,1784350
-16.466276387792064,94,1784444
-348.05917759810524,107,1784551
-74.44896437662683,78,1784629
-266.2577118037136,116,1784745
-136.37585273301374,94,1784839
-255.25021562318435,116,1784955
-141.73382208139756,90,1785045
-205.25049197071522,87,1785132
-186.1036809651058,113,1785245
-177.27467804689627,98,1785343
-95.7965257821987,60,1785403
-109.69580020950549,68,1785471
-159.75714453789413,89,1785560
-84.56776900353286,64,1785624
-220.9226107072668,102,1785726
-102.79505346560485,76,1785802
-148.06861353330245,90,1785892
-107.83105042413187,109,1786001
-173.4375955875706,70,1786071
-396.96801210023284,93,1786164
-76.27689517674483,66,1786230
-134.0745068101769,126,1786356
45.20102715944253,89,1786445
-108.8978173049944,83,1786528
-292.0704572809818,85,1786613
-200.58595141128674,67,1786680
-62.91140132027401,77,1786757
-200.17184370114217,71,1786828
-210.722128099975,116,1786944
-339.1585952058117,129,1787073
-123.83210047746161,93,1787166
-96.45063926550218,85,1787251
-169.5211319673124,66,1787317
-101.59521355650642,67,1787384
-64.49716860354604,120,1787504
-432.48010708934805,89,1787593
-72.52928346077613,61,1787654
-125.92046294540506,68,1787722
-256.97943510099594,99,1787821
-107.93730588859233,62,1787883
-278.7374280304484,112,1787995
-25.534181910098397,108,1788103
-181.8603670563184,62,1788165
-123.91583146225894,111,1788276
-324.733186846272,125,1788401
-108.67393829632728,70,1788471
-394.98151722683866,119,1788590
-102.30465045599772,69,1788659
-82.8537547864746,95,1788754
-156.9162577290206,117,1788871
-109.99927718781062,62,1788933
-190.10821779466988,122,1789055
-34.82535367895217,152,1789207
-192.92393691567818,60,1789267
-174.05728191046074,69,1789336
-104.38413533394024,68,1789404
-284.4404851069062,99,1789503
-222.8351411398104,106,1789609
-198.06663061808842,102,1789711
-98.5138409474971,114,1789825
-103.10954724703788,118,1789943
-57.71250326719822,69,1790012
-92.78933226559528,113,1790125
-354.1740440156183,82,1790207
-213.3510136977161,120,1790327
-134.71316455096263,103,1790430
-210.74934036302676,95,1790525
-115.93667855936812,109,1790634
-215.9837709629336,77,1790711
-383.27709817946055,133,1790844
-129.76539420173106,58,1790902
-74.71874756591521,72,1790974
-347.6415062359748,80,1791054
-86.85720437362957,87,1791141
-282.45226405151163,116,1791257
-206.38467929041866,88,1791345
-132.1551739909189,78,1791423
-214.95327941081086,81,1791504
-132.92436125374178,96,1791600
-111.25197925314502,91,1791691
-90.74358522304121,83,1791774
-352.8119329666507,109,1791883
-64.77003179984531,72,1791955
-11.458542657635732,96,1792051
-82.2926798208804,73,1792124
-219.4285962993466,119,1792243
-202.6815818315382,98,1792341
-241.00301375556535,72,1792413
-109.29794982073179,64,1792477
-95.3595088802931,70,1792547
-63.60511120266872,107,1792654
-123.24200970926042,71,1792725
-136.11359200529265,96,1792821
-83.20124535390288,77,1792898
-443.2416936456147,85,1792983
-316.33782902638274,83,1793066
-111.10052697746237,116,1793182
-75.60344983447817,63,1793245
-272.99310526418697,93,1793338
-15.300278609694686,128,1793466
-216.28385195840616,114,1793580
-253.87667177863392,95,1793675
-151.65759642783692,73,1793748
-132.9457414764835,88,1793836
-335.6289561023168,93,1793929
-199.03326106905445,110,1794039
-154.54343200729892,92,1794131
-161.61943096925012,101,1794232
-242.59029479399064,74,1794306
-122.48859743571407,92,1794398
-106.75551523563432,91,1794489
-81.65702190384397,77,1794566
-265.1735934365686,91,1794657
-333.00346757986927,143,1794800
-235.62294319390028,95,1794895
-184.52961520129102,91,1794986
-221.26574168321582,91,1795077
-133.55404816843793,93,1795170
-72.6836392459988,72,1795242
-210.16205403557288,82,1795324
-141.69046811128814,99,1795423
-331.4694146422513,97,1795520
-102.08170790386342,98,1795618
-188.47589320976152,107,1795725
-99.68925970508253,115,1795840
-302.9453126372399,94,1795934
-18.497565191570473,106,1796040
-115.78276623903812,63,1796103
-157.38070739960895,105,1796208
-246.01802480659097,102,1796310
-121.97892211067133,130,1796440
-111.81747860755418,114,1796554
-253.35179240755065,76,1796630
-123.17967185719418,66,1796696
-128.4928914215206,88,1796784
-100.03445746529692,94,1796878
-201.75090876659846,109,1796987
-409.024155241307,127,1797114
-101.9299484794749,95,1797209
-240.45880586826593,72,1797281
-378.21196289077636,76,1797357
-85.13394475837337,84,1797441
-87.10323350797793,92,1797533
-139.4364536511143,78,1797611
-364.19666316674403,102,1797713
-176.3348931188429,89,1797802
-152.23186535000656,126,1797928
-348.9795395666134,96,1798024
-272.18940579477686,86,1798110
-139.28212213417518,107,1798217
-199.26103198121064,68,1798285
-103.51791264303891,66,1798351
-89.1359983139006,62,1798413
-83.63419941793168,64,1798477
-162.50141295927256,109,1798586
-325.0468467866026,97,1798683
-127.38122848592268,87,1798770
-434.95842320607215,86,1798856
-271.1367394170361,85,1798941
-332.10556703599934,142,1799083
-117.43596107725311,73,1799156
-55.00118920293191,69,1799225
-329.95365697256966,104,1799329
-183.2465522050241,87,1799416
-155.27197100973274,70,1799486
-231.26723184253385,115,1799601
-107.07567801081709,93,1799694
-108.0724425484527,78,1799772
-91.02063376614836,76,1799848
-266.3745362215294,87,1799935
-308.69332263234287,110,1800045
-108.43298192792635,100,1800145
-110.53648935178548,86,1800231
-112.43335697622136,95,1800326
-202.87729903409567,85,1800411
-209.94824451239765,75,1800486
-103.34130773932961,116,1800602
-72.68439950766872,113,1800715
-224.60598826023974,83,1800798
-73.65395432585245,73,1800871
-76.07724955894054,60,1800931
-83.4184744908254,86,1801017
-415.1664639604364,106,1801123
-93.03749880961244,62,1801185
-266.45298225787053,109,1801294
-134.9676159565505,102,1801396
-154.89431020603553,66,1801462
-460.2231527630318,103,1801565
-29.691580622802434,105,1801670
-85.00213117323992,68,1801738
-70.75537299336301,120,1801858
-145.87974531403404,80,1801938
-213.08711375701097,87,1802025
-57.68692229083343,63,1802088
-70.24717755532552,59,1802147
-227.47317106278953,90,1802237
-155.00581436716686,72,1802309
-52.77670295822231,82,1802391
-323.7616285256744,80,1802471
-173.54179931456665,119,1802590
-94.3362613632486,64,1802654
-192.3747981335701,114,1802768
-71.7741414641639,65,1802833
-103.10525142461903,85,1802918
-189.44181154810983,87,1803005
-304.28748582481575,87,1803092
-146.51481977103572,84,1803176
-175.88825909561814,131,1803307
-151.7370068527472,82,1803389
-447.30414338873845,95,1803484
-150.41770973766046,82,1803566
-114.67641580374237,86,1803652
-311.68768590362026,94,1803746
-138.92478005331094,67,1803813
-20.588733331101253,105,1803918
-176.35830139544584,95,1804013
-67.1439107930706,73,1804086
-221.496754908907,74,1804160
-115.26272498212495,76,1804236
-83.53440863100278,68,1804304
-107.09677435889625,79,1804383
-51.798232040422036,86,1804469
-462.2651452701602,86,1804555
-92.9626831060674,68,1804623
-141.57893325164082,86,1804709
97.48428590275259,1000,1805709
-144.51273172874676,83,1805792
-306.95097728070175,113,1805905
-190.59433675057426,56,1805961
-112.07462835698993,81,1806042
-221.3567198864272,117,1806159
-51.78079488184838,66,1806225
-479.63796520872245,79,1806304
-215.515246682813,89,1806393
-83.44437275777348,66,1806459
-331.089156453167,112,1806571
-103.31434525266052,83,1806654
-235.96723549784315,86,1806740
-123.07927285992062,77,1806817
-281.1163876553338,98,1806915
-408.2908490785358,89,1807004
-93.72543896980673,62,1807066
-59.622351153854495,133,1807199
-81.80445156385332,70,1807269
-132.35975012109736,71,1807340
-120.1326459073549,104,1807444
-105.51146058564957,71,1807515
-30.152582044269536,78,1807593
-111.84823048466076,96,1807689
-121.90094204458151,68,1807757
-319.4308374767453,120,1807877
-446.9684859533463,117,1807994
-205.26304081909726,67,1808061
-163.99943011049405,107,1808168
-97.02782422106857,72,1808240
-309.1012902075776,126,1808366
-109.90401934572694,61,1808427
-303.0591526748857,106,1808533
-256.6025995119547,88,1808621
-113.99018733097556,86,1808707
-34.216737016002156,97,1808804
9.515482482162298,123,1808927
-94.80977032890877,81,1809008
-140.18128444938733,72,1809080
15.03302776180351,79,1809159
-381.3650824707528,77,1809236
-135.42170609242743,97,1809333
-81.85970086690725,69,1809402
-327.64155077791804,113,1809515
-144.56336732122446,99,1809614
-381.46188181903665,105,1809719
-373.90900460900366,116,1809835
-338.86207513465035,88,1809923
-144.11769900502236,112,1810035
-127.95979124817467,81,1810116
-133.47446411534625,91,1810207
-118.95057291580373,103,1810310
-89.17954479373509,84,1810394
-189.3348763141554,98,1810492
-85.24888431211427,92,1810584
-294.66599108511866,87,1810671
-280.54906528004057,91,1810762
-113.71481545728551,72,1810834
-144.0637694531286,123,1810957
37.22392349037821,79,1811036
-132.45869045998577,71,1811107
-233.2429866155884,112,1811219
-303.31809178532365,99,1811318
-315.52888163491014,104,1811422
-161.38307492502446,124,1811546
-434.2783837505538,94,1811640
-136.054388528183,71,1811711
-200.24155941138685,92,1811803
-161.2076615378,115,1811918
-113.71535240136669,67,1811985
-438.6161834859282,114,1812099
-85.56695309365146,72,1812171
-133.51322268603087,99,1812270
-105.22916566454678,79,1812349
-68.74579037753429,70,1812419
-461.65028886672343,104,1812523
-313.7755821377615,67,1812590
-101.5106750327299,68,1812658
-92.73485431848192,71,1812729
-84.66801922091797,114,1812843
-121.72629032898747,133,1812976
-124.2653986892833,75,1813051
28.03902452012113,73,1813124
-122.65172551076256,62,1813186
-298.10262963530533,115,1813301
-93.98679454527034,110,1813411
-419.3073004928462,121,1813532
-112.45277238868427,74,1813606
-377.2441549043961,102,1813708
-274.93713411037027,78,1813786
-81.18359502506254,65,1813851
-67.09303518791221,103,1813954
-235.28652075155927,94,1814048
-153.39531227972032,94,1814142
-210.9453972894553,90,1814232
-149.4733428714382,90,1814322
-143.10392622073303,114,1814436
-85.08702289704806,90,1814526
-247.11912684592332,94,1814620
-290.25629285118316,109,1814729
-15.328949805494616,119,1814848
-83.7097657149517,81,1814929
-95.23725310533766,70,1814999
-113.46502214975942,97,1815096
-164.0581314447317,73,1815169
-247.14484497658472,116,1815285
-160.58225531767846,71,1815356
-229.90432190052917,96,1815452
-85.10105220640335,106,1815558
-133.46047547808854,69,1815627
-141.41251487273155,84,1815711
-78.50232399565095,79,1815790
-91.0930607508808,67,1815857
-282.96544062052067,74,1815931
-189.41093680147156,111,1816042
-110.30083204144513,70,1816112
-190.54661325022602,88,1816200
-127.72190033091081,114,1816314
-165.60499435035,109,1816423
-192.0065294707222,111,1816534
-79.75924321511849,65,1816599
-357.14795212990714,103,1816702
-139.49879425944204,143,1816845
-49.97677117153759,97,1816942
-75.46324388317296,77,1817019
-50.59294782290611,129,1817148
-167.64914081651068,124,1817272
-73.68095694045235,55,1817327
-119.08523688178968,94,1817421
-194.08168374655244,115,1817536
-110.39417644957551,85,1817621
-162.48312641889078,84,1817705
-93.546603646704,117,1817822
-201.3698500458604,95,1817917
-183.99711900562073,113,1818030
-108.47981381182568,71,1818101
-150.36377967694975,86,1818187
-110.98258386679554,103,1818290
-328.93769128344604,89,1818379
-187.01025464016942,86,1818465
-336.0673872421871,89,1818554
-323.58580333753014,115,1818669
-200.71002639043414,74,1818743
-356.4138940026926,119,1818862
-444.04720738392416,87,1818949
-215.40736301854264,86,1819035
-109.32866680402617,108,1819143
-438.37188585231365,97,1819240
-125.71286975425626,78,1819318
-560.1463069891469,103,1819421
-152.16902201669348,95,1819516
-279.58399132494867,92,1819608
-186.91637974286405,73,1819681
-180.07392731071872,79,1819760
-115.73641880387201,111,1819871
-74.70560138764753,78,1819949
-85.89309568853814,77,1820026
-393.0193404039635,109,1820135
-323.0513062176408,110,1820245
-433.6072044764467,110,1820355
-175.15044084680494,102,1820457
-109.11898022745314,65,1820522
-145.56584750976415,67,1820589
-290.7351991331456,97,1820686
-208.6730445602747,73,1820759
-169.5341495072492,57,1820816
-228.7842499760577,106,1820922
-378.2685210438713,104,1821026
-277.6659401654914,74,1821100
-194.33550469788008,71,1821171
-290.2925673655534,80,1821251
-359.4970466056363,124,1821375
-119.20526750309062,108,1821483
-98.23060484905142,112,1821595
-129.7752326107517,76,1821671
-175.8238541102822,62,1821733
-261.70121841550275,109,1821842
-123.39876237357663,76,1821918
-263.95704249207597,107,1822025
-157.1777296490907,116,1822141
-86.76442138103752,64,1822205
-176.90642571073494,74,1822279
-352.9906053921429,90,1822369
-86.4085812986856,137,1822506
-134.14876567112077,94,1822600
-125.28708557195158,101,1822701
-300.8902382147669,86,1822787
-300.45030408507347,110,1822897
-54.24143235855721,66,1822963
-139.71144359474343,95,1823058
-122.2325784479145,86,1823144
-127.47839466386047,112,1823256
-340.0975717896491,94,1823350
-180.43449950349003,113,1823463
-292.67872277798,113,1823576
-145.30984198028244,105,1823681
-109.57506826016146,84,1823765
-341.96737608088995,88,1823853
-35.723367970652276,102,1823955
-344.64727122843703,80,1824035
-72.91516981982733,81,1824116
-115.20919767474815,131,1824247
-85.88220561801099,74,1824321
-242.75884603651753,74,1824395
-447.92995843630285,108,1824503
-463.84822183080144,116,1824619
-267.08538305725676,99,1824718
-367.3590766868296,111,1824829
-117.0484568400257,81,1824910
-135.59652765937278,76,1824986
-126.52626461647557,93,1825079
-243.46764146815562,89,1825168
-207.70541864151602,106,1825274
-94.64924368523255,115,1825389
-29.681123709439333,105,1825494
-70.88641533804666,72,1825566
-124.095288299968,69,1825635
-48.35139548500572,82,1825717
-61.32952523554923,67,1825784
-234.88054475543203,107,1825891
-53.51962488688561,71,1825962
-481.8857967551422,92,1826054
-58.42866691327211,64,1826118
-152.8629525324547,99,1826217
-232.38299403754002,99,1826316
-211.63518918189845,85,1826401
-83.42019955353649,130,1826531
-171.61191239847267,79,1826610
-209.59681920859836,77,1826687
-292.3630275794216,94,1826781
-211.62307837799455,91,1826872
-39.18541097538184,59,1826931
-201.02083063663503,93,1827024
-68.07290246191002,69,1827093
-210.44295159780188,93,1827186
-323.8018892780261,102,1827288
-111.6943827931493,69,1827357
-196.0280495312192,123,1827480
-435.8039174028644,107,1827587
-79.0251300809788,78,1827665
-456.27822094687076,110,1827775
-146.83120989414306,98,1827873
-130.70767821949488,109,1827982
-115.46681181885828,79,1828061
-486.7903646766738,79,1828140
-139.0665743071972,99,1828239
-170.7698607716111,93,1828332
-112.70104164675625,111,1828443
-182.51776756267685,68,1828511
-400.51364388250676,106,1828617
-346.7702120575043,86,1828703
-53.306821724274826,67,1828770
-196.5654026150474,70,1828840
-161.13921247627812,107,1828947
-81.67655987675626,83,1829030
-321.1077451258155,131,1829161
-288.401960817343,139,1829300
-88.53122257014554,60,1829360
-126.66261857749004,101,1829461
-231.48435533676565,87,1829548
-99.75774475202175,64,1829612
-303.64295525656235,88,1829700
-120.1093936064156,78,1829778
-112.49478033383936,89,1829867
-318.5728853228544,90,1829957
-272.49115706246334,94,1830051
-246.84015358683808,92,1830143
-362.66801462343165,85,1830228
-264.05927543414634,134,1830362
-132.1664516782458,81,1830443
-451.28200717463204,132,1830575
-25.45772295803191,131,1830706
-265.5872999643898,106,1830812
-255.447066583596,79,1830891
-85.69800931781495,74,1830965
-163.8938743996322,80,1831045
-103.1708709401298,104,1831149
-71.22289695555153,67,1831216
-218.09282335843912,69,1831285
-375.3181226997934,97,1831382
-72.37934808182558,83,1831465
-127.48758453707697,80,1831545
-248.37501527630354,135,1831680
-200.48590397413062,121,1831801
-224.88713472008385,94,1831895
-180.62550734607038,86,1831981
-83.18138896182363,85,1832066
-71.46374022681002,74,1832140
-143.67704712794307,92,1832232
-266.40077114673466,100,1832332
-217.09896125298678,96,1832428
-90.56279710929786,112,1832540
-126.64221313770713,122,1832662
-130.282632520012,87,1832749
-108.75630605621464,91,1832840
-175.1705836054566,106,1832946
-184.63101905253848,132,1833078
-116.81080184212473,64,1833142
-99.39371775572194,60,1833202
-116.34306219285638,91,1833293
-87.33160274337305,108,1833401
-363.36966018777116,103,1833504
-331.2372476198037,103,1833607
-483.3781181292688,86,1833693
-357.9669499842004,107,1833800
-276.28300127041916,92,1833892
-104.67311115872782,70,1833962
-213.0058136642881,117,1834079
-64.4212395839447,67,1834146
-154.48808280717165,90,1834236
-79.49916114517669,71,1834307
-308.9180610558167,76,1834383
-176.3115273544536,92,1834475
-238.58113937778688,104,1834579
-361.4322417059119,88,1834667
-141.0302236207347,101,1834768
-378.21245030868215,97,1834865
-73.34277068816552,72,1834937
-21.517796729911055,134,1835071
-103.67109562278837,63,1835134
-443.3603676685107,94,1835228
-184.8704475588194,75,1835303
-129.66806695843965,74,1835377
-114.54285675541348,75,1835452
-13.992357602767669,86,1835538
-113.99081640243689,89,1835627
-89.71078610938268,60,1835687
-65.21667217408847,116,1835803
-138.82666787901917,60,1835863
-175.67511117502744,94,1835957
-262.66401051097057,107,1836064
-108.05372610674497,130,1836194
-114.4282739246067,119,1836313
-223.31806015608134,75,1836388
-137.29912035771773,139,1836527
-151.7763521994132,78,1836605
-87.7265660392447,67,1836672
-78.5050820169438,77,1836749
-81.23924474675866,75,1836824
-109.32376872316567,105,1836929
-110.47808424066763,108,1837037
-110.06896182058712,87,1837124
-74.28977174390772,83,1837207
-120.19986463990392,71,1837278
-147.60207531823818,84,1837362
-300.8859639489319,68,1837430
-287.1390715531222,88,1837518
-412.38890281842333,103,1837621
-183.64223995357466,87,1837708
-389.3594568235561,130,1837838
-209.47887821177943,76,1837914
-208.48590299686128,105,1838019
-76.91287973081748,59,1838078
-66.53100526517485,64,1838142
-147.74798488256914,69,1838211
-290.4530101976184,101,1838312
-188.7292047403674,104,1838416
-137.36853020369958,76,1838492
-116.74151426903637,99,1838591
38.10607190631998,84,1838675
-71.07391111014202,67,1838742
-145.18132517066414,112,1838854
-280.59534038599145,69,1838923
-228.1208614440621,108,1839031
-230.14444275589594,64,1839095
-157.09707043312687,110,1839205
-82.78866305977486,65,1839270
-76.371471522604,61,1839331
-241.9389346629648,98,1839429
-87.59176116842674,76,1839505
-265.629316743667,108,1839613
-181.5257547329506,95,1839708
-203.06072337105368,106,1839814
-130.16295849023965,115,1839929
-94.18409191216361,62,1839991
-206.2309693561395,102,1840093
-90.77821209846716,69,1840162
-357.564004687684,87,1840249
-381.95307379265915,102,1840351
-132.59332016004632,90,1840441
-80.75637344051856,73,1840514
-217.54531224607445,66,1840580
-8.637860652913758,91,1840671
-160.0411918421653,104,1840775
-135.4818334773815,92,1840867
-124.10849870291726,85,1840952
-119.19629267621193,79,1841031
-266.47792371408104,97,1841128
-86.49626987454045,69,1841197
-194.00220944686953,106,1841303
-290.3367959505956,86,1841389
-45.434664823213,85,1841474
-91.50415031394603,113,1841587
-105.3997949354434,80,1841667
-173.31367203263758,80,1841747
-159.35626989287613,79,1841826
-90.6321282694169,78,1841904
-272.6421463649034,83,1841987
-128.73331968945377,107,1842094
-62.29260633614125,68,1842162
-106.77473925968178,66,1842228
-414.08368162161287,105,1842333
-199.1109803098745,111,1842444
-248.90490176526492,112,1842556
-235.21142326787742,81,1842637
-150.32922283760306,66,1842703
-186.32241142754188,96,1842799
-168.5432989122566,65,1842864
-112.90529401350408,65,1842929
-95.23029787841243,128,1843057
-175.01434656977688,79,1843136
-120.38538016919294,63,1843199
-134.07861848627613,93,1843292
-139.16571984429996,77,1843369
-146.43982874753405,80,1843449
-134.39226562609488,85,1843534
-224.39456426003335,97,1843631
-585.9014300855582,107,1843738
-394.4511915470713,112,1843850
-70.86371577978025,61,1843911
-277.8636100350577,109,1844020
-98.80297935198425,61,1844081
-72.53393147061334,69,1844150
-181.21045608166435,75,1844225
-108.35062358547117,116,1844341
-172.1831226969001,58,1844399
-84.17044331562326,68,1844467
-69.24057049788527,68,1844535
-279.79408266323287,87,1844622
-412.0500767357752,96,1844718
-69.59115711049141,80,1844798
-216.42125326053403,82,1844880
-315.92949810541853,85,1844965
-133.05807764414055,112,1845077
-111.396017258161,70,1845147
-108.82165026248032,73,1845220
-134.96995028063057,88,1845308
-118.65405315494074,87,1845395
-109.01095507013596,75,1845470
-391.99661704098185,86,1845556
-105.91227564264435,91,1845647
-325.44225525201387,126,1845773
-270.24151721756476,104,1845877
-112.51137640328727,91,1845968
-101.49732113805617,61,1846029
-124.95788706902128,88,1846117
-173.05288135017395,114,1846231
-73.23960081595104,108,1846339
-82.92973686924687,68,1846407
-220.52319264873188,96,1846503
-170.10998510037425,119,1846622
-268.3472485432866,88,1846710
-87.11315931751744,83,1846793
-271.27288557915074,77,1846870
-170.70756303781707,66,1846936
-417.03249441472724,109,1847045
-98.6798899939572,73,1847118
-179.0715585358401,93,1847211
-319.42778518545106,98,1847309
-111.69445203510986,74,1847383
-103.47301232982838,103,1847486
-164.0657497678305,136,1847622
-122.71744880583297,86,1847708
-107.31628104537056,74,1847782
-110.52841628830325,58,1847840
-262.2303022528828,118,1847958
-333.24214303597665,97,1848055
-249.66211669939355,112,1848167
-239.95613528625066,70,1848237
-80.75980213130029,74,1848311
-168.28336784994121,96,1848407
-192.19074968035306,96,1848503
-85.73277410773642,84,1848587
-135.61777474947309,109,1848696
-208.0790211645534,66,1848762
-126.30281731983064,97,1848859
-141.4206744112557,118,1848977
-142.3506585453699,85,1849062
-235.0530157625038,93,1849155
-136.45141386388525,79,1849234
-129.95788491789824,100,1849334
-88.79203988342236,79,1849413
-219.9684263878361,103,1849516
-148.7274556695943,102,1849618
-276.18509968109845,102,1849720
-97.28460771594452,124,1849844
-409.1056203146178,84,1849928
-344.7762192959302,127,1850055
-179.24848276884867,84,1850139
45.40505512115854,73,1850212
-106.38566017475638,99,1850311
-73.9890713665406,117,1850428
-105.82641492751144,115,1850543
-130.90773062312556,114,1850657
-209.71206107515383,80,1850737
-538.761044739738,122,1850859
-96.16748812226714,66,1850925
-220.98970436881712,116,1851041
-116.91155099248141,64,1851105
-61.569449148851625,66,1851171
-394.2805796247849,97,1851268
-93.43898871807473,76,1851344
-165.45328044557579,76,1851420
-153.3934949438248,111,1851531
-183.90654138138171,115,1851646
-112.45199700032506,65,1851711
-206.68985748401974,94,1851805
-198.47063733014062,69,1851874
-115.83497729757997,99,1851973
-218.79802025115504,110,1852083
-279.76448428242077,124,1852207
-69.99334128701105,122,1852329
-118.25082871808499,71,1852400
-110.86706359203633,94,1852494
-172.41943121214175,76,1852570
-175.40995362075478,132,1852702
-104.39291617068979,73,1852775
-198.40799320751753,104,1852879
-84.94033322988044,70,1852949
-356.9903761162188,123,1853072
-27.420665307939743,68,1853140
-184.11991581806723,122,1853262
-328.3674139147931,94,1853356
-93.59357942126752,72,1853428
-179.0278142539031,82,1853510
-263.01684465468554,94,1853604
-269.6938911718747,74,1853678
-106.46222333326745,58,1853736
-291.9012168860172,84,1853820
-107.30838045529393,89,1853909
-149.55420747852708,70,1853979
-100.20207636068201,79,1854058
-112.29356868399019,105,1854163
-114.03226748031358,91,1854254
-109.09384985748795,82,1854336
-305.54857894679697,111,1854447
-81.62859888918514,77,1854524
-273.01909827384424,95,1854619
-165.1622201421373,114,1854733
-83.7009149764405,84,1854817
-82.35194838678011,64,1854881
-423.74908848272435,103,1854984
-260.52707169196265,102,1855086
-305.2521416458535,83,1855169
-180.41464603815504,125,1855294
-307.76939943250784,91,1855385
-197.14336132290617,75,1855460
-122.21003927162099,127,1855587
-341.01977797220235,76,1855663
-103.02419393556923,107,1855770
-286.28869083395864,117,1855887
-352.6174507927315,96,1855983
-357.79567576225946,88,1856071
-122.05998556426802,86,1856157
-200.7278265444174,74,1856231
-121.13831039483603,94,1856325
-20.010349147958294,118,1856443
-265.2632039731541,83,1856526
-161.2308883802955,165,1856691
-233.52082913265556,88,1856779
-25.76776594346707,135,1856914
-96.136852276773,79,1856993
-147.94708754630335,93,1857086
-79.1661460761801,74,1857160
-229.36353962768612,79,1857239
-133.8588725266566,99,1857338
-182.06194769604627,121,1857459
-84.16719273717486,112,1857571
-180.3502432962,118,1857689
-101.24020357629608,92,1857781
-362.245129338351,94,1857875
-162.79002423762068,56,1857931
-252.26471127001957,87,1858018
-252.23238212204922,87,1858105
10.200650286004645,67,1858172
-158.91682714166626,60,1858232
-252.61834489379626,81,1858313
-96.97740957452821,64,1858377
-230.82470157728227,92,1858469
-63.53461923481294,74,1858543
-385.03611069068114,102,1858645
-59.45071768883262,72,1858717
-135.32070279845726,90,1858807
-91.82639346756754,113,1858920
-82.088384974611,73,1858993
-41.1842159624905,122,1859115
-107.83495044341086,79,1859194
-114.78327660994663,92,1859286
-132.2572256616827,106,1859392
-107.49714371845785,109,1859501
-48.51513310115892,66,1859567
-142.57011225453556,145,1859712
-116.89264480791459,74,1859786
-113.22998435029646,71,1859857
-530.2503250906465,97,1859954
-364.57723249178486,123,1860077
-85.31638949357566,61,1860138
-113.83486592773058,80,1860218
-127.42601848275089,94,1860312
-184.456850583297,99,1860411
-501.03933521013903,97,1860508
-271.4290657407174,94,1860602
-102.97029509839463,108,1860710
-385.2180543582238,91,1860801
-323.52884935966995,71,1860872
-193.97010812231602,107,1860979
-341.9235335252172,106,1861085
21.977715133490832,89,1861174
-87.46751885068349,113,1861287
-105.2394869836263,73,1861360
-161.5404881439606,64,1861424
-104.18944616379441,74,1861498
-98.60664624799269,64,1861562
-380.4575557504834,139,1861701
-520.4663252285325,99,1861800
-133.19743170782067,67,1861867
-465.16303997170877,98,1861965
-107.13276698569072,87,1862052
-256.2238056992794,96,1862148
-280.1000253249978,88,1862236
-136.5994007838297,92,1862328
-136.51521657977298,75,1862403
-396.12549066500264,86,1862489
-336.54047910168254,113,1862602
-103.47462025670828,113,1862715
-131.91106167736382,84,1862799
-223.68189803355995,121,1862920
-344.96500253307886,90,1863010
-297.939404478676,110,1863120
-97.4409805274827,89,1863209
-120.60413681390233,96,1863305
-371.40427584752774,125,1863430
-217.56728817092886,107,1863537
-403.1588479054946,102,1863639
-123.40831198482525,64,1863703
-192.30367357271876,107,1863810
-345.60736125532924,148,1863958
-182.2695361226447,119,1864077
-26.379380113995964,116,1864193
-111.65507505793633,125,1864318
-35.31208682720677,82,1864400
-122.14331342129309,102,1864502
-214.73196063986043,104,1864606
-195.84312687449443,92,1864698
-202.947268144566,70,1864768
-131.04314186459192,67,1864835
-437.0223852776761,99,1864934
-111.85819842280199,70,1865004
-115.74157775422773,74,1865078
-207.03436951966643,79,1865157
-270.10037906055595,92,1865249
-279.54172124885395,85,1865334
-91.3662415021648,59,1865393
-42.85477561182422,114,1865507
-113.36615026178706,90,1865597
38.90297662081397,108,1865705
-113.44574370327823,71,1865776
-349.5457681790359,100,1865876
-99.58616080273502,80,1865956
-54.835442881844145,67,1866023
-73.9624420799091,125,1866148
-372.5893843666002,104,1866252
-308.2111714395756,131,1866383
-106.2514114690357,95,1866478
-132.2451184227792,99,1866577
-390.63853196399344,88,1866665
1.0346249464178356,127,1866792
-475.2800944224651,86,1866878
-68.87134988301231,69,1866947
-368.9710370164362,105,1867052
-246.31846948318892,122,1867174
-176.79210371921363,85,1867259
-283.07741338227527,70,1867329
-97.06373458745438,106,1867435
-291.41778322678135,104,1867539
-398.8468151947119,100,1867639
-97.79846450699961,92,1867731
-97.96229412156052,96,1867827
-351.9762096129981,88,1867915
-108.82573084347956,91,1868006
-336.9505272974495,98,1868104
-238.83583473852693,102,1868206
-245.89497195193064,126,1868332
-290.1659569412101,89,1868421
-98.85290243300796,106,1868527
-163.9487296305254,93,1868620
-161.6502410586726,124,1868744
-120.26779845224505,69,1868813
-237.51748858765777,94,1868907
-217.91071454836862,124,1869031
-72.20422103904616,117,1869148
-188.71683649877087,123,1869271
-107.29732966016127,71,1869342
-357.3837755314336,93,1869435
-175.8526480631735,62,1869497
-114.09935529366766,65,1869562
-148.25358608256164,117,1869679
-189.64363876045553,100,1869779
-227.03296571987084,87,1869866
-144.56319334680484,82,1869948
-78.23329850025944,96,1870044
-139.94380295035535,92,1870136
-333.0067313700429,92,1870228
-83.64453228871922,68,1870296
-142.9037299719397,83,1870379
-93.96557742538671,79,1870458
-368.41975633902643,98,1870556
-200.7556994385514,106,1870662
-169.92670750596645,97,1870759
-142.96459649902425,84,1870843
-199.88319021860235,109,1870952
-388.56280580832436,94,1871046
-89.77547153217525,75,1871121
-115.23585595286939,102,1871223
-18.761540622728873,132,1871355
-384.5633147401604,108,1871463
-11.029179851234801,137,1871600
-90.62810815950829,96,1871696
25.171503904194694,83,1871779
-174.68083667345883,64,1871843
-171.14605666847655,74,1871917
-143.72583892760122,117,1872034
-112.9176594675924,65,1872099
-63.53556377763623,84,1872183
-106.62043247070638,82,1872265
-258.12138500419985,91,1872356
-81.70368050769963,74,1872430
-124.2970053004433,90,1872520
-150.9948030683874,85,1872605
-295.49010313705344,105,1872710
-49.62747050242193,66,1872776
-85.37158989784177,91,1872867
-175.74057956950827,97,1872964
-325.6960987825172,101,1873065
-112.76570357691539,96,1873161
-98.67061387991839,104,1873265
-373.5959069918431,99,1873364
-179.97652224882808,122,1873486
-232.0799704204858,114,1873600
-156.9941699973605,69,1873669
-222.19394925172242,69,1873738
-199.2798652440574,117,1873855
-163.4318921734823,125,1873980
-91.54001847706935,104,1874084
-92.22581128294219,99,1874183
-297.6829301155967,125,1874308
-110.3718017591795,92,1874400
-222.38869818425246,94,1874494
-94.32035863259506,79,1874573
-138.00973126071327,107,1874680
-171.78657494283812,136,1874816
-72.55417405433863,60,1874876
-232.15123476680577,88,1874964
-70.2775098705036,70,1875034
-99.39435152478725,71,1875105
-111.31342103315356,72,1875177
-131.00007797901634,64,1875241
-206.33264100349697,67,1875308
-59.49207990620204,70,1875378
-62.25663957233728,62,1875440
-183.8756535232252,85,1875525
-141.86372664223381,89,1875614
-169.05281420894448,110,1875724
-234.80262576024342,109,1875833
-155.10934813110322,64,1875897
-130.25418269778586,101,1875998
18.966253602268864,83,1876081
-109.91047091789213,83,1876164
-277.73173576009685,89,1876253
-17.291908881350835,133,1876386
-234.8848208508089,93,1876479
-102.41940027892387,73,1876552
-122.41869669533547,72,1876624
-87.30878546677238,69,1876693
-161.64938116277125,78,1876771
-204.02467746711025,113,1876884
-93.74294561012253,70,1876954
-171.04359880340922,73,1877027
-177.2903758076627,117,1877144
-279.19705412825465,101,1877245
-129.67999707980974,115,1877360
-128.19330439215983,147,1877507
-150.2675841078349,109,1877616
-120.08367790900297,71,1877687
-124.01951351741359,101,1877788
-286.0357650454305,80,1877868
-176.87124718552414,100,1877968
-426.5196803211893,111,1878079
-352.4937035695532,107,1878186
-94.89632127215965,69,1878255
-431.80557573548,92,1878347
-413.7206840043663,95,1878442
-275.66476101282416,95,1878537
-73.90525865804862,130,1878667
-79.98414806934676,97,1878764
-215.42831836908763,119,1878883
-107.6707824626009,102,1878985
-83.87844413731605,106,1879091
-337.7482860398992,83,1879174
-185.59965298367686,96,1879270
-94.40359731195328,57,1879327
-88.08575021185611,64,1879391
17.432522300593945,68,1879459
-193.82901836292748,77,1879536
-353.9942703239115,103,1879639
-133.83050879928695,75,1879714
-328.1340222476999,100,1879814
-313.0784086486103,110,1879924
-241.11030606296845,103,1880027
-139.66876904806648,115,1880142
-181.0378753320425,63,1880205
-477.1146790440292,101,1880306
-109.83540666211891,63,1880369
-201.64633591679507,109,1880478
22.17243034724686,98,1880576
-142.82552525964843,86,1880662
-163.95494646356084,67,1880729
-235.84643953968825,67,1880796
-175.98002693675758,106,1880902
-185.79256808476907,71,1880973
-129.6738814037155,73,1881046
-527.0417674793498,97,1881143
-239.68918903264426,94,1881237
-320.75694276609573,118,1881355
-170.39564065504646,74,1881429
-411.6681028781128,118,1881547
-179.01287856334608,129,1881676
-243.28950327665788,100,1881776
-94.8572588663765,82,1881858
-205.55658623836592,111,1881969
-66.2218368696503,80,1882049
-85.62992338850931,93,1882142
-102.94058871070835,63,1882205
-150.72606364667533,116,1882321
-423.2993198710072,92,1882413
-163.9415322323656,85,1882498
-388.05773119629424,120,1882618
-301.38414405688593,87,1882705
-190.5133660830705,94,1882799
-197.39488634906797,81,1882880
-217.86692821975151,58,1882938
-377.5358599664363,92,1883030
-107.6308720196695,66,1883096
-248.87007512281133,98,1883194
-82.01898238489498,76,1883270
-84.77860883075779,125,1883395
-208.25068890209758,68,1883463
-125.03051315841495,71,1883534
-90.9580443352846,67,1883601
-132.9793738148945,151,1883752
44.81187007125388,79,1883831
-93.66242988072807,89,1883920
-50.390845403502155,64,1883984
-226.85840733147415,116,1884100
-138.79153705214884,77,1884177
-228.51549592807328,102,1884279
-200.89756572751978,108,1884387
-360.42383392861865,95,1884482
-63.873560211922154,82,1884564
-333.6376151557404,68,1884632
-92.35382118554098,95,1884727
-168.56626645716474,91,1884818
-212.89761210417657,91,1884909
-246.70864380249458,117,1885026
-106.62588227446516,59,1885085
-265.6994568568387,79,1885164
-88.33428861585551,68,1885232
-259.31450006751334,107,1885339
-133.0926007683509,88,1885427
-213.305844247395,92,1885519
-230.15746864398884,97,1885616
-173.71335774632843,72,1885688
-284.45834391792306,99,1885787
-97.97262021464844,85,1885872
-106.49309646939103,117,1885989
-205.0512081775205,81,1886070
-121.48230599462822,105,1886175
-132.90405418163039,71,1886246
-192.77629549137632,116,1886362
-87.29499892829638,74,1886436
-120.18263170687024,98,1886534
-102.46476623766846,113,1886647
-131.2693011320121,110,1886757
-398.5376953760015,89,1886846
-254.9535598063588,117,1886963
-94.45178510590998,86,1887049
-182.6781116166302,108,1887157
-98.93923653632018,93,1887250
-161.18708441801522,83,1887333
-121.56063786633098,100,1887433
-208.17413975033332,82,1887515
-196.86063594542594,99,1887614
24.740307558709716,80,1887694
-78.06353112765552,73,1887767
-126.63843349302763,80,1887847
-261.79145965124934,84,1887931
-226.48965640303894,107,1888038
-62.14519237070766,63,1888101
-233.20363426411245,138,1888239
-101.51862454689547,83,1888322
-39.6959427616092,80,1888402
-99.59574052602149,114,1888516
-233.26225634042945,84,1888600
-120.69504638537997,73,1888673
-243.3449456704984,101,1888774
-201.9847611564673,92,1888866
-197.02440057600487,88,1888954
-240.69554666087126,76,1889030
-119.0156947341125,83,1889113
-133.28454577306528,122,1889235
-52.45658677049475,65,1889300
-84.2998013206995,68,1889368
-187.99826476967365,118,1889486
-84.36501714910857,62,1889548
-139.44696971711411,86,1889634
-357.8874591111894,80,1889714
-306.46234081500455,121,1889835
17.993210106196244,95,1889930
-157.21234143792685,67,1889997
-413.4367418516503,107,1890104
-73.91137999814046,73,1890177
-183.17369539901395,70,1890247
-117.32276741959697,62,1890309
-264.1994649632776,117,1890426
-179.3351053741381,71,1890497
-131.74882765447427,81,1890578
-215.22160964454108,103,1890681
-73.54534234160943,84,1890765
-99.84947124204967,74,1890839
-175.3299658301949,76,1890915
-340.35760586182494,96,1891011
-443.0821485282435,98,1891109
-84.97178850018761,90,1891199
-127.89954227006871,109,1891308
-99.17636670690773,99,1891407
-85.28613451052428,85,1891492
-99.45954063949746,92,1891584
-342.3525906691036,111,1891695
-121.0199258172237,65,1891760
-130.2011329833557,68,1891828
-250.83974968802016,117,1891945
-75.88757403559116,70,1892015
-139.23558117617785,122,1892137
-224.8397252352766,66,1892203
-128.29063856242212,110,1892313
-215.68159589589268,113,1892426
-116.0061772897673,97,1892523
-183.31400579618355,111,1892634
-193.91414199779496,151,1892785
-153.1214913405857,117,1892902
-57.19257038614233,70,1892972
-92.79302658600378,67,1893039
-318.6446557988353,99,1893138
-167.56583184542853,121,1893259
-26.69029787976038,70,1893329
-91.4119171623619,85,1893414
-143.21264860881206,122,1893536
-481.3358448216329,133,1893669
-301.2003073996949,93,1893762
-209.3009155854231,102,1893864
-83.21031303416588,115,1893979
-359.88908476288645,121,1894100
-153.42815513111964,80,1894180
-56.37222251176764,64,1894244
-161.23536620485214,68,1894312
-111.89538566107782,109,1894421
-73.17901877805005,65,1894486
-108.85464464763609,70,1894556
-269.9419147531364,110,1894666
-311.96832806015647,118,1894784
-87.0320942294125,75,1894859
-136.5426857881137,114,1894973
-67.16863802078396,67,1895040
-234.678495859201,91,1895131
-160.13740438054782,69,1895200
-63.393908616029734,68,1895268
-102.2043009481135,94,1895362
-18.36398746418864,94,1895456
-178.77015301068792,68,1895524
-284.55323677953936,77,1895601
-295.7492448886473,99,1895700
-205.40168271418733,79,1895779
-110.60670701258168,62,1895841
-164.2881439767258,62,1895903
-288.16417077266516,106,1896009
-122.21892164464526,92,1896101
-96.35919767867759,65,1896166
-373.8907587853058,98,1896264
-197.13004411325045,89,1896353
-117.80269750795185,85,1896438
-268.0665772673146,96,1896534
-140.46899010728674,57,1896591
-92.40958404576051,76,1896667
-92.6577146100469,65,1896732
-57.549540394668085,70,1896802
-36.63182549588443,92,1896894
-399.0452545736127,94,1896988
23.444875148022078,86,1897074
-349.0893357678416,101,1897175
-6.183909128899472,88,1897263
-77.8606075600911,73,1897336
-114.19552178810483,89,1897425
-127.01962264131645,116,1897541
-130.8212748998852,76,1897617
-104.38903544939271,164,1897781
-167.81532342774662,77,1897858
-14.518130177944442,92,1897950
-88.64626695194293,63,1898013
-358.33115502735495,161,1898174
-222.61431687846897,107,1898281
-97.37946466889021,79,1898360
-87.2403771756816,85,1898445
-139.17263823937165,122,1898567
-285.2815860722661,99,1898666
-253.1368626439309,112,1898778
-145.76086512735634,83,1898861
-410.8995970272181,121,1898982
-273.67845271255555,115,1899097
-200.40942076382095,138,1899235
-78.29845691166062,75,1899310
-93.91170795044376,73,1899383
-461.8811167855343,100,1899483
-471.67137302831765,130,1899613
-74.37101908840981,117,1899730
-182.2177421991899,125,1899855
-106.58681772081349,69,1899924
-244.18810431835269,104,1900028
-218.97970593628412,90,1900118
-352.8511369092616,117,1900235
-453.943267652718,130,1900365
-318.2992398670083,95,1900460
-107.82985445103537,105,1900565
-257.556202239735,119,1900684
-432.07810743367156,105,1900789
-222.09325031692921,80,1900869
-117.0982652069971,97,1900966
-112.9116916463348,103,1901069
-253.12052101434045,106,1901175
-164.84690708488245,96,1901271
-100.77785324124994,72,1901343
-215.9926406262943,94,1901437
-128.03073621992766,91,1901528
-51.88047654188337,80,1901608
-97.6547864261112,65,1901673
-238.15147120340552,93,1901766
-96.34328457731077,81,1901847
-95.99808628805249,73,1901920
-311.772036135574,85,1902005
-148.34943344017069,87,1902092
-181.44171044317602,68,1902160
-126.7808455289437,91,1902251
-417.32128675747947,91,1902342
-160.9162994945824,85,1902427
-129.3566248800456,68,1902495
-279.16351599775044,95,1902590
-154.41186723983418,72,1902662
-136.12342093737504,75,1902737
-234.36433145963997,99,1902836
-133.00340527057224,116,1902952
-168.5545148598428,81,1903033
-90.83883162654124,122,1903155
-91.51101249787588,68,1903223
-491.8184407587633,119,1903342
-186.51563129958998,98,1903440
-35.05663929978546,119,1903559
-124.31863216002787,76,1903635
-313.60179921181316,86,1903721
-76.97966573098478,63,1903784
-127.43934306572154,126,1903910
-490.6681657798355,77,1903987
-67.68149108899642,60,1904047
-236.21153513210214,87,1904134
-149.06818825992232,113,1904247
-100.48654161054753,120,1904367
-153.06598735935174,69,1904436
-375.77170349340247,116,1904552
-278.5192295778665,82,1904634
-117.12588891395495,64,1904698
-101.21566367713639,78,1904776
-120.43015351652312,116,1904892
-89.02951973543529,74,1904966
-493.8574184889373,92,1905058
-178.79322086696317,77,1905135
-25.01667217492313,80,1905215
-132.2235299999886,122,1905337
-189.7377495804247,94,1905431
-130.71027747921588,94,1905525
-82.20910057120753,68,1905593
-82.56850588399257,81,1905674
-115.8573390442675,77,1905751
-188.4983075698408,102,1905853
-103.83602572279617,73,1905926
-144.69195745548433,113,1906039
-367.8729444739515,112,1906151
-165.32454995800833,120,1906271
-230.48318302812956,125,1906396
-130.59211721122108,110,1906506
-79.40542734916689,76,1906582
-250.73975738737585,105,1906687
-135.2659912042688,87,1906774
-238.78900653743048,83,1906857
-97.9235734705349,85,1906942
-189.28047923538236,68,1907010
-110.16359280688542,129,1907139
-161.2476248023436,116,1907255
-145.83664859512552,123,1907378
-183.22025879970545,97,1907475
-139.7025607312088,149,1907624
-218.15384347858964,103,1907727
-121.16534883040443,101,1907828
-250.97755196922137,101,1907929
-55.1122234059215,71,1908000
-115.59177197183307,127,1908127
-368.5233798434884,96,1908223
-252.9239744250653,102,1908325
-2.957721567953115,100,1908425
-186.42824750856147,124,1908549
-56.21789385502823,75,1908624
-299.81827890143256,104,1908728
-233.86273037817972,70,1908798
-121.01590309739674,104,1908902
-254.58946727533234,97,1908999
-118.33237396082734,85,1909084
-137.68224055518826,86,1909170
-132.87855022265725,61,1909231
-122.7922639346491,62,1909293
-201.16028636382663,109,1909402
-200.31669431990773,126,1909528
-221.40746149899485,81,1909609
-270.0851711422649,63,1909672
-49.27926789884057,78,1909750
-236.15335295452093,124,1909874
-233.87806125477564,99,1909973
-195.4832785690444,141,1910114
-465.41684209591443,142,1910256
-126.6646890553191,82,1910338
-99.98730149829622,86,1910424
-112.86401853213458,130,1910554
-135.92548535443035,104,1910658
-181.8653903835658,96,1910754
-446.8609157748,89,1910843
-150.639805975232,92,1910935
-164.76729233869503,85,1911020
-143.40614390333548,75,1911095
-81.77265483195119,89,1911184
-102.82708626228627,61,1911245
-109.01448514035312,121,1911366
-104.29745361232506,68,1911434
-82.16108985924633,83,1911517
-144.19165554810326,59,1911576
-61.70722228611602,123,1911699
-111.62101172058925,76,1911775
-180.73126163402515,97,1911872
-356.073522409712,128,1912000
-253.63969233589162,106,1912106
-201.03050108669458,140,1912246
-131.81462653301895,61,1912307
-514.7551634752394,97,1912404
-330.5034076803804,95,1912499
-146.1646200621858,85,1912584
-119.5962898263302,96,1912680
-474.48009921948454,97,1912777
-351.7737590144345,97,1912874
-121.33687465391931,105,1912979
-185.24223076344236,91,1913070
-203.53631687597164,101,1913171
-367.19864587060556,121,1913292
-104.38857583581122,82,1913374
-238.43939993551572,103,1913477
-166.46693787765236,102,1913579
-109.62772501935848,119,1913698
-301.0743629591019,93,1913791
22.997339316116637,102,1913893
-86.00929326793789,67,1913960
-93.35079819992006,65,1914025
-115.04290950011695,131,1914156
-157.49430526491756,60,1914216
-267.88705479510213,112,1914328
-108.45530758886105,75,1914403
-174.48622932255847,97,1914500
-42.21311142410566,109,1914609
-301.79304619613885,127,1914736
-123.53513119825823,94,1914830
-194.00146673709799,88,1914918
-143.0183996668007,99,1915017
-29.09399385581679,82,1915099
-115.339331917883,83,1915182
-286.21355077424886,106,1915288
-119.61324932864255,86,1915374
-355.34758784588314,91,1915465
-86.69204983447524,104,1915569
-98.68102412272361,69,1915638
-116.5921809498758,82,1915720
-152.6345286460799,152,1915872
-128.31588794987863,86,1915958
-21.231521579794276,120,1916078
-393.254281882484,138,1916216
-232.95557729110806,105,1916321
-330.26400556907976,108,1916429
8.441959652226558,63,1916492
-125.92906161610445,65,1916557
-280.25387823225554,117,1916674
-175.59461868079487,83,1916757
-335.7041224462608,117,1916874
-352.23585321027724,139,1917013
-82.90191706565538,61,1917074
-177.20878616723724,78,1917152
-258.2844610427385,102,1917254
-199.84097485699624,76,1917330
-188.34984234635527,75,1917405
-141.42230430553175,89,1917494
-336.47233611485035,138,1917632
-67.79074258605614,107,1917739
-73.95477600115308,65,1917804
-297.6268843821151,94,1917898
-62.22314115336563,66,1917964
-127.99102669097687,121,1918085
-223.54878846764933,87,1918172
-92.40435561517177,80,1918252
17.351332439713758,95,1918347
-217.66210061918957,82,1918429
-92.7957376191248,63,1918492
-87.51916501477795,124,1918616
-245.33849069073332,109,1918725
-303.61252886165255,89,1918814
-372.72022645099196,119,1918933
-118.65096108816094,59,1918992
-77.49443434747207,65,1919057
-182.61999296819613,98,1919155
-184.99242798875844,88,1919243
-198.400038961536,119,1919362
-355.7395861948148,105,1919467
-285.79286475714764,72,1919539
-420.81359944801295,88,1919627
-97.12322540493125,68,1919695
-421.09282964162236,92,1919787
-55.02613409311802,69,1919856
-72.24154024998955,62,1919918
-251.83190324366106,156,1920074
-238.99024835240468,108,1920182
-253.77291165125314,81,1920263
-92.56572314512401,68,1920331
-273.0386824181305,113,1920444
-224.50973080200168,108,1920552
-85.80948874844974,82,1920634
-404.7912907822926,120,1920754
-371.6316371896422,101,1920855
-70.03806427092474,74,1920929
-131.02378535755855,147,1921076
-335.98563396797147,117,1921193
-69.49350495439653,77,1921270
-332.31695637515236,110,1921380
-319.4101217751406,112,1921492
-8.70607971809585,83,1921575
-354.4725089596046,89,1921664
-165.6882346424036,54,1921718
-120.34236386477569,84,1921802
-177.18799526962403,85,1921887
-175.16202434735453,133,1922020
-237.93230156460172,71,1922091
-126.1431519223349,67,1922158
-102.78186199711489,75,1922233
-124.84701313364239,121,1922354
-100.79195306992918,75,1922429
-430.43396915870267,74,1922503
-302.642391243379,107,1922610
-474.9581393191186,126,1922736
-89.63013946181633,76,1922812
-157.69851642923018,101,1922913
-215.49402201230924,87,1923000
-90.24600056946097,122,1923122
-329.8266552854345,91,1923213
-105.29200347017917,75,1923288
-115.60837316775971,83,1923371
-115.32074868687113,103,1923474
-85.85541491743777,83,1923557
-114.11463411874092,110,1923667
-382.31413403333875,105,1923772
-49.256155620129945,75,1923847
-270.13456700789214,106,1923953
-26.7504944887568,102,1924055
-292.0839627698405,82,1924137
-164.6315750255319,105,1924242
-122.9221395181831,74,1924316
-201.94181808504737,77,1924393
-74.6337284695383,84,1924477
-79.87026239774099,70,1924547
-113.03498763280523,98,1924645
-115.43814033341457,113,1924758
-106.19692094317955,108,1924866
-180.99711707503002,71,1924937
-91.5291832110882,106,1925043
-189.4816118653912,77,1925120
-307.2791084565503,87,1925207
-138.436818951252,89,1925296
-135.56481584569335,117,1925413
-116.13296375131824,77,1925490
-75.4070725512261,80,1925570
-334.58546416183606,100,1925670
-175.78399023869605,98,1925768
-75.82313657425287,63,1925831
-138.22506102233768,78,1925909
-350.76061962344806,122,1926031
-104.01667701144251,81,1926112
-129.19257533091852,96,1926208
-137.8214768114159,102,1926310
-146.60883887352156,57,1926367
-209.87777133656493,74,1926441
-209.8887327135913,126,1926567
-87.20466831102253,69,1926636
-92.0367200359883,57,1926693
-425.8302506770728,93,1926786
-219.62399997109338,99,1926885
-253.87975821119164,101,1926986
-279.9863574584065,115,1927101
-197.89861916274705,122,1927223
-303.6266027816609,96,1927319
-132.6317982268596,59,1927378
-86.12161692805384,60,1927438
-231.0870620326258,108,1927546
-202.70546675604254,78,1927624
-118.5923049547918,69,1927693
-133.76673729589135,84,1927777
-119.6693566717861,89,1927866
-130.49881974723678,85,1927951
-207.50276151607932,71,1928022
-114.42952711893348,93,1928115
-95.98085895974162,97,1928212
-303.8095984344758,115,1928327
-83.62401831363479,103,1928430
-39.93682463968271,124,1928554
-286.12927874287124,109,1928663
-152.0555255372883,114,1928777
-184.561106161485,122,1928899
-420.18411329864057,128,1929027
-106.26221080983358,80,1929107
-230.1240885058138,76,1929183
-28.068552894354013,138,1929321
-205.73631777568383,86,1929407
-26.937368734222048,95,1929502
-78.76817493956707,60,1929562
-182.03248254195887,63,1929625
-5.168182447597047,76,1929701
-322.0309635861321,88,1929789
-139.541877056035,100,1929889
-103.95425494334506,82,1929971
-310.2128981646836,106,1930077
-289.1662478613953,90,1930167
-365.36389970886836,85,1930252
-62.646366086361624,63,1930315
-7.772830989400447,161,1930476
-103.0460912834943,80,1930556
-85.00619023372819,66,1930622
-86.89742783123121,111,1930733
-324.4951548937806,101,1930834
-122.91722194298585,80,1930914
-97.77296052449533,110,1931024
26.24937484093644,97,1931121
-146.99903342432899,75,1931196
-206.46265850134841,71,1931267
-124.08642350384825,80,1931347
-276.60523248431537,122,1931469
-217.519730823479,82,1931551
-179.8331188864376,88,1931639
-80.52282711923854,66,1931705
-133.497304796055,77,1931782
-12.349288425946867,64,1931846
-470.105269146541,141,1931987
-97.52776512290487,131,1932118
-129.13222632633472,74,1932192
-103.58374333053551,87,1932279
-301.2960617468242,88,1932367
-276.7122999889226,85,1932452
-158.26518726049216,60,1932512
-363.0383582900313,91,1932603
-156.32474089674616,105,1932708
-168.9361962364602,107,1932815
-250.819027213857,96,1932911
-95.3715512957086,89,1933000
-664.1161130338445,120,1933120
-96.41583239453863,64,1933184
-144.71599333870986,66,1933250
-417.63997498978836,153,1933403
-199.06037718241413,114,1933517
-189.6817299402963,95,1933612
-103.61931346515105,97,1933709
-369.9359429457008,92,1933801
-332.15931076865525,114,1933915
-273.41282890023,96,1934011
-128.40883648027705,62,1934073
-362.67757003182044,101,1934174
-172.25022716091456,88,1934262
-78.7364364551423,65,1934327
-122.20935175200557,83,1934410
-90.20724525530116,61,1934471
-349.90617965009426,80,1934551
-198.98680368600725,69,1934620
-89.2557608871799,88,1934708
-174.1470354250476,78,1934786
-67.78611775184383,91,1934877
-141.7568080599454,84,1934961
-154.53046476429375,75,1935036
-333.0319636080252,117,1935153
-257.3491037507879,108,1935261
-388.49037049386214,105,1935366
-355.80501688157585,99,1935465
-73.59299725740071,65,1935530
-59.80205334321152,73,1935603
-167.64066357517635,78,1935681
-379.23882449028537,91,1935772
-86.74459430238427,53,1935825
-48.02477080805277,75,1935900
-111.50029207703989,95,1935995
-143.46227897523627,91,1936086
-151.08533611015292,138,1936224
-292.66173773853455,118,1936342
-77.83870820349632,123,1936465
-114.67130771100582,71,1936536
-26.23573604743737,131,1936667
-345.91356030614895,92,1936759
-320.6485536205007,100,1936859
-93.10953231215575,74,1936933
-357.97418508959987,127,1937060
-101.4585437185927,62,1937122
-196.09820110731752,95,1937217
-153.3599076032305,133,1937350
-156.20184950455177,68,1937418
-85.91453318778795,66,1937484
-407.22957150113587,107,1937591
-171.3255134693337,102,1937693
-116.75424107397833,77,1937770
-442.9132304117254,102,1937872
-93.86762607317661,131,1938003
-104.76617125150511,90,1938093
-178.7951548679288,79,1938172
-83.89584942112953,66,1938238
-89.64993687676599,76,1938314
-299.79285124934904,130,1938444
-413.88623708312576,96,1938540
-132.25623538090736,116,1938656
-101.11556291086394,95,1938751
-244.65347324403868,97,1938848
-163.16220028359723,73,1938921
-366.48007785479365,132,1939053
-149.6764129717729,82,1939135
-101.47062614203332,60,1939195
-241.5736027490313,76,1939271
-123.89439049929946,95,1939366
15.594214437753308,77,1939443
-132.03258019348678,88,1939531
-124.97138992703026,94,1939625
-106.36397406911078,84,1939709
-74.450464733932,73,1939782
-84.1551505196939,84,1939866
-361.32236598486986,88,1939954
-148.39395315748908,105,1940059
-88.53868040271617,73,1940132
-91.59998761186321,111,1940243
-88.03214508897176,67,1940310
-311.1606416165507,96,1940406
-204.7282428535529,87,1940493
-103.52705410196523,61,1940554
-82.56189468569025,57,1940611
-127.0581431728634,96,1940707
-392.82545116616444,75,1940782
-165.94564543148195,83,1940865
-345.9509945445051,94,1940959
-33.1917018691603,92,1941051
-146.5257236473541,64,1941115
-238.2436091093115,96,1941211
-171.72838397870908,124,1941335
-15.626511756986602,122,1941457
-93.02377447043565,92,1941549
-240.9509361807954,105,1941654
-70.80798731990649,60,1941714
-312.16660503261465,102,1941816
-128.4162869225019,92,1941908
-86.27147455632304,69,1941977
-248.47005987766678,102,1942079
-107.65472694044784,112,1942191
-164.36931231309842,85,1942276
-47.279808922303474,89,1942365
-118.41832556131251,90,1942455
-105.36322101241859,62,1942517
-48.74559693673545,66,1942583
-99.7828098004608,69,1942652
-106.63508336195812,74,1942726
-197.85236979539425,75,1942801
-389.2332338942442,124,1942925
-254.0031584849107,102,1943027
-90.9464809545615,129,1943156
-366.97627130396626,93,1943249
-380.3757555335033,81,1943330
-438.5023946466287,90,1943420
-247.7185942697381,65,1943485
-107.13140137207975,83,1943568
-100.88462386496883,71,1943639
-202.33682585293982,59,1943698
-121.82905531593684,63,1943761
-235.50853139293613,89,1943850
-186.75178116291067,105,1943955
-129.40330708718596,84,1944039
-316.27503155858676,79,1944118
-48.14749008427801,119,1944237
-127.80996630811649,76,1944313
-92.80470344874378,80,1944393
93.3448954683791,1000,1945393
-279.28130072299336,102,1945495
-82.03998920944103,111,1945606
-250.2937860727048,119,1945725
-409.3986501439666,111,1945836
-215.45129548706757,118,1945954
-111.64005125259483,98,1946052
-125.88231244876917,86,1946138
-283.74158416852015,153,1946291
-208.26483433376706,112,1946403
-361.4732093941407,115,1946518
-258.3416930628282,130,1946648
-376.18142999534297,118,1946766
33.2208247826926,79,1946845
-242.1130992911079,118,1946963
-120.35265639154677,110,1947073
-101.79610809778724,62,1947135
-137.52227290248277,103,1947238
-90.76521646954953,77,1947315
-93.16901145161131,68,1947383
-167.48371622195185,58,1947441
-348.6176515407259,131,1947572
-254.2715071578433,123,1947695
-206.19946507672086,63,1947758
-291.7149174398129,71,1947829
-254.06278818940083,95,1947924
-136.62072954816773,73,1947997
-89.90937285423092,62,1948059
-199.7003462955287,75,1948134
-129.1392339105006,86,1948220
-66.36606506415876,72,1948292
-243.7355677593493,127,1948419
-78.78964623142548,83,1948502
-86.8347541775039,116,1948618
-20.55285362869762,66,1948684
-174.04929700389783,110,1948794
-236.68503569064632,77,1948871
-91.2440305001805,73,1948944
-76.2816021966133,75,1949019
-112.73687583383861,79,1949098
-226.07309080101453,143,1949241
-304.89856062057083,106,1949347
-94.02246185544266,75,1949422
-183.0292944384085,98,1949520
21.763462181323135,75,1949595
-236.89032246615687,104,1949699
-99.16020782529881,75,1949774
-76.94138278247982,69,1949843
-124.36259695291196,78,1949921
-221.10654258050624,84,1950005
-82.89334965991321,106,1950111
-214.7108929698927,110,1950221
-213.38039545606262,69,1950290
-364.25643833739707,103,1950393
-186.89552003973682,72,1950465
-83.43728539186394,71,1950536
-89.2598255882498,68,1950604
-99.67305960471825,73,1950677
-293.33654929285484,99,1950776
-552.2336030438258,120,1950896
-116.30142737531821,122,1951018
-474.3523220615772,95,1951113
-368.30114440209843,107,1951220
-83.26559744866616,59,1951279
-122.89176657229217,86,1951365
-155.1154464313147,71,1951436
-54.12711566215113,76,1951512
-250.31243523240104,59,1951571
-150.85204399137302,104,1951675
-212.00742017115473,107,1951782
-282.4204141410754,105,1951887
-171.22308773485636,121,1952008
-113.28213250491451,65,1952073
-474.88351765078653,125,1952198
-132.71267451358406,89,1952287
-158.37292055128856,75,1952362
-154.16542640377912,74,1952436
-106.82184431586771,69,1952505
-90.19525635389785,103,1952608
-193.87120135365643,112,1952720
-116.83124492063631,95,1952815
-190.53829184585825,78,1952893
-34.0056035136876,84,1952977
-274.8606012606075,105,1953082
-131.92439971638873,81,1953163
-271.9322263065452,114,1953277
-340.13065794920715,108,1953385
-252.61850628634673,99,1953484
-120.43822362292194,91,1953575
-43.69881059366501,73,1953648
-282.9271082377269,103,1953751
-63.35752984151111,86,1953837
-159.3872009014958,87,1953924
-235.8463326267144,103,1954027
-118.4492272530444,109,1954136
-123.63732191853084,65,1954201
-148.09964603718868,156,1954357
-206.37774467803735,71,1954428
-149.13565983549609,59,1954487
-17.642287144860006,90,1954577
-142.32605081506034,92,1954669
-402.4823641150808,102,1954771
-85.67110219553052,59,1954830
-77.37370067949338,67,1954897
-157.97829136595132,81,1954978
-93.20801899551375,71,1955049
-316.13685677790266,120,1955169
-56.201380935453486,70,1955239
-266.09791622498653,78,1955317
-139.6836316494867,68,1955385
-521.9468232559586,94,1955479
-193.1993318512634,107,1955586
-117.78712754987104,78,1955664
-105.0206343020206,112,1955776
-152.81825888695414,60,1955836
-195.30726774261382,84,1955920
-116.86175192758473,109,1956029
-145.33333647822343,102,1956131
-78.01782057319828,106,1956237
-124.64728572551324,81,1956318
-101.2245383370465,61,1956379
-165.83657074918872,124,1956503
-226.6521813329747,77,1956580
-240.73759326062938,82,1956662
-190.49619140923585,62,1956724
-204.74434206697822,76,1956800
-120.44990492673293,88,1956888
-118.90749211603652,71,1956959
-68.22021881606739,61,1957020
-251.0254485287852,92,1957112
-268.2520151997495,60,1957172
-135.8250089117294,113,1957285
-135.34808796496074,69,1957354
-93.83385045314107,87,1957441
-105.79681369818836,110,1957551
-135.08004040328603,132,1957683
-245.34677418353812,117,1957800
-211.4009964856184,72,1957872
-152.62461153891746,74,1957946
-103.67062425878376,61,1958007
-162.3296356714876,101,1958108
-155.40353549210806,74,1958182
-110.27262602026519,76,1958258
-335.02581879521716,122,1958380
-462.6208375631547,102,1958482
-128.4622578792243,77,1958559
-83.25391705615404,82,1958641
-152.8042213516267,93,1958734
-183.19399734226857,107,1958841
-126.4178037922646,67,1958908
-134.78546270670034,129,1959037
-105.69978381736281,68,1959105
-162.57280524128197,85,1959190
-152.6533648287588,112,1959302
-113.32144874448501,105,1959407
-126.7547363947108,87,1959494
-160.47833415413083,61,1959555
-126.28423861326678,74,1959629
-115.28632650220477,63,1959692
-160.57668361075304,88,1959780
-72.98071758710373,103,1959883
-157.44727919638603,98,1959981
-143.23670778049166,73,1960054
-223.0294876274743,114,1960168
-286.5689448741475,74,1960242
-112.95656923704101,71,1960313
-225.81218529314404,112,1960425
-126.91594087542896,151,1960576
-117.87920487721772,79,1960655
-313.42441373748306,101,1960756
-69.8337705338678,72,1960828
-119.91208401953241,100,1960928
-87.40252637861,69,1960997
-100.79119685508641,79,1961076
-100.35298214399079,67,1961143
-92.74138073188848,72,1961215
-266.32328460862334,102,1961317
-117.50116784437284,73,1961390
-103.7995583987392,151,1961541
-202.1919818693691,109,1961650
-108.93864652573549,69,1961719
-91.46834734537637,80,1961799
-112.75443362885252,134,1961933
-262.1685263701381,110,1962043
-116.61613818534431,90,1962133
-107.37633787906454,64,1962197
-261.273053840844,102,1962299
-82.15568304031396,86,1962385
-53.482730418272524,82,1962467
-264.24363446660925,80,1962547
-332.56932665955895,98,1962645
-115.08514040676708,93,1962738
-146.38754388095418,62,1962800
-113.07829171410978,74,1962874
-280.56854191983655,127,1963001
-178.00914987755402,119,1963120
-401.19150304627647,105,1963225
-77.04231946755561,68,1963293
-110.62443781113798,61,1963354
-277.7873783523524,83,1963437
-110.468726574584,60,1963497
-91.5910941788303,68,1963565
-51.12551485547211,68,1963633
-201.15352103612815,87,1963720
-217.3751335816859,73,1963793
-133.49107770031773,68,1963861
-303.27731307091733,99,1963960
-77.50446139201426,62,1964022
-185.00023603658738,82,1964104
-166.434930039483,82,1964186
-104.79004254021577,71,1964257
-128.4786220402512,68,1964325
-184.84315041820298,84,1964409
-96.60083211525414,65,1964474
-224.3586952716674,66,1964540
-139.5072415933961,98,1964638
-337.71366551692074,88,1964726
-178.06443572562807,60,1964786
-140.89801516586732,88,1964874
-180.55977299420212,69,1964943
-219.66520577911535,75,1965018
-95.97869045692575,69,1965087
-142.17321584305574,108,1965195
-367.0808063155746,89,1965284
-266.3616090230847,86,1965370
-226.01857556580427,70,1965440
-18.242156560286475,113,1965553
-170.2893303706444,73,1965626
-60.800556724184496,119,1965745
-116.20717042321121,134,1965879
-105.59596492048821,72,1965951
-101.67062667777232,102,1966053
-101.21991578239101,75,1966128
-144.64259218735793,107,1966235
-176.5032546763701,77,1966312
-366.8316294188384,108,1966420
-522.1992684832294,81,1966501
-108.63786803007336,92,1966593
-132.3640187276322,66,1966659
26.724739832615356,162,1966821
-211.95942447678732,103,1966924
-67.3736834253522,73,1966997
-137.1555666661753,76,1967073
-170.24372105114224,80,1967153
-59.847204278872326,124,1967277
-265.00611775434317,105,1967382
-291.0248232729564,92,1967474
-161.8094649645572,81,1967555
-260.32092186772906,79,1967634
-292.66275236456215,98,1967732
-100.53983710836968,69,1967801
-105.31419981050196,81,1967882
-248.05884048898633,119,1968001
-140.91527476585773,128,1968129
-237.21462978226447,133,1968262
-140.79883720373482,119,1968381
-47.43753025280411,95,1968476
-117.68489440396388,99,1968575
-162.40739589550745,95,1968670
-402.4834521999781,96,1968766
-184.93125283755325,74,1968840
-205.77988391900806,83,1968923
-364.5473785746879,97,1969020
-87.71049998900621,66,1969086
-128.0217083683974,69,1969155
-108.02042714337259,111,1969266
-151.89410311715238,61,1969327
-135.7544411160771,108,1969435
-358.68419407889144,89,1969524
-131.7104103591445,79,1969603
-310.76470569249807,77,1969680
-131.95633533785477,70,1969750
-128.0725755082951,64,1969814
-31.71051523886817,72,1969886
-88.20942038171503,65,1969951
-374.5162340446184,92,1970043
-70.93511393199353,110,1970153
-254.08492657981878,82,1970235
-253.54079919716722,114,1970349
-144.61834803179,90,1970439
-71.30093793051488,70,1970509
-113.91698497849889,94,1970603
-193.3979094066508,70,1970673
-308.8523568666037,103,1970776
-110.76268409813777,62,1970838
-108.61187991318906,64,1970902
-344.4157313443401,140,1971042
-94.10668070210907,68,1971110
-261.35139919140215,120,1971230
-98.36539581241097,70,1971300
-261.6270837289702,124,1971424
-327.3385554016526,109,1971533
-303.7787594857155,84,1971617
-401.3062743607535,116,1971733
-161.87657776471832,88,1971821
-128.8452322905725,69,1971890
-105.6696769193432,71,1971961
-94.27173934971232,105,1972066
-163.01813692937196,85,1972151
-87.98045050312857,72,1972223
-347.31711722289606,97,1972320
-209.78901397808272,69,1972389
-292.7853973075256,88,1972477
-223.59358397662828,72,1972549
-142.8113656226242,83,1972632
-166.942745656009,79,1972711
-249.52929741485127,98,1972809
-87.21753243658307,64,1972873
-338.55863557714247,100,1972973
-96.34891227004292,64,1973037
-411.43900583503904,117,1973154
-112.06443575054055,80,1973234
-501.40615382011407,95,1973329
-139.1918202960672,70,1973399
-211.1895734880685,91,1973490
-518.402357086475,91,1973581
-110.62256863113636,60,1973641
-93.81433100779469,76,1973717
-62.43351533426989,114,1973831
-125.20089992563791,103,1973934
-89.35067255435231,65,1973999
-453.210975141465,133,1974132
-80.44532360062921,90,1974222
-109.96009512918258,89,1974311
-31.11073296243491,94,1974405
-218.8501745186601,115,1974520
-261.1309396982225,104,1974624
-88.45282021507859,70,1974694
-228.34346625230555,113,1974807
-125.84302389103408,92,1974899
-117.36656739539879,61,1974960
-171.72244195118014,116,1975076
-126.13097807819703,84,1975160
-116.13868283298143,62,1975222
-161.3662968274224,76,1975298
-16.90551690062067,84,1975382
-294.35950034584795,138,1975520
-89.3671126970187,67,1975587
-251.5461746437877,107,1975694
-116.86419919570073,118,1975812
-268.2835423447466,80,1975892
-169.306216915299,66,1975958
-316.4745639562532,83,1976041
-151.672716868515,87,1976128
-135.9987220280235,93,1976221
-109.20693868226351,58,1976279
-451.59882114479115,103,1976382
-206.8077211700715,73,1976455
-89.6243865061005,77,1976532
-94.45783732930722,73,1976605
-269.1543430548883,109,1976714
-127.85885802965963,93,1976807
-90.35426269359996,64,1976871
-461.7267763081104,95,1976966
-185.73067840639217,75,1977041
-55.39158965423148,72,1977113
-449.7536677679589,87,1977200
-248.00163627158585,73,1977273
-376.0795624973166,107,1977380
-321.23751070923373,95,1977475
-75.35832173144213,69,1977544
-355.1922982267754,97,1977641
-110.57213618311386,68,1977709
-234.07843539401395,94,1977803
-90.49429771512807,72,1977875
-103.2649424590578,57,1977932
-441.33580608898876,91,1978023
-155.57350515733168,78,1978101
-76.41888179211098,76,1978177
-328.29659349313806,96,1978273
-248.16898903908034,129,1978402
-113.8666360875208,80,1978482
-122.48026842513414,71,1978553
-89.62835860300468,98,1978651
-66.38250909206212,57,1978708
-74.72100775691456,114,1978822
-11.625304874533285,109,1978931
-256.34405194672775,95,1979026
-154.83512801008197,111,1979137
-96.97111868400961,77,1979214
-78.70914439215566,62,1979276
-250.4247835683792,91,1979367
-296.7495605216172,123,1979490
-392.1736172210972,101,1979591
-112.53293281588756,84,1979675
-113.83907533604696,75,1979750
-61.19540121689627,62,1979812
-142.1805604013581,126,1979938
-91.87508125508221,61,1979999
-163.65645819794906,104,1980103
-106.46904031260155,123,1980226
-155.40881839727695,70,1980296
-78.47393457894725,103,1980399
-75.85467707577439,80,1980479
-367.5231608415633,99,1980578
-202.69123175302676,122,1980700
-138.11542080730385,83,1980783
-280.68835660843877,100,1980883
-98.84732030585799,97,1980980
-79.83499822984922,84,1981064
-147.97040486608898,140,1981204
-143.15842179298522,84,1981288
-403.9818159892526,97,1981385
-346.45821152107646,106,1981491
-153.57129177902223,105,1981596
-334.62626076596894,119,1981715
-90.7064158399473,107,1981822
-116.11904415314247,131,1981953
-223.82834277311957,74,1982027
-363.3442228754838,129,1982156
-104.86328008439256,90,1982246
-255.75186272991272,102,1982348
-106.78636590205572,102,1982450
-92.42235551784182,78,1982528
-87.9487361412269,92,1982620
-334.9725627887773,76,1982696
-126.2859396250721,126,1982822
-148.50280661686702,120,1982942
-104.36870200913806,82,1983024
-85.91927808578492,114,1983138
-182.3547707349105,124,1983262
-104.58546331185273,81,1983343
-405.96238082725586,107,1983450
-120.31007397526129,54,1983504
-101.9633808858329,92,1983596
-205.30183706195086,73,1983669
-141.15822728512785,89,1983758
-193.4092497520998,103,1983861
-269.3590076193119,125,1983986
30.471002010342886,72,1984058
-439.1646183856579,97,1984155
-120.90026489752321,112,1984267
-74.82871851903289,67,1984334
-91.35165179599022,76,1984410
-112.9559321316423,92,1984502
-80.90004215353508,113,1984615
-104.99163493864756,72,1984687
-183.54782897046107,73,1984760
-187.054819595291,82,1984842
-177.61982966561976,84,1984926
-206.25674671531553,92,1985018
-71.79347158200895,118,1985136
-89.46346332643314,61,1985197
-185.33555468210295,80,1985277
-113.63763955533683,77,1985354
-97.64471421681895,94,1985448
-112.17154449895584,71,1985519
-97.69543417682212,100,1985619
-215.87561439937275,77,1985696
-112.97599026432177,72,1985768
-384.1380558811259,128,1985896
-130.21925393806367,87,1985983
-38.55188123239597,144,1986127
-363.4304725407805,124,1986251
-103.88739973020317,67,1986318
-334.2969213938744,103,1986421
-22.611192873921595,83,1986504
-130.95074639035062,63,1986567
-352.58298493361417,77,1986644
-52.246106273794105,61,1986705
-113.9568664927292,143,1986848
-153.92383057505361,130,1986978
-186.50190817677026,92,1987070
-129.4587672209574,72,1987142
-448.7623543522271,89,1987231
-206.1359474471637,88,1987319
-103.84519326868187,79,1987398
-335.4408034882248,148,1987546
-402.7932387135121,110,1987656
-383.759099886334,92,1987748
-223.43038869111768,110,1987858
-208.87506684766947,77,1987935
-126.94081102995335,141,1988076
-89.13453334543144,118,1988194
-483.10701138863936,95,1988289
-138.45898354905285,69,1988358
-124.62187122546068,116,1988474
-192.79689216598564,83,1988557
-273.7242711479194,138,1988695
-214.56676894475817,105,1988800
-364.2075438201788,123,1988923
-201.8992120658009,105,1989028
-108.81999013378866,72,1989100
-121.7602869080502,75,1989175
-125.53765300087954,81,1989256
-346.37432966314435,93,1989349
-82.70486390099617,73,1989422
-97.49390842557524,66,1989488
-356.5514079533758,87,1989575
-108.55835921308429,82,1989657
-69.12596787666375,65,1989722
-113.97698878290758,72,1989794
-143.23798486188628,102,1989896
-40.00095728104971,90,1989986
-293.20154878929264,99,1990085
-158.40210443845325,89,1990174
-229.86264133179802,104,1990278
-149.60964946043305,111,1990389
-193.9715354236521,80,1990469
-137.95795285504323,116,1990585
-94.08955765205765,86,1990671
-132.62136413977836,94,1990765
-75.54683029841628,75,1990840
-267.73195373992246,89,1990929
-176.56945633428091,73,1991002
-83.96226786496337,76,1991078
-240.6630779605908,102,1991180
-139.34764583870412,80,1991260
-192.03590557496233,91,1991351
-89.56519761059288,108,1991459
-4.609982152247909,73,1991532
-203.78963082488718,90,1991622
-134.64144032320354,64,1991686
-313.679423284721,70,1991756
-104.39674601851263,88,1991844
-215.31703414943635,109,1991953
-341.4986130743936,93,1992046
-159.71574539016763,79,1992125
-168.58383650640354,84,1992209
-132.03546782658114,77,1992286
-172.36402693643078,92,1992378
-187.6775036758333,67,1992445
-239.89776616156118,91,1992536
-217.94791175546374,60,1992596
-148.5668507891151,129,1992725
-10.316700925752286,80,1992805
-233.87831905859483,93,1992898
-26.706061805787712,115,1993013
-123.37178691131595,122,1993135
-263.86429458037776,125,1993260
-192.29281519806955,91,1993351
-143.8100637951415,73,1993424
-172.3810306062807,81,1993505
-92.5703950965439,66,1993571
-98.0222875670548,90,1993661
-54.08593917342963,69,1993730
-221.5504215382503,66,1993796
-154.38136111910183,69,1993865
-99.22853072520246,89,1993954
-136.32257422497278,72,1994026
-147.13530185082175,86,1994112
-65.92594459049657,74,1994186
-372.2744610729945,122,1994308
-317.79844189180056,89,1994397
-117.89258813009224,108,1994505
-450.00738268749404,106,1994611
-364.61151011222637,130,1994741
-94.71576105646172,88,1994829
-136.3759346953862,98,1994927
-247.0525169786916,90,1995017
-338.4410077104135,104,1995121
-114.5133306081753,80,1995201
-87.14291257016599,89,1995290
-216.63726836639051,130,1995420
-116.44028031138275,63,1995483
-231.57627792842976,94,1995577
-223.4595642581146,101,1995678
-111.228212142772,63,1995741
-125.02985105103578,110,1995851
-124.07270537562115,137,1995988
-325.3469480502756,83,1996071
-83.13253852268441,80,1996151
-109.10478961106287,74,1996225
-388.87001972258554,85,1996310
38.446960953446734,92,1996402
-350.65310126296066,99,1996501
-156.27517675951532,90,1996591
-120.87233451379555,74,1996665
-424.7194946305327,128,1996793
-294.4874853436919,89,1996882
-142.9884886322721,92,1996974
9.472441386240234,101,1997075
-124.74621473264517,103,1997178
-112.19486582318285,63,1997241
-196.93370660101274,109,1997350
-425.4304664758352,116,1997466
-101.31282107018691,87,1997553
-455.49233667964467,101,1997654
-120.01756767478368,99,1997753
-37.13223930200287,121,1997874
-194.35954304960558,128,1998002
-308.9576880874222,117,1998119
-252.60796173080126,100,1998219
-86.1336608510251,61,1998280
-95.50832983367499,61,1998341
-135.73365842346573,81,1998422
-81.11678691246595,86,1998508
-243.45782203877073,84,1998592
-170.03261423550876,64,1998656
-142.21744899252582,99,1998755
-92.02582729501717,78,1998833
-88.19168009008125,89,1998922
-167.79145448654162,71,1998993
-337.99895803243203,104,1999097
-113.93585821911309,68,1999165
-439.50118384014365,98,1999263
-321.679266534716,122,1999385
-94.49429630376615,83,1999468
-245.10474298989763,88,1999556
-99.52430470862058,114,1999670
-216.27005638603282,93,1999763
-282.5382644937304,101,1999864
-94.53993086074888,66,1999930
-98.80020054105259,61,1999991
-355.04642136295024,104,2000095
-163.32783729098014,128,2000223
-244.38495785932105,108,2000331
-346.10635122611853,120,2000451
-191.73625435170214,131,2000582
-137.31870743652567,72,2000654
-244.53714689437425,118,2000772
-102.49058386431328,69,2000841
-189.77225615655428,80,2000921
-162.8187364249224,108,2001029
-245.3023333395276,114,2001143
-112.52466078573727,66,2001209
-113.54656903749284,81,2001290
-115.91839110272034,75,2001365
-71.98850150436213,59,2001424
-83.76033322884653,108,2001532
-93.89001693553948,91,2001623
-153.44331192283113,78,2001701
-95.80684821372718,81,2001782
-115.7751025502307,84,2001866
-97.40978645631452,83,2001949
-323.7246716085518,119,2002068
-190.85524558005903,136,2002204
-76.6100631701766,66,2002270
-206.4235011955916,82,2002352
-83.14488930368138,84,2002436
-188.60504340580655,76,2002512
-128.3214809725526,104,2002616
-194.93663548906596,108,2002724
-363.66482126673117,89,2002813
-201.52209230799582,147,2002960
-187.60442138696277,54,2003014
40.36282601165371,1000,2004014
-64.97891646349822,60,2004074
-85.3116998496983,68,2004142
-435.8374846259561,139,2004281
-113.87689287629831,86,2004367
-105.99161723426097,74,2004441
-135.39810954815192,83,2004524
-65.25001136303064,69,2004593
-85.22898171984892,64,2004657
-403.1812713842035,91,2004748
-107.02502490995536,120,2004868
-98.56951358052244,67,2004935
-439.3262308943602,131,2005066
-113.7587648898742,99,2005165
-85.98386404212927,110,2005275
-437.3112327283746,100,2005375
-70.21837464391145,75,2005450
-99.55054094698379,70,2005520
-412.293832075173,79,2005599
-113.04976086783967,65,2005664
-323.06020471708905,86,2005750
-386.67359522135837,124,2005874
-126.96541503095712,93,2005967
-368.7814398374622,119,2006086
-220.5957749322168,108,2006194
-84.20970483935574,80,2006274
-60.108747006302,62,2006336
-359.881917236385,104,2006440
-152.82332770212014,108,2006548
-226.37438942692393,112,2006660
-265.48074912867384,116,2006776
-141.1591324292013,105,2006881
-106.24374407985697,88,2006969
-40.390879375396466,77,2007046
-58.01291355283185,72,2007118
-90.9989960817883,78,2007196
-139.49825962960523,66,2007262
-188.38395037687386,116,2007378
-305.9887059099565,87,2007465
-360.47386935713087,80,2007545
-142.66922181356318,65,2007610
-150.79116338975817,66,2007676
-61.4057833760273,64,2007740
-60.58296659680997,100,2007840
-319.16591983667524,131,2007971
-416.00098375655455,103,2008074
-308.73707892491757,128,2008202
-353.2799215010785,83,2008285
-152.00914465953008,105,2008390
-110.22153561953759,104,2008494
-86.04191974349236,105,2008599
-116.23293929576073,110,2008709
-175.28786898504973,135,2008844
-131.2419848695913,99,2008943
-98.43246489691504,67,2009010
-211.8797216489502,127,2009137
-232.16903522522958,117,2009254
-83.25964746967803,68,2009322
-224.79290807326805,78,2009400
-141.48842547145654,115,2009515
-182.92000126304848,113,2009628
-164.91760788277878,79,2009707
-300.82834786924246,74,2009781
-117.7180343549634,75,2009856
-143.73333113521755,122,2009978
26.552151698077722,73,2010051
-90.85796139530021,61,2010112
-141.8089174809798,82,2010194
-105.96289451139924,60,2010254
-151.6159113106543,71,2010325
-390.7283794530195,70,2010395
-91.04833275969384,64,2010459
-205.4237981152717,170,2010629
-112.83877753684607,70,2010699
-119.92259656369345,97,2010796
-114.78037486587476,80,2010876
-120.06541051149023,57,2010933
-215.7938084909442,91,2011024
-466.96159174327477,95,2011119
-7.184951723512199,100,2011219
-84.1368771519956,59,2011278
-242.32916652806549,105,2011383
-486.1384858210198,98,2011481
-173.2769441813928,103,2011584
-237.5301521403241,114,2011698
-112.52705297196069,56,2011754
-94.09630139875303,62,2011816
-113.1554771026591,66,2011882
-483.7895692724308,126,2012008
-203.51763416621918,80,2012088
-51.867009972543194,62,2012150
-72.62650208185349,90,2012240
-31.094971055016586,79,2012319
-421.7253417666493,107,2012426
-94.0496240142287,89,2012515
-153.03117766512085,105,2012620
-84.66118035012981,91,2012711
-227.59408356440844,142,2012853
-86.76428009397844,63,2012916
-96.56773882285485,78,2012994
-88.16852345182147,60,2013054
-74.48899228247598,102,2013156
-94.54783652935261,89,2013245
-141.49355127506297,85,2013330
-330.2595947877298,79,2013409
-144.4133220206046,122,2013531
-95.63523602947004,92,2013623
-79.56622809312047,126,2013749
-316.55064160730547,71,2013820
-72.45921527781283,65,2013885
-177.2090019873403,69,2013954
-295.1130584786233,102,2014056
-372.5023760728212,112,2014168
-227.0751104318482,92,2014260
-182.55099562946026,104,2014364
-102.57535867638683,66,2014430
-240.99938063396675,96,2014526
-125.9643091799193,84,2014610
-171.97736119940947,78,2014688
-457.8632175126954,89,2014777
-92.91530624779966,63,2014840
-98.7068753513573,72,2014912
-134.04830787371202,79,2014991
-171.2116979905718,83,2015074
-105.65025423911507,92,2015166
-415.71892836307285,114,2015280
-80.40644812425305,87,2015367
-114.6293543313054,78,2015445
-349.152580894078,103,2015548
-437.1943675390588,110,2015658
-325.0118700384448,120,2015778
-283.4808057307763,110,2015888
-111.83436880133955,143,2016031
-47.9245673374864,118,2016149
-166.88550224166656,91,2016240
-80.45198365111077,73,2016313
-384.45566787853556,92,2016405
-55.36645408117292,73,2016478
-231.47846154320763,110,2016588
-120.00038158387846,81,2016669
-529.5681570716389,117,2016786
-231.64347913016246,139,2016925
-101.81497471791256,71,2016996
-193.22885627376144,125,2017121
-66.54672663920738,86,2017207
29.43230216353743,96,2017303
-92.3925004540208,93,2017396
-123.87291744727551,91,2017487
-195.88965552555874,126,2017613
-114.80568810421491,61,2017674
-237.15500539715347,104,2017778
-251.96362716893742,68,2017846
-231.7468700436028,88,2017934
-190.06530652674917,63,2017997
-380.34691957904397,80,2018077
-172.74284282546495,82,2018159
-193.9660869264083,61,2018220
-306.93795015761236,99,2018319
-93.12828563434799,76,2018395
-26.92869737418262,115,2018510
-109.7035585707335,113,2018623
-89.21524344205824,66,2018689
-132.95820904993639,86,2018775
-102.89396317059466,137,2018912
-112.63917972325439,58,2018970
-230.30947132363679,103,2019073
-72.83216834540795,123,2019196
-130.1355343680995,79,2019275
-404.4484162148844,106,2019381
-156.01192435572577,124,2019505
-364.4702738624281,101,2019606
-196.9727572861296,89,2019695
-130.21973381185364,88,2019783
-353.3469481367109,97,2019880
-107.73999993351141,108,2019988
-70.02067507685842,131,2020119
-250.9746561489398,108,2020227
-120.30130522199386,86,2020313
-177.91357230879655,103,2020416
-142.88513470215713,76,2020492
-333.5781863710024,102,2020594
-137.08236063794035,65,2020659
-121.1913140461883,116,2020775
-142.47803791884579,89,2020864
-445.2366212069657,91,2020955
-192.32400988050432,72,2021027
-112.10744580716366,68,2021095
-51.105405349605434,89,2021184
-102.8053873530921,101,2021285
-128.9526253045397,95,2021380
-220.0112321294429,71,2021451
-61.252038164004446,69,2021520
-343.6715297256503,92,2021612
-90.40163493898785,60,2021672
-128.07436367598183,121,2021793
-332.11789539206893,107,2021900
-119.61071308244827,68,2021968
-145.52671389120746,75,2022043
-217.9283358120254,136,2022179
-327.45417218112357,90,2022269
-194.50156483297377,80,2022349
-329.49359195593047,90,2022439
-409.1489111756629,103,2022542
-379.9988683431806,96,2022638
-170.9190049336038,96,2022734
-164.63886768965483,123,2022857
-137.69415542020084,98,2022955
-107.91983276723741,76,2023031
-44.85122885920216,67,2023098
-71.22844228468013,65,2023163
-476.91329989651564,120,2023283
-102.9984170873602,62,2023345
-251.72829869857497,86,2023431
-128.1438040300628,88,2023519
-354.67334200195216,98,2023617
-325.43937868435717,118,2023735
-117.62961146367986,95,2023830
-69.29537193981669,70,2023900
-168.5789229473083,92,2023992
-239.71767607408742,75,2024067
-390.1115344335981,79,2024146
-72.74649149174239,73,2024219
-274.3510064458842,117,2024336
-352.54085293938573,114,2024450
-117.68036752958739,64,2024514
-116.39871959016152,99,2024613
-413.71270555876225,178,2024791
-322.4148926381654,100,2024891
-98.86932499678251,118,2025009
-456.5856394278618,86,2025095
-360.0560188080986,107,2025202
-111.09107482046215,101,2025303
-211.7075244470383,74,2025377
-124.88898410377908,79,2025456
-110.304606493569,82,2025538
-322.2165953308137,95,2025633
-101.23383801630014,99,2025732
-168.15693331587534,102,2025834
-145.48714059289594,95,2025929
-45.33600457797587,60,2025989
-103.79002107871285,60,2026049
-86.510680714813,63,2026112
-229.6426868807885,113,2026225
-213.21343132093853,77,2026302
-115.06463208755453,117,2026419
-402.00880002546194,129,2026548
-95.96930749393115,90,2026638
-326.35445886742104,96,2026734
-137.01013934023794,63,2026797
-226.0489582152268,87,2026884
-241.48609154919893,80,2026964
-147.8898014824931,79,2027043
-86.60908371335921,135,2027178
-397.2481437669837,117,2027295
-116.46706961087597,86,2027381
-210.6036308520857,79,2027460
-292.08807779519395,114,2027574
69.85864256237585,1000,2028574
-229.8982022545154,94,2028668
-134.89594979737893,108,2028776
-273.47354274706447,105,2028881
-175.55369891942178,77,2028958
-302.8835513348746,106,2029064
-78.72276490054276,64,2029128
-228.87018331255823,91,2029219
-113.78503982902376,88,2029307
-82.95006721151822,68,2029375
-144.28202907416062,58,2029433
-161.67885743739637,117,2029550
-122.97194701669864,67,2029617
-100.90410495557772,99,2029716
-79.48344675785354,76,2029792
-82.1134350706651,91,2029883
-172.31790536484985,110,2029993
-63.35177246789138,61,2030054
-93.75358904195085,58,2030112
-88.61968586440852,62,2030174
-190.56462639488706,81,2030255
-289.7543774354282,73,2030328
-141.18951541403604,146,2030474
-87.38783132628608,91,2030565
-441.3987858224708,87,2030652
-120.53959972787777,86,2030738
-110.5444760303623,81,2030819
-319.8386508670334,99,2030918
-99.47562207325588,74,2030992
-310.1874400079387,91,2031083
-112.3150241555353,71,2031154
-275.9781636272071,116,2031270
-172.53287688509891,75,2031345
-126.62735522177934,63,2031408
-212.26078850043484,109,2031517
-411.3775178249274,91,2031608
-171.4634722327837,58,2031666
-202.42585849319346,110,2031776
-128.73928862186926,101,2031877
-51.34586822216151,92,2031969
-67.62537240958038,94,2032063
-102.84681742500122,89,2032152
-347.375162188122,102,2032254
-115.26097840581218,76,2032330
-357.189941158861,87,2032417
-105.8185653227776,98,2032515
-110.34071356577806,87,2032602
-32.117797157811225,69,2032671
-108.62062406989719,136,2032807
-185.73081397612086,82,2032889
-120.26875421024589,73,2032962
-599.8882298684566,118,2033080
-119.10806888094491,121,2033201
-13.485617513213882,84,2033285
-222.9397533059752,86,2033371
-200.20013971077557,88,2033459
-103.64099010980725,59,2033518
-83.76403978107454,66,2033584
-72.82831910827616,77,2033661
-100.80136148358906,80,2033741
-198.4367263804879,98,2033839
-77.19888715453804,73,2033912
-240.881055508018,82,2033994
-153.44570247781604,93,2034087
-454.8489957792936,108,2034195
-63.365399511605474,69,2034264
-297.597843583054,81,2034345
-225.7752895309252,91,2034436
-220.17894821897008,126,2034562
-403.0583375795534,90,2034652
-290.9499673747777,106,2034758
-115.1720170129768,88,2034846
-155.56334736076565,98,2034944
-184.63717348858137,111,2035055
-133.19000584778456,90,2035145
-110.51818349616819,114,2035259
-100.53916897029995,89,2035348
-77.87019928307808,99,2035447
-242.05075218035762,160,2035607
-104.16021227343352,73,2035680
-166.24011979675151,123,2035803
-158.85682400875842,78,2035881
-139.12539355558474,70,2035951
-98.21186037930262,60,2036011
-192.2219835313792,100,2036111
-196.87132512047043,118,2036229
-256.94508451816336,95,2036324
-79.17756732614909,77,2036401
-142.62791624879281,120,2036521
-130.47531884381036,97,2036618
-245.22325792558615,103,2036721
-208.69940104093592,139,2036860
-138.52747684659673,81,2036941
40.8541288860892,91,2037032
-197.35794329880227,112,2037144
-332.37351434203356,110,2037254
-209.7938351428501,120,2037374
-52.73992214247488,61,2037435
-183.71374470179597,116,2037551
-357.6368107992349,121,2037672
-111.48866169161104,78,2037750
-62.03421084765939,71,2037821
-325.0477721859483,104,2037925
-176.98939800628943,157,2038082
-223.25488139297403,116,2038198
-89.81063451877063,95,2038293
-199.84772690535817,68,2038361
-169.90989646399214,151,2038512
-120.12819732477635,115,2038627
-135.85176003871942,94,2038721
-398.42402169654997,83,2038804
-134.20513775149163,57,2038861
-206.97440939937366,131,2038992
-66.8339917953335,144,2039136
-70.94925835214697,71,2039207
-83.677223398466,93,2039300
-136.67331476380156,92,2039392
-73.99215475296319,63,2039455
-252.20751660882905,78,2039533
-117.16819610350902,90,2039623
-103.82434654568979,135,2039758
-359.4492600234414,121,2039879
-77.22970113858202,95,2039974
-2.7601759187174935,121,2040095
-402.9992455634869,89,2040184
-313.332174311304,81,2040265
-307.0517538968918,90,2040355
-93.39696689725962,140,2040495
-174.53949080781075,85,2040580
-156.55810482936948,59,2040639
-95.96688392749537,81,2040720
-136.53395295904247,109,2040829
-339.0772839679271,122,2040951
-106.00127101344452,68,2041019
-437.12515722812066,116,2041135
-91.17143785332749,65,2041200
-57.609948026322414,68,2041268
-106.54007324826966,93,2041361
-106.66302883143851,78,2041439
-127.63360209405145,78,2041517
-185.85421352912965,81,2041598
-234.17349266385887,99,2041697
-124.08072821166144,117,2041814
-75.91040244134774,63,2041877
-161.02605575110482,108,2041985
-234.20250449760232,105,2042090
-111.650492492494,119,2042209
-377.2909547521905,75,2042284
-123.51680521354628,71,2042355
-106.87772255286933,66,2042421
-164.1101963276161,86,2042507
-135.04059877264916,91,2042598
-218.12613997104444,80,2042678
-71.17477118351353,86,2042764
-368.11883085667523,100,2042864
-322.84771003020717,126,2042990
-95.05609000689161,109,2043099
-341.7408398778779,93,2043192
-607.4894508258305,120,2043312
-374.3270404586177,109,2043421
-221.64746994429845,89,2043510
-137.4582992852049,78,2043588
-125.3102036316713,89,2043677
-87.13200319207435,59,2043736
-139.7966359190293,98,2043834
-109.87206059133526,92,2043926
-105.49252150558361,69,2043995
-114.39840045855601,106,2044101
-157.42369414466089,99,2044200
-149.43171933692705,120,2044320
-213.49221434983292,99,2044419
-297.12403665549004,101,2044520
-281.33104529172977,118,2044638
-12.955926064902684,94,2044732
-106.86138889727383,121,2044853
-46.537448289208065,71,2044924
-87.44789041392067,123,2045047
-339.4186605258154,100,2045147
-66.49760981196633,81,2045228
-187.79413209847684,140,2045368
-395.4916455032524,113,2045481
-194.32575937288988,96,2045577
-158.95116437122184,92,2045669
-151.28203934812996,66,2045735
-204.19944393300463,83,2045818
-323.405025100894,80,2045898
-81.98294163064529,79,2045977
-85.9763822047866,65,2046042
-115.79741342644945,77,2046119
-131.914637574173,105,2046224
-119.30307023592823,90,2046314
-106.1661489804749,62,2046376
-282.5111869461375,100,2046476
-143.0426330600763,68,2046544
-276.32674358318764,94,2046638
-212.28253710724144,71,2046709
-124.3948561921204,98,2046807
-91.3784421139453,66,2046873
-190.9449524538878,108,2046981
-265.01727013791765,94,2047075
-131.20062050283212,100,2047175
-309.97843384032944,79,2047254
-189.10542481016913,112,2047366
-205.12149144000267,89,2047455
5.358607923535558,82,2047537
-25.63595345361381,79,2047616
-175.34587230086214,76,2047692
-136.5973911940249,64,2047756
-17.133525556295254,119,2047875
-187.51556856973002,139,2048014
-277.1381657675333,90,2048104
-211.0616760445975,116,2048220
-299.5468059156148,110,2048330
-82.4100961033594,58,2048388
-102.55234971646692,106,2048494
-116.8796724297386,136,2048630
-89.9390089594487,74,2048704
-119.47224967093462,74,2048778
-262.3433038369642,121,2048899
-407.69409594191984,112,2049011
-127.8057724239381,95,2049106
-111.43880032938202,64,2049170
-337.3860130417666,90,2049260
-219.12350493733885,113,2049373
-174.5948410736956,75,2049448
-74.58188684300953,66,2049514
11.667484740818338,117,2049631
-105.35320761090607,74,2049705
-107.23537709860167,68,2049773
-315.3908021050016,110,2049883
-151.62740819100787,73,2049956
-66.8890268131361,72,2050028
-67.00551525643078,66,2050094
-80.8791812319015,91,2050185
-69.87137393900699,104,2050289
-300.2921626714241,89,2050378
-203.08436252219605,119,2050497
-263.5929602882178,113,2050610
-132.68020694727687,112,2050722
-132.35070075832567,58,2050780
-135.47377301441486,70,2050850
-286.5556489641348,86,2050936
-363.5141634100516,107,2051043
-274.94711285394374,101,2051144
-92.02105115636115,111,2051255
-175.19970709515792,116,2051371
-109.52607111933624,81,2051452
-252.69973536665685,88,2051540
-97.09016856129662,60,2051600
-141.7092833473809,116,2051716
-102.62446114730821,75,2051791
-321.633237179468,95,2051886
-215.7442422587991,120,2052006
-129.5242450951128,77,2052083
18.594828593604532,101,2052184
-256.64394234258816,118,2052302
-208.84623810634724,145,2052447
-408.2206872612062,118,2052565
-145.37143116817694,108,2052673
-211.66104502501378,103,2052776
-241.59117300984605,100,2052876
-107.39742517153266,74,2052950
-283.5540794115884,145,2053095
-111.0495644763143,94,2053189
-165.49424276364095,68,2053257
-100.42640012003599,126,2053383
-123.41701211186592,105,2053488
-299.25147962208234,117,2053605
-389.56492903163513,73,2053678
-159.58281304005823,107,2053785
-204.42412468612156,114,2053899
-24.917119416495282,63,2053962
-141.99904633350332,67,2054029
-78.00838842474116,74,2054103
-300.17247823590617,97,2054200
-135.50561381476382,110,2054310
-96.06835168813166,117,2054427
-113.4386072548213,65,2054492
-141.2182221433664,113,2054605
-82.31424233842421,100,2054705
-67.11845547736769,107,2054812
-107.63254541991938,83,2054895
-102.47578450465986,112,2055007
-360.37702359000053,111,2055118
-99.3183045864728,70,2055188
-97.81314807126904,120,2055308
-106.68417529891492,87,2055395
49.076918147735284,73,2055468
-86.79295344848293,73,2055541
-79.77265451614703,79,2055620
-190.19249263979566,54,2055674
-76.37810402259164,63,2055737
-133.61589185965133,86,2055823
-301.8865479522958,90,2055913
-112.5072508476447,108,2056021
-250.2320233274174,128,2056149
-348.41353121725786,79,2056228
-111.95977079016589,76,2056304
-160.76487581669318,71,2056375
-246.40178445377336,85,2056460
-258.9428201864232,116,2056576
-228.1440766789941,102,2056678
-148.75275029286513,81,2056759
-159.12902128403175,87,2056846
-129.82720806748418,94,2056940
-100.9952933455675,94,2057034
-60.85526455013516,129,2057163
15.820945052550812,142,2057305
-107.18522500261426,82,2057387
-132.9536633269304,88,2057475
-591.4522538103668,111,2057586
-387.46928817369235,85,2057671
-287.7994398628639,111,2057782
-191.28133651820505,127,2057909
-337.05409551670414,116,2058025
-71.90429741738855,61,2058086
-201.96662912865978,104,2058190
-8.631261442461096,66,2058256
-161.05934089067222,75,2058331
-372.63157591707704,83,2058414
-98.35619320107523,63,2058477
-124.18078242422816,96,2058573
-154.20661495340454,108,2058681
-237.5144414288743,98,2058779
-215.86198703404983,100,2058879
-22.720225567525247,100,2058979
-196.05138764411873,122,2059101
-106.9355374036739,107,2059208
-342.9432954454784,101,2059309
-187.5178869491595,95,2059404
-137.7458086100224,108,2059512
-188.4444842388163,63,2059575
-251.1288582955465,106,2059681
-367.5533401333381,104,2059785
-27.97850225887889,126,2059911
-98.16322537887785,66,2059977
-256.24900405838906,92,2060069
-152.03060494137694,72,2060141
-250.1751117364488,129,2060270
-163.80390835044417,74,2060344
-51.97155051519907,85,2060429
-166.5852052917445,66,2060495
-137.29335096150479,70,2060565
-213.45883931199654,108,2060673
-74.87320095321473,127,2060800
-158.33562781625648,122,2060922
-132.75965106257792,67,2060989
-117.80468776258076,96,2061085
-97.98214683561321,81,2061166
-345.863115480455,71,2061237
-110.17686655120983,76,2061313
-128.01824445648683,95,2061408
-228.08696627661294,107,2061515
-75.70887093895361,78,2061593
-365.11943256148686,97,2061690
-76.18238637417457,78,2061768
-151.58784274144693,92,2061860
-126.9211019769574,88,2061948
-233.78190171156098,137,2062085
-170.76157578681045,84,2062169
-86.88052411846402,69,2062238
-415.7770345684747,115,2062353
-308.96268485037825,105,2062458
-73.00706020761689,64,2062522
-97.04662277734647,80,2062602
-205.22921801464906,77,2062679
-279.57819055730306,125,2062804
-398.4594583661089,96,2062900
-116.93943870498927,115,2063015
-225.43440672562625,130,2063145
-397.40618570849267,71,2063216
-232.40310282454874,88,2063304
-73.48382014530432,81,2063385
-72.081353473028,61,2063446
-4.905699646050024,89,2063535
19.06428352687813,106,2063641
-412.8056884974281,100,2063741
-115.90347455669279,117,2063858
-215.38848391970464,97,2063955
-280.86726218811486,100,2064055
-268.88665675868924,66,2064121
-284.2305514304753,84,2064205
-124.74315147692755,72,2064277
-131.5408168546441,84,2064361
-100.17432029487291,80,2064441
-93.22926853899897,67,2064508
-357.05496682652716,102,2064610
-246.09557855598413,61,2064671
-113.65180643316558,95,2064766
-106.95956201521516,89,2064855
-158.50340215321884,68,2064923
-90.95888615797391,99,2065022
-224.03422962662864,106,2065128
-253.0569794056143,99,2065227
-304.6312018586457,85,2065312
-218.30257433581477,115,2065427
-167.35456910380435,102,2065529
-172.9427313176458,87,2065616
-109.90072611447681,59,2065675
-129.90298347534997,100,2065775
-219.94258073160523,80,2065855
-83.44387904538287,76,2065931
-334.56239391226984,113,2066044
-286.35745729994983,81,2066125
-214.55056212949128,89,2066214
-151.39815632146383,117,2066331
-115.06904507346624,86,2066417
-111.4684003819992,78,2066495
-115.3511349560927,67,2066562
-140.4550901539385,107,2066669
-125.79616651777373,93,2066762
-81.02137672317868,68,2066830
-61.827943485302015,61,2066891
-109.71628088667516,64,2066955
-251.88171337470237,76,2067031
-94.21818282455308,97,2067128
-476.24365423700397,85,2067213
-407.14966294951796,106,2067319
-140.6577567206215,99,2067418
-269.66076817579165,68,2067486
-83.81791129079575,114,2067600
-281.1750935592206,95,2067695
-256.6568733309298,86,2067781
-346.22071992008387,100,2067881
-139.18214849900238,113,2067994
-406.59127795206535,96,2068090
-326.65907168150954,93,2068183
-110.2361144778576,114,2068297
-231.84826385293977,72,2068369
-294.6935057140389,80,2068449
-266.3843072557523,111,2068560
-152.94650053113136,67,2068627
-283.15037977808595,64,2068691
-190.5051370599829,63,2068754
-336.21502433073425,101,2068855
-92.54715162255467,94,2068949
-143.85042445981517,113,2069062
-172.22255830782328,141,2069203
-146.69876884457548,107,2069310
-123.47509210829139,68,2069378
-269.39025138850906,101,2069479
-152.61005190593193,130,2069609
-341.99692519867443,87,2069696
-103.26999532403181,69,2069765
-408.81359845954336,122,2069887
-99.04319644528144,67,2069954
-249.61164482116382,148,2070102
-61.19181703079225,140,2070242
-210.5164667318927,112,2070354
-167.60612698316913,58,2070412
-157.05070368497812,96,2070508
-404.3267706675456,117,2070625
-281.18674546977394,87,2070712
-184.0811820696938,76,2070788
-83.59125675623153,66,2070854
-154.9974433673985,109,2070963
-262.3758039673019,65,2071028
-79.63473621431994,67,2071095
-121.25614792904824,100,2071195
-150.83370260113645,67,2071262
-177.12651773493207,67,2071329
-113.03333848005063,98,2071427
-325.08784680885867,97,2071524
-267.1452783478103,138,2071662
-435.4953582730634,93,2071755
-261.2694173086695,114,2071869
-128.14223615879692,81,2071950
13.580685766284432,134,2072084
-246.70972094813965,125,2072209
18.55904401513729,80,2072289
-303.7366089449714,89,2072378
-101.93616237266617,70,2072448
-95.96465140478841,126,2072574
-253.28055045615596,106,2072680
-198.03044776048046,84,2072764
-521.4234752894461,127,2072891
-472.325364882691,105,2072996
-295.4461976154155,81,2073077
-126.91549957008318,80,2073157
-122.88542151226534,124,2073281
-409.59256872681476,115,2073396
-91.31960302576553,73,2073469
-115.05638211081205,81,2073550
-186.4932340448077,103,2073653
-196.65888443316837,69,2073722
-18.68661531714436,105,2073827
-79.7902121124048,112,2073939
-336.14993211634896,120,2074059
-83.88024870583482,60,2074119
-204.87807644166372,123,2074242
-356.7109234975965,98,2074340
-125.76921579531476,99,2074439
-77.98472507588994,68,2074507
-293.5765985373416,95,2074602
-121.88388770391484,113,2074715
-355.99159891909466,121,2074836
-195.02063792712778,100,2074936
-99.29132447212004,82,2075018
-117.84241489038894,115,2075133
-94.77165282679329,107,2075240
-311.6658513799706,82,2075322
-195.63826085674017,109,2075431
-206.34512118719482,136,2075567
-55.59666328272645,66,2075633
-274.5270792996633,101,2075734
-352.8131176219439,83,2075817
-357.40319794054085,108,2075925
-310.48759631947235,94,2076019
-292.37259586123673,94,2076113
-99.76395096950931,97,2076210
64.26215142819342,77,2076287
-546.2448890063763,102,2076389
-217.0727186651543,87,2076476
-259.85332671568347,99,2076575
-169.52915151976896,83,2076658
-122.3569410050182,104,2076762
-86.17736011653571,62,2076824
-212.06966319936686,106,2076930
-141.2956360734491,62,2076992
-117.89010388057312,88,2077080
-217.36602283960053,102,2077182
-114.785194370688,112,2077294
-110.43360593340586,60,2077354
-87.23848918228047,68,2077422
-3.236087758006164,75,2077497
8.210885618328703,87,2077584
-200.90242639323245,129,2077713
-87.46219870982115,88,2077801
-208.90518144799995,67,2077868
-93.28870240901679,83,2077951
-313.2624816440511,67,2078018
-174.93619883963274,69,2078087
-185.74550502936071,70,2078157
-246.93131709287283,113,2078270
-84.04944847261868,131,2078401
-110.3393024721616,67,2078468
-23.929587704367293,119,2078587
-146.45353272984295,67,2078654
-432.38817170305293,105,2078759
-230.23042644026756,104,2078863
-184.26387771512023,101,2078964
-95.06737443106061,73,2079037
-88.95660221867111,104,2079141
-85.319854284271,66,2079207
-71.46305555274805,72,2079279
-111.76144457563299,83,2079362
-300.79052635232233,110,2079472
-141.376898321387,60,2079532
-83.88810371178047,66,2079598
-363.2627970808716,108,2079706
-47.540588865768925,73,2079779
-213.7274193869664,74,2079853
-100.91607851660177,96,2079949
-118.23939229144253,81,2080030
-141.2651431651575,82,2080112
-211.67098234172462,105,2080217
-89.97118001304368,65,2080282
-176.92861885204513,91,2080373
-161.12501024947994,69,2080442
-184.3569116956449,106,2080548
-138.33591773570572,101,2080649
-371.3006386894859,134,2080783
-79.41572817865693,83,2080866
-75.30907417992157,67,2080933
-96.61284293126009,94,2081027
-213.82676451451752,79,2081106
-206.43219363456905,175,2081281
-114.40448229908539,109,2081390
-126.64054611579073,108,2081498
-126.75948270642715,97,2081595
-165.9727923734672,90,2081685
-78.64744778184357,66,2081751
-222.69810937991886,115,2081866
-210.17303968555336,89,2081955
-99.98382298868214,84,2082039
-102.22279078476174,88,2082127
-252.3972038688227,78,2082205
-376.6036506244277,86,2082291
-219.19175748764326,102,2082393
-253.71653906506273,88,2082481
-119.96880164226238,86,2082567
-116.8422602908779,90,2082657
-95.41235661588647,105,2082762
-106.99913933749205,70,2082832
-271.5093466039768,78,2082910
-302.4901862942903,113,2083023
-517.952427116908,115,2083138
-116.36398649795234,82,2083220
-394.6132590027862,107,2083327
-157.095234036352,105,2083432
-123.59233370376745,86,2083518
-352.93930673251424,81,2083599
4.855319786321331,120,2083719
-260.85113667235,79,2083798
-257.5629318251056,81,2083879
-126.39728512146996,104,2083983
-203.1665436729229,100,2084083
-251.18080810377208,87,2084170
-199.38585535585872,111,2084281
-146.1736261175976,86,2084367
-163.74302674957104,75,2084442
-150.89604899726038,125,2084567
-213.04627185882973,83,2084650
-245.75835741544566,112,2084762
-132.4291271409941,103,2084865
-65.06523106566273,133,2084998
-492.78027915564854,115,2085113
-457.39454292969344,121,2085234
-408.0303530981503,88,2085322
-1.0006345266837684,67,2085389
-139.84980263143157,72,2085461
-162.05602476883598,96,2085557
-227.22752840702117,109,2085666
-136.51785845241963,69,2085735
-57.09658628111583,74,2085809
-118.7723366036867,70,2085879
-201.4314634659013,122,2086001
-190.49412132717364,75,2086076
-89.56724727058706,68,2086144
-269.01491667090534,92,2086236
-200.03704338335703,68,2086304
-166.8605849369162,58,2086362
-168.97186941394096,89,2086451
-105.11977167630829,98,2086549
-107.34922117446474,92,2086641
-231.68179408842752,75,2086716
-195.81938462333062,119,2086835
-133.35378626863945,76,2086911
-340.3279551468609,84,2086995
-142.66692930194688,118,2087113
37.902654611548,72,2087185
-107.91796103522324,100,2087285
-40.76655318253205,98,2087383
-137.45180130454258,56,2087439
-258.3754353117914,98,2087537
-357.27581423806294,86,2087623
-64.3779317729084,104,2087727
-332.7988117318951,120,2087847
-265.2303017277616,96,2087943
-465.0754922907692,84,2088027
-182.13239519490315,82,2088109
-335.3298258887777,104,2088213
-104.32607189496598,122,2088335
-75.75117584432795,100,2088435
-114.68701600015751,90,2088525
-96.32509436195564,66,2088591
-310.2710824314762,100,2088691
-165.94816824059714,76,2088767
-172.70068394568727,71,2088838
-113.04702347044608,139,2088977
-317.270508142562,80,2089057
-194.2242471379736,106,2089163
-123.66623595840854,107,2089270
-92.90749955264768,82,2089352
-206.8403243658232,99,2089451
-135.75087892650708,66,2089517
-212.36843693999384,70,2089587
-148.9412838615909,82,2089669
-87.86778473520053,66,2089735
-156.11619311803696,135,2089870
-122.70469416528589,96,2089966
-427.04776385965823,120,2090086
-128.55124725991996,111,2090197
-28.58566325353773,108,2090305
-147.64626071349528,87,2090392
-130.8410305783285,71,2090463
-264.44272887361865,85,2090548
-166.0824318799407,86,2090634
6.234765028746139,104,2090738
-248.06551675653904,85,2090823
-110.80497382261638,119,2090942
-158.21762529768003,86,2091028
-107.23502714262304,111,2091139
-98.35281938308749,117,2091256
-110.6053142253747,88,2091344
-153.19438720439132,86,2091430
-103.89900067566556,79,2091509
-98.91492041939276,111,2091620
-168.30213755155015,92,2091712
-178.7362310580994,82,2091794
-185.33710194412083,68,2091862
-111.64906520943292,121,2091983
-349.84793763512766,97,2092080
-212.17216452613093,73,2092153
-113.01185710261073,76,2092229
-171.78418891794792,72,2092301
-78.54454086823021,80,2092381
-404.42139193726314,94,2092475
-181.0873325231007,110,2092585
-247.59386177799024,94,2092679
-119.0768234674299,125,2092804
-357.9825363910204,109,2092913
-163.264940537152,96,2093009
-184.5807347709385,105,2093114
-394.3462416908441,79,2093193
-280.6421329999764,73,2093266
-77.06572018572534,66,2093332
-158.20222404161763,117,2093449
-169.4604328231149,109,2093558
-312.9072728885369,107,2093665
-82.98875693728368,62,2093727
-119.35065801018777,119,2093846
-372.8568836900348,86,2093932
-275.67390243609043,89,2094021
-153.11610336222066,85,2094106
-95.24320687633028,67,2094173
-211.95524782783215,102,2094275
-95.06609602593443,73,2094348
-114.22105774052922,79,2094427
-192.0688582941391,60,2094487
-134.1074865511251,78,2094565
-358.2450534614679,106,2094671
-109.68060702167999,93,2094764
-54.88834622376763,110,2094874
-92.43277611952952,99,2094973
-178.8465937306822,76,2095049
-159.15636611489663,58,2095107
-77.64565219463324,89,2095196
-242.410349616427,129,2095325
-155.97361789607314,139,2095464
-88.2890126156691,56,2095520
-82.77008166090243,119,2095639
-118.37275565037177,78,2095717
-204.2679588212426,87,2095804
-248.36748067119123,101,2095905
-70.61089477668853,76,2095981
-184.76558079012727,97,2096078
-117.82664599571945,80,2096158
-76.12621324005022,56,2096214
-1.2559185783577504,76,2096290
-184.89375366129565,102,2096392
-302.7053753969553,62,2096454
-150.5321035690625,65,2096519
-288.2249122946868,66,2096585
-127.99989541618783,93,2096678
-157.09065559088037,119,2096797
-128.20980604547088,90,2096887
-234.4637433892556,79,2096966
-264.9218890794307,98,2097064
-82.93181658674308,118,2097182
-119.49354261175685,77,2097259
-168.70159147744272,82,2097341
-199.34186456875807,80,2097421
-291.50689167075427,104,2097525
-88.01545907787639,78,2097603
-247.45959532394676,109,2097712
-134.21504963981613,114,2097826
-334.309187052659,79,2097905
-273.586951526798,98,2098003
-80.35813940443443,76,2098079
-193.85116624171116,121,2098200
-108.65937074424296,98,2098298
-255.8676364208255,101,2098399
-103.22445289911595,74,2098473
-85.750029174862,70,2098543
-171.6377687058083,67,2098610
-246.99728813228356,104,2098714
-158.20731377583232,73,2098787
-169.79803165144756,123,2098910
-77.94655546785974,119,2099029
-97.7434661367874,69,2099098
-330.38146237641223,93,2099191
-105.5009164944474,62,2099253
-290.486549414195,93,2099346
-191.79657482265773,90,2099436
-303.09809276538624,136,2099572
-230.15175447167357,67,2099639
-140.83111764507754,108,2099747
-123.5813227474054,64,2099811
-246.21150922519425,100,2099911
-161.77916900450163,129,2100040
-68.19361204077043,72,2100112
-168.77816974972495,120,2100232
-332.02113864574574,104,2100336
-208.5723636028746,108,2100444
-124.35756547946575,101,2100545
-200.46976997928311,84,2100629
-347.88605556976154,94,2100723
-125.772660689952,94,2100817
-139.38671192251104,122,2100939
-117.1600790876994,82,2101021
10.154306172649925,101,2101122
-168.07471326685834,79,2101201
-271.15109467310356,131,2101332
-144.1968542852507,85,2101417
-81.53083306501425,70,2101487
-108.49386005349689,66,2101553
-116.58080313013951,131,2101684
-128.02320225390386,68,2101752
-83.46696200599999,105,2101857
-67.93890453159261,128,2101985
-133.31032973581796,96,2102081
-292.4808568458091,81,2102162
-232.23644603976712,75,2102237
-126.76461603003837,93,2102330
-86.88151326497236,85,2102415
-175.97827942512464,67,2102482
-243.5315411445804,82,2102564
-109.5742799654281,89,2102653
-100.81020075173605,62,2102715
-138.2871858602872,95,2102810
-220.59530060571646,68,2102878
-169.9651356025176,104,2102982
-260.1509814693624,103,2103085
-497.02232150197625,136,2103221
-346.7638047444567,119,2103340
-150.06637868140302,68,2103408
-83.16607333263492,71,2103479
-86.62612744458158,62,2103541
-163.56140952596147,88,2103629
-118.88420384008946,102,2103731
-69.78576432443606,58,2103789
-210.13263153901144,106,2103895
-30.439546525929742,84,2103979
-134.28373912793805,86,2104065
-355.70599213899266,96,2104161
-79.11644957118605,60,2104221
33.738051718704185,98,2104319
-122.80929627736745,101,2104420
-109.2937938654568,86,2104506
-94.56579997224277,93,2104599
-120.55640337992588,87,2104686
-129.77836313898365,93,2104779
-287.5311624209793,135,2104914
-131.72676417730418,66,2104980
-265.05659776161986,134,2105114
-333.6916813369834,100,2105214
-70.42068764643791,87,2105301
-434.6232851874762,93,2105394
-87.55760241585867,105,2105499
-75.84005168224239,66,2105565
-170.7919409318491,91,2105656
-389.64061696146865,183,2105839
-89.4568322797915,72,2105911
-127.98067841450388,91,2106002
-291.09477719480856,82,2106084
-111.34960412626619,76,2106160
-238.8301782864751,81,2106241
-215.60643339275828,91,2106332
-316.4280329736699,103,2106435
-326.5617560362882,137,2106572
-295.1510518070885,100,2106672
-301.38355508854113,87,2106759
-120.41887659527167,96,2106855
-145.72050472831506,72,2106927
-371.6464708651494,80,2107007
-100.5349530377377,119,2107126
-163.32370069736618,86,2107212
-132.56057400626815,88,2107300
-174.60613764820138,110,2107410
-275.38624111928067,113,2107523
-65.63578373045476,68,2107591
-382.1249662774957,122,2107713
-251.6778047069233,72,2107785
-135.62676531269236,93,2107878
-188.2647145051917,85,2107963
-143.18725873212446,83,2108046
-76.2401380560377,73,2108119
-92.76941452577553,79,2108198
-156.27461182518798,93,2108291
-234.0695948614857,77,2108368
-211.3314746646831,116,2108484
-215.572226858102,66,2108550
-372.23712757456263,118,2108668
-96.39744352618271,100,2108768
-334.0974157714104,87,2108855
-306.7051988021673,112,2108967
-94.97412570860837,74,2109041
-78.92467948645192,95,2109136
-189.9601452445844,57,2109193
-114.17705264527775,73,2109266
-70.50177177783881,60,2109326
-74.16247129421967,57,2109383
28.595892374665596,163,2109546
-165.06763001064445,118,2109664
-315.5828483499214,113,2109777
-173.66092329243043,124,2109901
-454.99340145710704,85,2109986
-188.7211186184735,72,2110058
-103.59164849726218,68,2110126
-522.5099624948391,100,2110226
-196.15067977144818,84,2110310
-140.674952619137,79,2110389
-39.16979595171249,114,2110503
-107.50586948108557,73,2110576
-351.6070620299672,88,2110664
-126.44805558450807,103,2110767
-59.619138093272014,60,2110827
-154.14750016098424,117,2110944
-114.16694542887343,111,2111055
-93.28451891794946,121,2111176
-253.16182413437843,80,2111256
-101.41764001565437,110,2111366
-391.76420669492694,100,2111466
-117.71920125361692,78,2111544
-246.6473299079875,103,2111647
-208.48024414745515,77,2111724
-95.60678123331172,81,2111805
-54.591904738860215,80,2111885
-95.06975464756802,80,2111965
-196.97097972032776,77,2112042
-237.761091046322,94,2112136
-179.21890288101656,120,2112256
-366.1114567185541,115,2112371
-20.632422534774804,74,2112445
-123.01565300438804,75,2112520
-110.40679632124909,86,2112606
-110.98854325620691,63,2112669
-296.51748898968196,130,2112799
-325.7750280119855,88,2112887
-123.02405793382113,84,2112971
-136.43363707406567,85,2113056
-93.31195389370127,97,2113153
-103.69631792973804,66,2113219
-91.36085526413041,103,2113322
-351.9144165253283,89,2113411
-215.04807092016597,96,2113507
-264.3614150030387,96,2113603
-50.34772970793436,131,2113734
-308.2119884754246,82,2113816
-77.56121372903002,79,2113895
-109.00895652167674,81,2113976
-118.81749145373342,64,2114040
-40.47621258918821,85,2114125
-85.33303636793033,136,2114261
-236.47456802603745,81,2114342
-209.71426038711869,106,2114448
-154.60622026955423,91,2114539
-93.4045011386883,92,2114631
-181.53647335420243,119,2114750
-71.37518546791084,90,2114840
-99.00463176644358,94,2114934
-158.00193266129833,83,2115017
-71.37011045577584,64,2115081
-154.81863958244747,68,2115149
-72.75102608123576,84,2115233
-95.23632318414116,97,2115330
-129.0460680176996,105,2115435
-148.41829606279302,102,2115537
-130.41660559329262,62,2115599
-98.73484679824018,82,2115681
-369.6760190896091,118,2115799
-285.0988927122694,97,2115896
-104.96016506806542,122,2116018
-31.069116918597956,106,2116124
-281.456706679303,151,2116275
-134.57050770333845,107,2116382
-130.69351942617524,84,2116466
-49.93134457652157,73,2116539
-116.62690248194909,70,2116609
-384.29945496774405,110,2116719
-224.44489804900815,127,2116846
-209.60198279054964,82,2116928
-115.74874819905911,103,2117031
-69.82421199172902,68,2117099
-4.443218836745771,121,2117220
-214.21557196987465,71,2117291
-104.94948090113175,87,2117378
-136.1434527671102,96,2117474
-414.88851592306196,82,2117556
-110.49901282592474,89,2117645
-98.97580484613817,76,2117721
-88.24735499518155,72,2117793
-79.59703144117495,68,2117861
-381.1311100643633,92,2117953
-121.38823382632523,75,2118028
-256.35921826394474,116,2118144
-87.26065806534191,88,2118232
-147.07113308565295,61,2118293
-94.06274034468888,56,2118349
-141.87585628484726,95,2118444
-98.29905425962872,107,2118551
-193.89118998717038,111,2118662
-213.89806201437625,118,2118780
-244.15444503860869,98,2118878
-165.46501734318508,124,2119002
-235.8148040236635,103,2119105
-206.15676763437642,135,2119240
14.242151025492475,88,2119328
-102.23537124148119,62,2119390
-131.29196845262834,95,2119485
-252.04133857309944,108,2119593
-245.36895379894722,107,2119700
-101.76120793121252,62,2119762
-172.0038775382779,125,2119887
-195.5013208358224,155,2120042
-145.17358636594759,88,2120130
0.8497066147784835,98,2120228
-137.62883359309376,67,2120295
-289.05128753364045,99,2120394
-409.59752115669926,92,2120486
-88.22643555629008,124,2120610
-25.385295861663053,111,2120721
-102.29520342125669,81,2120802
-88.00849216697878,92,2120894
-151.74407490540452,122,2121016
-84.76632173749658,107,2121123
-22.802196329442836,93,2121216
-124.14904602541853,121,2121337
-372.8280441339632,73,2121410
-140.18575603431395,61,2121471
-94.52915495505803,79,2121550
-191.34709736531522,117,2121667
-124.82519606337017,98,2121765
-114.53057402183754,79,2121844
-131.38365674327608,109,2121953
-67.60072084312291,82,2122035
-137.0747921246736,122,2122157
-257.23024085432394,85,2122242
-87.67482289369119,119,2122361
-269.4979168456832,71,2122432
-124.67492431340474,61,2122493
-104.33760058653418,117,2122610
-68.3115550517427,89,2122699
-139.85729886505084,78,2122777
-179.61270870796716,62,2122839
-162.8265900214492,115,2122954
-173.51548570043968,87,2123041
-205.3521316093041,103,2123144
-92.77616185900445,90,2123234
-140.9153456197961,90,2123324
-127.69945762562972,84,2123408
-89.52904483067556,69,2123477
-74.01459757858701,70,2123547
-312.67663850564986,104,2123651
-107.28825392103296,131,2123782
-251.57849613065252,90,2123872
-171.42220913507808,106,2123978
-124.61160184202771,69,2124047
-120.215872307442,97,2124144
-197.35900391551655,106,2124250
-323.48087496169484,117,2124367
-414.9363415558686,88,2124455
-154.49768770307705,113,2124568
-272.1873369154015,90,2124658
-119.77527844062574,68,2124726
-80.71805160523601,74,2124800
-223.4540930042353,100,2124900
-87.68334914921773,61,2124961
-207.65311053679332,66,2125027
-163.31827467099276,105,2125132
-362.562745990083,88,2125220
-146.6403114112111,119,2125339
-112.77238076298006,138,2125477
-147.06479408104218,119,2125596
-268.0414826398452,114,2125710
-308.3179904790745,59,2125769
-87.5054428330776,68,2125837
-114.88767614858693,91,2125928
-196.95660831919182,113,2126041
-161.9061675846462,86,2126127
-137.61793517827977,67,2126194
-172.25498849323338,106,2126300
-135.09306331242044,68,2126368
-120.32136736856458,86,2126454
-93.42213052254901,69,2126523
-329.0534982891304,110,2126633
-339.0314751853956,99,2126732
-188.17976308480326,122,2126854
-105.40084447236234,79,2126933
-180.47595379372123,65,2126998
-98.68438558639328,96,2127094
-196.40681945299906,104,2127198
-105.67750972591939,117,2127315
-93.51740884167839,67,2127382
-2.904567391775984,60,2127442
-18.259735511579976,74,2127516
-88.52206389730961,112,2127628
-305.873553740029,113,2127741
-73.13517908794151,63,2127804
-211.2275345165507,65,2127869
-23.934824496168474,90,2127959
-150.90843746117127,66,2128025
-116.99811980708009,122,2128147
-150.44448737436477,118,2128265
-61.739257902312715,76,2128341
-369.5186325372605,117,2128458
-318.44764746410965,79,2128537
-321.07629059486817,135,2128672
-221.80744484722652,111,2128783
-154.97413706956362,84,2128867
-120.73593658302727,106,2128973
-107.8008018322935,82,2129055
-211.16011560790955,62,2129117
-202.21098592429536,96,2129213
46.465285009031675,78,2129291
-34.58500712646966,100,2129391
-83.8482716494106,123,2129514
-242.621403311147,110,2129624
-123.41117364624911,77,2129701
-79.69393871604782,79,2129780
-362.91847711995723,95,2129875
-243.5066302379835,87,2129962
-278.7164306172773,104,2130066
-138.1641074941062,82,2130148
-106.74027898988456,78,2130226
-105.14969978115724,79,2130305
-78.80878207965637,66,2130371
-236.2794168528304,109,2130480
-186.03704541991408,112,2130592
-91.83101018038775,63,2130655
-121.13840408229854,89,2130744
-266.722840986453,113,2130857
-120.51705263275043,80,2130937
-112.07896701935661,142,2131079
-132.798866171905,84,2131163
-118.18354845341457,71,2131234
-178.6382897908431,99,2131333
-227.71477300420756,129,2131462
-363.3397738153176,134,2131596
-132.9973921195441,108,2131704
-411.322952976387,103,2131807
-122.74448861308419,99,2131906
-357.5291031750604,101,2132007
-149.16354633398106,110,2132117
-97.1172389090805,81,2132198
-130.5123181288594,86,2132284
-364.279701468441,108,2132392
-224.38915340128727,123,2132515
-63.5771068140501,76,2132591
-332.9434883719741,107,2132698
-87.68856284488727,82,2132780
-90.56519763549218,99,2132879
-102.07584110374755,72,2132951
-290.7336285602771,89,2133040
-120.64986990825496,121,2133161
-130.59201399280326,68,2133229
-70.87954278125358,85,2133314
-285.7911680729808,66,2133380
-172.9059665964656,93,2133473
-164.7619076543218,73,2133546
-47.50367690643557,68,2133614
-107.78955951003735,60,2133674
-134.10864908864193,84,2133758
-170.3169784845008,111,2133869
-240.94777613475298,71,2133940
-147.81361351922493,113,2134053
-94.5508923241898,71,2134124
-355.82828387388804,87,2134211
-132.8239376091467,64,2134275
-203.30607195953985,73,2134348
-190.70129438258252,101,2134449
-310.7638659699074,122,2134571
-94.51470360863675,81,2134652
-213.90722833011085,104,2134756
-154.2516984301636,84,2134840
-178.0841652764571,92,2134932
-288.33558025135767,70,2135002
-47.311790477129605,62,2135064
-254.1408623068552,76,2135140
-413.7849608783113,103,2135243
-160.5001317098708,136,2135379
-432.5574493656535,126,2135505
-283.4337992827876,106,2135611
-108.52854325348602,82,2135693
-127.38727327739682,110,2135803
-215.0021897154404,75,2135878
-5.006702389315606,137,2136015
-203.35144777468577,96,2136111
-78.53227875062794,62,2136173
-133.63941313137434,71,2136244
-295.69232033419496,87,2136331
-155.52857195215302,96,2136427
-125.20166158793639,97,2136524
-192.35478917619685,113,2136637
-321.63379017892794,126,2136763
-300.4942159049857,79,2136842
-80.56975238641722,129,2136971
-291.0070837218633,96,2137067
-389.44188472100296,98,2137165
-530.2238935630951,118,2137283
-362.1300320324599,97,2137380
-112.30915097501936,118,2137498
-88.4582541352147,80,2137578
-116.28367891883978,71,2137649
-152.79751926741832,130,2137779
-113.23552111830743,126,2137905
-97.13553168735463,107,2138012
-141.52419283364821,102,2138114
-94.718795910655,84,2138198
-269.8445547496674,95,2138293
-188.41487126721657,109,2138402
-83.91598460704891,74,2138476
-86.20150879221566,76,2138552
-245.65393194094045,75,2138627
-330.20866924069634,127,2138754
-217.28996707438404,62,2138816
-242.41605500398768,73,2138889
-96.44243269502365,86,2138975
-299.59341904174306,111,2139086
-43.88858995553754,66,2139152
-264.3722076842096,105,2139257
-288.1695737546352,85,2139342
-358.9049390463109,87,2139429
-67.24832445494117,72,2139501
-76.25093649651885,58,2139559
-191.983334920603,122,2139681
-274.69162884908053,71,2139752
-133.98896398436642,116,2139868
-445.28995628058743,71,2139939
-179.8858426747229,79,2140018
-12.130675618837031,76,2140094
-27.46480942399117,68,2140162
-102.5143709976676,68,2140230
-366.5703274380153,106,2140336
-151.71509512037915,69,2140405
-303.9550645924345,85,2140490
-77.6505108311957,66,2140556
-303.16639834491883,96,2140652
-294.98583925878665,93,2140745
-107.02511784623141,63,2140808
-145.5540149130601,119,2140927
-133.23288026146383,87,2141014
-56.88963662450189,109,2141123
-101.27158143471313,110,2141233
-162.83333943819093,100,2141333
-115.78533260128428,132,2141465
-367.28396025261856,104,2141569
-19.55135638358412,79,2141648
-88.01233038077537,87,2141735
-184.28591075551677,129,2141864
-421.28639423753657,136,2142000
-102.26296500921269,74,2142074
-277.79633048909477,95,2142169
-103.70850326503957,117,2142286
-215.58900260064894,110,2142396
-218.00723668762487,96,2142492
-163.35524183455288,108,2142600
-186.6349609327399,81,2142681
-167.62819956502176,68,2142749
-91.27436088926476,59,2142808
-108.60953910187399,112,2142920
-278.87568156182874,81,2143001
-193.92529370110333,71,2143072
-358.4304602243424,95,2143167
-121.8107684537107,91,2143258
-357.98861719300817,127,2143385
-296.0711414269744,100,2143485
-372.58898805683066,80,2143565
-170.81483080004898,106,2143671
-99.24441632227338,65,2143736
-137.18095144854362,122,2143858
-151.07317390195138,84,2143942
-131.32919158270144,56,2143998
-132.09740786207254,78,2144076
-354.03423492298333,128,2144204
-139.42359868214848,70,2144274
-310.80406683611864,112,2144386
-283.587391227991,92,2144478
-232.06493946551,81,2144559
-67.31856129191937,58,2144617
-147.86943839769344,92,2144709
-325.8571202450554,116,2144825
-125.24755085419707,96,2144921
-66.64274827504022,117,2145038
-105.0926467090283,136,2145174
-359.962322091739,143,2145317
-158.39086544303535,66,2145383
-214.44090165553382,104,2145487
-179.78793171200945,102,2145589
-125.04983023618037,92,2145681
-53.857217086271916,122,2145803
-122.63846220086785,96,2145899
-181.65195181884124,114,2146013
-121.34668135867182,101,2146114
-251.74645789429138,123,2146237
-111.07206807011322,102,2146339
-103.2757552616591,111,2146450
-319.5023762347192,116,2146566
-467.325648452364,127,2146693
-127.34912777168337,96,2146789
-168.83595294937555,125,2146914
-138.68916483802852,74,2146988
-192.03065743343797,103,2147091
-368.08895889909536,96,2147187
-107.38267573243775,78,2147265
-119.3718574999402,119,2147384
-334.1674423016037,101,2147485
-80.790147708685,82,2147567
-265.64491757429937,75,2147642
-99.76460062377538,63,2147705
-6.799207322317173,96,2147801
-280.14740689709754,111,2147912
-355.1357769202286,119,2148031
-98.25909497615592,97,2148128
-258.84528789964935,103,2148231
-122.54759589557507,80,2148311
-258.7981701249659,96,2148407
-126.64095148334347,75,2148482
-195.24714477654524,105,2148587
-164.97807862020082,82,2148669
-76.20372721481127,66,2148735
-113.15926940953027,104,2148839
55.91302686467623,1000,2149839
-79.06470494562696,76,2149915
-79.38845024330467,87,2150002
-53.89399043282374,68,2150070
-88.33069783091572,91,2150161
-177.6082986481922,112,2150273
-133.29279659103707,67,2150340
-259.35707557934296,61,2150401
-461.0723068786149,84,2150485
-171.18194921268162,107,2150592
-77.781039858069,94,2150686
-98.69661824951876,63,2150749
-115.33920440627016,65,2150814
-144.23978621992325,95,2150909
-429.28980971038317,131,2151040
-87.07134662279634,82,2151122
-183.15934305934516,73,2151195
-127.95300991466023,80,2151275
-145.17101992719654,97,2151372
-120.11432773125665,94,2151466
-151.63851504433006,101,2151567
-107.46107426113643,72,2151639
-180.87773713196162,55,2151694
-188.47721391944307,85,2151779
-85.57208725847627,57,2151836
-119.23378944218719,101,2151937
-142.7711187934267,62,2151999
-87.54105372947271,62,2152061
-69.29903733341233,61,2152122
-82.73190312441511,66,2152188
-237.22448085480664,92,2152280
-393.6898727670548,104,2152384
-209.33575779809962,81,2152465
-206.54444898014648,70,2152535
-101.94365361326068,72,2152607
-124.06498010659227,68,2152675
-208.59882090684147,89,2152764
-145.7046857396115,95,2152859
-105.98960815740477,87,2152946
-247.79185120875707,104,2153050
-59.711086129029084,78,2153128
-285.3383644620061,106,2153234
-96.98011973861024,105,2153339
-305.5960132817685,85,2153424
-183.91938813733506,70,2153494
-304.9785353749336,105,2153599
-323.05963827738526,90,2153689
-100.32579224210107,76,2153765
-439.5775387129193,80,2153845
-13.225854831017514,70,2153915
-193.15467945552322,68,2153983
-315.5320359721066,135,2154118
-282.0092824870085,107,2154225
-147.34310474927315,115,2154340
-224.55830768400386,67,2154407
-83.71241845966128,73,2154480
-478.86935599376926,124,2154604
-167.94493009444423,65,2154669
-154.33329835475038,84,2154753
-131.78231656213376,67,2154820
-368.1406717697627,113,2154933
-83.18403505038194,78,2155011
-129.74734825858621,113,2155124
-122.35143350320789,95,2155219
-112.29573747186987,69,2155288
-110.89699659708373,96,2155384
-362.82803555028426,94,2155478
-92.2149626017453,131,2155609
-147.00229254313115,58,2155667
-100.35555927612418,84,2155751
-99.52683043181241,68,2155819
-249.72018838841123,111,2155930
-72.09343489893952,104,2156034
-59.42381459391915,80,2156114
-321.1123907629951,90,2156204
-52.976632383594044,121,2156325
-225.1600599430338,111,2156436
-73.57945363820272,65,2156501
-205.26231011178277,59,2156560
-251.28354989840693,111,2156671
-162.58760028318673,102,2156773
-139.355573233752,98,2156871
-310.0626284212085,84,2156955
-190.0946268535783,102,2157057
-249.37835856502187,84,2157141
-306.8579415201151,113,2157254
-234.86683076113388,122,2157376
-101.34164424333834,87,2157463
-123.82672992879327,83,2157546
-304.01651776759553,139,2157685
-316.57180591249846,100,2157785
-496.9354382499399,98,2157883
-186.54251678153912,67,2157950
-121.90477500827177,120,2158070
-118.06045412832742,81,2158151
-355.88628119234545,106,2158257
-303.1086309354058,94,2158351
-113.24722291373453,78,2158429
-199.5457265408154,112,2158541
-113.41005795860517,115,2158656
-208.33191683634956,116,2158772
-62.03131679153681,120,2158892
-122.05997925919145,63,2158955
-112.85591824597512,83,2159038
-411.15397751865066,105,2159143
-513.405617780255,94,2159237
-328.36934647017983,90,2159327
-134.46951213438302,114,2159441
-111.06688016198525,66,2159507
-103.55040305549909,112,2159619
-213.18993104555528,63,2159682
-159.1715832560322,82,2159764
-373.60715358302184,107,2159871
-169.3965334692245,106,2159977
-321.5897973642962,74,2160051
-340.70937328516095,96,2160147
-95.50030290537258,89,2160236
-279.0592192378266,104,2160340
-122.00642185424209,94,2160434
-189.00687848773697,111,2160545
-168.55939732939527,111,2160656
-185.1657292843582,75,2160731
-292.8694586443901,108,2160839
-157.58020213584427,63,2160902
-140.32960395797417,60,2160962
-104.95822085106097,111,2161073
-79.26296790536892,75,2161148
-105.08667531742296,104,2161252
-360.35691656028774,92,2161344
-355.33666065463,138,2161482
-122.59836114227426,93,2161575
-214.49445836910078,95,2161670
-356.285318466244,83,2161753
-104.62125447436753,62,2161815
-140.0311678950377,120,2161935
-108.624894297809,63,2161998
-275.80625254763254,66,2162064
-156.80651155816923,115,2162179
-112.58004799069325,68,2162247
-123.94682904415455,61,2162308
-146.23489121636854,78,2162386
-452.9283102389262,78,2162464
-115.67290401121205,66,2162530
-125.9319744918745,78,2162608
-78.15827751749197,81,2162689
-295.2888067689885,86,2162775
-364.6825929049421,133,2162908
-177.2505524548073,104,2163012
-211.09762350389667,144,2163156
-110.26496646346841,114,2163270
26.04277980794393,87,2163357
-162.60190152912602,102,2163459
-98.42111432124722,80,2163539
-231.18822702053467,147,2163686
-256.18313056375325,91,2163777
-103.27285473683693,80,2163857
-87.60512729407957,104,2163961
-198.24283403376205,70,2164031
-164.05569317013095,77,2164108
-343.3153430771291,110,2164218
-11.511148612015731,130,2164348
-87.56327139303994,70,2164418
-83.13109224185587,79,2164497
-130.3457778862263,71,2164568
-105.44165869355265,94,2164662
-228.23846221790723,107,2164769
-222.05329551575775,117,2164886
-249.502513515172,109,2164995
-96.36414694674264,87,2165082
-59.434186556041894,69,2165151
-110.09025448137226,65,2165216
-141.01440645033955,89,2165305
-134.8981192121994,117,2165422
8.958454483312181,156,2165578
-109.24550928564659,75,2165653
-381.245266445355,125,2165778
-81.7653681613033,116,2165894
44.696273939042925,86,2165980
-156.334090902142,124,2166104
-293.3386217021002,87,2166191
-240.77189204095632,75,2166266
-124.24231871432568,72,2166338
-237.148057426241,104,2166442
-93.7231921035778,116,2166558
-265.70794664514176,94,2166652
-191.75612405078,111,2166763
-242.4807445476951,102,2166865
-263.3874543611827,75,2166940
-70.36462187942702,65,2167005
-174.92197730497145,63,2167068
-425.4342528027821,110,2167178
-32.89778652525216,153,2167331
11.165376018922217,130,2167461
-282.51649516556176,93,2167554
-97.68679344971777,89,2167643
-129.75356399214067,88,2167731
-112.87966145593516,68,2167799
-231.0369388416121,82,2167881
-90.61340798531981,84,2167965
-336.9897013053762,105,2168070
-257.60028699705003,107,2168177
-105.42802859948246,121,2168298
-101.75511633386942,75,2168373
-70.3947900536772,63,2168436
-276.744141981621,87,2168523
-211.02435116031467,89,2168612
30.219235624801115,78,2168690
-291.4188680623355,83,2168773
-123.13562808372987,73,2168846
-135.88155136904928,90,2168936
-188.22114483776627,71,2169007
-135.14967200378288,111,2169118
-415.36825377987304,114,2169232
-323.7237124634091,109,2169341
-126.3755612435838,92,2169433
-171.77080634209005,112,2169545
-209.85421197739262,80,2169625
-181.75945029072938,127,2169752
-134.20533906351153,120,2169872
-129.92194393422787,79,2169951
-292.38499705713434,107,2170058
-110.02833954251636,94,2170152
-30.650667816841832,91,2170243
-446.2984648127354,91,2170334
-87.0600410633786,77,2170411
-525.7400247136187,103,2170514
-110.27285067443249,101,2170615
-318.7972540959323,101,2170716
-224.89974155113313,101,2170817
-101.05031677368243,61,2170878
-98.25736017444126,66,2170944
-106.86028479945122,102,2171046
-119.324564939645,89,2171135
-113.41180791288173,109,2171244
-142.67891434954674,117,2171361
-110.7613668504475,78,2171439
-363.9538458005522,96,2171535
-96.87034894025277,72,2171607
-146.08828171550311,105,2171712
-72.18857229360432,75,2171787
-94.99059080604273,115,2171902
-360.8489075746886,119,2172021
-95.24873045851346,103,2172124
-433.47644073878985,87,2172211
-103.89600564970685,69,2172280
-209.95024464239984,79,2172359
-293.27011572032984,97,2172456
-80.0029663894353,68,2172524
-125.53857538618388,123,2172647
-138.17493532981734,112,2172759
-196.58481497381945,73,2172832
-123.15345477018948,120,2172952
-206.89892996731982,120,2173072
-344.99548591955664,102,2173174
-301.3819134004116,106,2173280
-113.78448977109107,60,2173340
-116.6554202095803,94,2173434
-160.5898578074894,112,2173546
-216.3432206041884,114,2173660
-216.2406380337244,107,2173767
-97.68162235877452,63,2173830
-156.36237836207022,73,2173903
-154.576579872487,80,2173983
-119.8932216323952,90,2174073
-198.03059100811834,82,2174155
-125.62908052836327,73,2174228
-97.1652059654802,79,2174307
-152.66457294083423,108,2174415
-191.98967930928706,111,2174526
-290.99052028149725,78,2174604
-409.13989057190963,97,2174701
-269.1107787028557,78,2174779
-137.8294130428314,86,2174865
-383.1708595497956,102,2174967
-215.55445796539988,85,2175052
-144.59124202854377,94,2175146
-195.30588877061524,140,2175286
-132.55845024881023,89,2175375
-136.89165015557668,89,2175464
-230.55399316430706,85,2175549
-287.7698964522581,120,2175669
-242.29944849364486,83,2175752
-143.23876791105536,68,2175820
-420.379131727502,92,2175912
-323.6029457855241,100,2176012
-230.00481117270712,77,2176089
-91.42028735276074,68,2176157
-108.22486241792014,90,2176247
-100.25047961903931,95,2176342
-130.33093771663562,112,2176454
-313.79888466066126,115,2176569
-99.40497956452185,70,2176639
-296.3700485164542,93,2176732
-154.98326900368855,96,2176828
-266.43038678272296,84,2176912
-141.46448106338084,71,2176983
-96.24351792834342,73,2177056
-132.86468377616075,78,2177134
-50.027482984557565,126,2177260
-131.48461047645083,70,2177330
-251.76774209722132,114,2177444
-95.47036070882366,133,2177577
-151.14013301892754,69,2177646
-117.30657380875903,130,2177776
-305.2300967885445,77,2177853
-152.41905671744848,70,2177923
-65.06544368136957,67,2177990
-159.9806114507615,122,2178112
-352.903767529946,79,2178191
-116.5670174076802,75,2178266
-133.65489475336506,99,2178365
-113.62942622977262,64,2178429
-108.25772869639333,70,2178499
-101.1165287568065,102,2178601
-15.863259853138999,112,2178713
-87.6070770400377,72,2178785
-107.40435362678794,59,2178844
-247.55356596773993,102,2178946
-316.8273736758329,71,2179017
-87.87460456277084,111,2179128
-86.0854097715488,80,2179208
-84.81825372408068,81,2179289
-91.87559097408081,141,2179430
-113.20085090789435,102,2179532
-139.83871495260513,98,2179630
45.761479773574166,94,2179724
-374.74499656460307,115,2179839
-318.60175757954755,119,2179958
-152.66146033192814,91,2180049
-322.3797602825996,96,2180145
-246.7583011262418,66,2180211
-393.1833839251526,104,2180315
-311.21096541881684,99,2180414
-88.82651962721016,71,2180485
-90.43575737328126,66,2180551
-249.72725209763215,72,2180623
11.35723879793089,110,2180733
-186.82808186205057,71,2180804
-141.5590119176403,59,2180863
-87.35801881967248,86,2180949
-124.08187286614874,66,2181015
-338.9463733612199,83,2181098
-195.56939884429337,111,2181209
-353.0083471753584,97,2181306
-207.76098790015064,115,2181421
-59.68566662836836,72,2181493
-227.28533831825771,76,2181569
-154.83516291686215,91,2181660
-260.03962568235613,71,2181731
-135.14937727306838,75,2181806
-259.0125378627274,65,2181871
-4.326357031360033,77,2181948
-156.60553428157286,100,2182048
-117.63737984802658,69,2182117
-250.3644138963324,82,2182199
8.844161757855787,101,2182300
-434.642806724526,87,2182387
-168.77735794242324,74,2182461
-87.90051723240038,65,2182526
-91.8298506210796,112,2182638
-115.39315456516763,63,2182701
-181.92137669408888,66,2182767
-302.3186511040283,62,2182829
-133.79811388215538,121,2182950
-86.7963650241094,85,2183035
-116.32326204787887,99,2183134
-191.72759326440172,101,2183235
-194.31453477486028,100,2183335
-119.2235940591084,99,2183434
-103.62864269950279,69,2183503
-223.1500623276111,76,2183579
-232.82979870380203,78,2183657
-90.11622780111607,70,2183727
-210.12971551337472,63,2183790
-401.4634966158432,106,2183896
-222.59014507948814,113,2184009
-112.10069358263247,88,2184097
-127.59147437724911,105,2184202
-165.50563858470707,96,2184298
-329.5202646576073,92,2184390
-84.01245768417068,66,2184456
-76.42746284979918,75,2184531
-93.42979072234333,85,2184616
-150.27439442171703,157,2184773
-248.73526423509276,82,2184855
-369.27796421715897,107,2184962
-141.9196047131116,75,2185037
-139.10706414934072,122,2185159
-106.54650352507217,88,2185247
-94.00183896110703,88,2185335
-121.5617630913318,67,2185402
-217.36035025803864,104,2185506
-151.79382850812766,132,2185638
-237.21113138013607,63,2185701
-110.80918477100609,108,2185809
-105.33535951898995,75,2185884
-313.2414119646915,99,2185983
-215.62169361961918,104,2186087
-85.21397014980025,77,2186164
-94.41551142323043,58,2186222
-112.4842333578394,93,2186315
-117.10457613831781,69,2186384
-103.72912353745335,98,2186482
58.231009588177535,1000,2187482
-305.1238744722248,87,2187569
-290.6250751827208,80,2187649
-277.1515386711763,79,2187728
-266.9769254283602,74,2187802
-132.3317952191914,57,2187859
-112.9162277655257,63,2187922
-134.6627429175985,117,2188039
-306.17718262349473,107,2188146
-188.6198214790999,105,2188251
-309.10030238706486,92,2188343
-120.32512832919566,65,2188408
-105.1435302436329,92,2188500
-144.54840554433582,92,2188592
-100.38379745751325,112,2188704
-78.0330784940688,66,2188770
-334.56154995162274,99,2188869
-136.45577528868364,104,2188973
-74.61006586328034,66,2189039
-87.92185531212469,117,2189156
-110.39426486810189,69,2189225
-104.7798122025377,62,2189287
-65.87959594844924,71,2189358
-109.56464982103992,63,2189421
-95.59136986987033,97,2189518
-115.84964055575705,100,2189618
-395.9063502375683,88,2189706
-306.4431774225386,110,2189816
-240.03080411137566,111,2189927
-107.75757743794429,65,2189992
-128.6523344087418,97,2190089
-109.95047598619001,83,2190172
-107.30291682369482,106,2190278
-156.97210946127007,81,2190359
-143.25994203557397,92,2190451
-152.54671323101655,117,2190568
-92.25359544172383,121,2190689
-217.1738945605578,81,2190770
34.90098452922905,79,2190849
-194.89660733117444,117,2190966
-126.96859477863852,95,2191061
-111.143030006636,90,2191151
-111.1564435965504,93,2191244
-273.40778308776635,114,2191358
-177.28752084768496,96,2191454
-303.63211320798166,82,2191536
-107.64000781908622,109,2191645
-141.59292970485922,67,2191712
-350.5304971185634,93,2191805
-11.943829919632293,97,2191902
-299.20817064055603,108,2192010
-204.11376529416341,74,2192084
-271.49673562138236,99,2192183
-165.44116127632427,61,2192244
1.168598089094175,82,2192326
-113.57542013717995,69,2192395
-79.35263230404186,72,2192467
-107.47419134785163,63,2192530
-304.64317131910644,95,2192625
-99.11063618026041,90,2192715
-63.65775203725059,68,2192783
-181.15347735381158,109,2192892
-77.33359129763288,70,2192962
-50.73811855951094,65,2193027
-76.66381944553385,80,2193107
-131.50243352498325,106,2193213
-83.73448535524716,72,2193285
-130.5391990849964,85,2193370
-139.38341010815458,111,2193481
-96.77984905409359,113,2193594
-350.99361339274384,117,2193711
-197.60136298688445,97,2193808
-363.33128251981685,81,2193889
-102.09679241328391,111,2194000
-112.24043344795582,85,2194085
-94.51369421488472,117,2194202
-238.50310330195146,110,2194312
-236.3790570839797,94,2194406
-211.38748513275885,80,2194486
-159.87175959536142,104,2194590
-127.4527704429309,126,2194716
-112.30731930434882,89,2194805
-152.79921656143853,105,2194910
-148.76874176880048,83,2194993
-103.08449097961694,62,2195055
-97.78913675501457,96,2195151
-189.58151818066096,78,2195229
-116.61978564089145,60,2195289
-205.43159997321675,80,2195369
-154.47049378964434,107,2195476
-227.425205512881,84,2195560
7.339434801154454,91,2195651
-136.4636148879712,58,2195709
-159.72188478716646,97,2195806
-271.6362204455994,90,2195896
-311.8876387054488,70,2195966
-151.5602813441772,92,2196058
-69.81658651667985,97,2196155
-105.48438372150581,93,2196248
-86.36773099274741,95,2196343
-154.44685923913502,103,2196446
-253.6891450934338,86,2196532
-103.05314253011116,74,2196606
-58.60718891259884,106,2196712
-91.36331127316544,71,2196783
-44.409338128380384,76,2196859
-363.362015421346,89,2196948
-101.03823200308125,84,2197032
-59.64898554246953,73,2197105
-213.44789764909535,64,2197169
-103.2925482310997,84,2197253
-319.370499706881,110,2197363
-187.17450790044597,67,2197430
-71.81427632152499,61,2197491
-138.35739144745256,74,2197565
-115.95561387197094,116,2197681
-141.88131335936134,66,2197747
-332.6392240978883,108,2197855
-101.94838876075826,72,2197927
-346.67413640662846,113,2198040
-305.23180818181635,111,2198151
-152.59803899949338,75,2198226
-364.2623631790975,96,2198322
-75.40460473043215,56,2198378
-337.17488060465905,120,2198498
-88.11920262421543,68,2198566
-427.4265382577778,118,2198684
-50.45024129004444,76,2198760
-101.8369748953615,135,2198895
-182.7675794606099,117,2199012
-337.078988678699,131,2199143
-394.8757146010931,93,2199236
-97.43254984152661,81,2199317
-94.9505152069588,74,2199391
-107.0901997985423,84,2199475
-73.30068354518852,96,2199571
-128.08696666029707,98,2199669
-93.14863054644334,111,2199780
-299.3135292358053,97,2199877
-139.0753365611695,94,2199971
-182.21668858240926,101,2200072
-122.49215610752152,91,2200163
-114.94714886354608,65,2200228
-241.5553101056335,107,2200335
-225.1466106453975,89,2200424
-353.7252789710749,100,2200524
-368.7660470304125,102,2200626
-318.63467840451017,112,2200738
-152.66971194448064,92,2200830
-133.6603909481759,128,2200958
-106.96279085198267,97,2201055
-143.2505414572737,81,2201136
-434.86010948023574,88,2201224
-194.113902465983,121,2201345
-149.62857530257241,93,2201438
-323.73199421276905,82,2201520
-116.90944693409153,90,2201610
-143.80336391337786,74,2201684
-184.58977789752555,75,2201759
-211.8502694475328,115,2201874
12.012649771065796,75,2201949
-81.8811818739207,129,2202078
-131.4947174788918,84,2202162
-187.8871498005467,116,2202278
-98.13716397072211,71,2202349
-121.57993966200148,134,2202483
-197.09043400690257,77,2202560
-170.40042191899823,69,2202629
-345.6564473855244,102,2202731
-145.95985012574363,94,2202825
-93.32201342881432,64,2202889
41.98812381817365,83,2202972
-312.22380836939885,101,2203073
-83.7032321833318,71,2203144
-334.7724302265699,85,2203229
-213.21079841311519,114,2203343
-222.18115080587995,65,2203408
-210.34324466845865,122,2203530
-261.6271534854686,84,2203614
-124.78379761536068,97,2203711
-326.31170808432364,101,2203812
-41.74281310638578,69,2203881
-137.05848577634123,94,2203975
-496.2544353226676,109,2204084
-265.68593271898885,122,2204206
-171.57911314525438,88,2204294
-248.107203190175,94,2204388
-265.55238245288973,87,2204475
-279.4619431259022,105,2204580
-116.1244385531428,74,2204654
-165.21264979762873,101,2204755
-369.9743117472552,105,2204860
-112.84696039779678,85,2204945
-337.7461936413007,118,2205063
-95.01795219974822,80,2205143
-206.35892919675553,60,2205203
-166.73654203420278,66,2205269
-113.03190280621425,70,2205339
-370.20667583335205,80,2205419
-289.58365528025126,115,2205534
-134.83592345089562,86,2205620
-173.96214648539868,116,2205736
-90.90770230987364,114,2205850
-131.37591486820008,104,2205954
-266.52238118780195,66,2206020
-59.24486675030079,102,2206122
-116.2572800548136,66,2206188
-240.96027183644134,72,2206260
-308.69611198439605,80,2206340
-232.81683399826002,117,2206457
-458.70393061608166,103,2206560
-273.60746094476684,86,2206646
-183.5351389940038,71,2206717
-108.1259118018621,97,2206814
-148.13441438503122,81,2206895
-82.68003613530541,65,2206960
-61.00170635583474,60,2207020
-210.36574208410832,86,2207106
-165.00474095852553,82,2207188
-76.03962390086618,68,2207256
-307.84304614739085,89,2207345
-226.18195663938405,100,2207445
-196.4885576201865,81,2207526
-135.95665401986787,137,2207663
-419.36741109951686,117,2207780
-132.99152650282255,132,2207912
-103.55341865898582,66,2207978
-342.8063454645748,92,2208070
-230.62079933870322,96,2208166
-199.03837863203296,70,2208236
-113.96631020064395,109,2208345
-197.9730056699341,84,2208429
-297.14087361618584,90,2208519
-81.54232579089253,70,2208589
-80.59939227804773,69,2208658
-95.26452006127012,71,2208729
-71.68299108197164,63,2208792
-276.9255072645668,68,2208860
-102.62989220565584,74,2208934
-70.15616036312905,72,2209006
-163.15089197609558,92,2209098
-49.96277403242228,67,2209165
-377.50154607581294,93,2209258
-150.352221801361,95,2209353
-190.89803790849072,83,2209436
-100.10116258688723,73,2209509
-231.1840948985319,72,2209581
-187.0750232196317,112,2209693
-74.67498638019295,75,2209768
-102.30167075737484,88,2209856
-137.37164125597639,96,2209952
-228.57562450070841,80,2210032
-214.48557401301582,69,2210101
-68.67843250411619,67,2210168
-82.42235317265663,97,2210265
-83.06126903108232,82,2210347
-97.49078057768344,99,2210446
-127.75050839848528,103,2210549
-159.35270885831585,89,2210638
-313.9252850026379,164,2210802
-193.41117559720635,62,2210864
-322.6405646270323,95,2210959
-80.10007967445094,66,2211025
-132.64240746787874,69,2211094
-86.12038192582514,75,2211169
-118.26144296782098,58,2211227
-102.27725017569998,115,2211342
-209.53572240478726,126,2211468
-166.5751986310403,129,2211597
-81.88589222208851,65,2211662
-141.59920596582919,104,2211766
-285.4545324032373,86,2211852
-147.4128838840387,73,2211925
-187.45522387526216,102,2212027
-256.3998047643033,132,2212159
-107.55314865899908,73,2212232
-155.91568959839032,68,2212300
-425.59108475066535,125,2212425
-58.20024718580099,65,2212490
-553.1730393364353,111,2212601
-87.4495114207967,65,2212666
-80.0703651540375,60,2212726
-231.58036879783805,88,2212814
-142.05284167236235,81,2212895
-248.97184429227858,71,2212966
-474.4201472461373,90,2213056
-131.63937821169262,82,2213138
-157.75948765917968,71,2213209
-183.60010354629458,72,2213281
-278.00630734191026,106,2213387
-259.64661551075085,79,2213466
-327.8839661508437,102,2213568
-79.53364388881934,70,2213638
-146.04896840118545,108,2213746
-69.20207124221213,100,2213846
-208.25632011461946,79,2213925
-108.7479200993969,115,2214040
-182.21700462294905,113,2214153
-190.74670174330828,99,2214252
-118.44894698038118,137,2214389
-98.79603912715363,82,2214471
-129.2091363900253,59,2214530
5.1509659978511735,101,2214631
-349.71228726919503,102,2214733
-100.06336427496822,59,2214792
-186.11224956577735,110,2214902
-593.2757937471694,118,2215020
-109.24721719441035,61,2215081
-88.5559664060856,73,2215154
-170.87024079976538,59,2215213
-320.3954414664072,76,2215289
-182.05073917768902,61,2215350
-129.87000967246456,114,2215464
-281.0779746270371,93,2215557
-166.01314988200298,106,2215663
-331.1512231573538,74,2215737
-407.85995290725157,102,2215839
-59.28781647287634,70,2215909
-102.06192452468581,80,2215989
-91.02990778306052,68,2216057
-119.71198026395128,133,2216190
-137.30736389093065,90,2216280
-115.83156835427143,100,2216380
-93.68095474480029,64,2216444
-357.6008055167941,136,2216580
-302.0432879142937,95,2216675
-123.62476092345845,89,2216764
-168.14822964762163,64,2216828
-167.8590015450181,94,2216922
-141.75091939013672,101,2217023
-30.432453617872426,69,2217092
15.79384686071866,88,2217180
-316.1868516260345,107,2217287
-89.60297161361856,76,2217363
-113.32353447553186,96,2217459
-274.3275307852221,107,2217566
-205.86221091712153,88,2217654
-453.263963082298,137,2217791
-104.61421641053677,72,2217863
-186.2314418453438,65,2217928
-386.9876709287795,86,2218014
-195.52398891727995,104,2218118
-204.96054216113717,77,2218195
-226.17959987300236,98,2218293
-97.29192211901078,66,2218359
-67.64629450358063,67,2218426
-451.60033928469886,95,2218521
-155.46782119637606,92,2218613
-335.7629143972353,99,2218712
-92.30561916216257,72,2218784
-123.49747115246052,80,2218864
-385.07923019557336,98,2218962
-104.00211232864916,78,2219040
-184.75503794837175,79,2219119
-83.05140783978246,60,2219179
-73.52931616880402,67,2219246
-138.90352629594787,85,2219331
-210.98798605937816,105,2219436
-82.97893413315015,59,2219495
-107.7863304939581,64,2219559
-121.15958002900751,87,2219646
-116.63570757132652,77,2219723
28.86419895174248,83,2219806
-134.4783666764846,120,2219926
-117.10372926534615,67,2219993
-153.03257466077855,130,2220123
-426.7857782996229,101,2220224
-51.356888233066755,75,2220299
-77.18852113518176,74,2220373
-245.3399096748206,112,2220485
-181.9137856972865,111,2220596
-261.90269318599013,129,2220725
-70.90966398203264,60,2220785
-197.88980309780447,112,2220897
-195.76825321953686,113,2221010
-59.15627198441014,72,2221082
-122.54337984451003,81,2221163
-238.8509328920862,89,2221252
-142.37527360676464,80,2221332
-94.37844405897383,115,2221447
-231.4281906087118,90,2221537
-252.08777184426637,95,2221632
-233.7797499855967,66,2221698
-388.1684037316063,91,2221789
-136.67341828181537,79,2221868
-383.73946024746687,116,2221984
-90.12261184520572,58,2222042
-151.68351720820075,87,2222129
-153.1583506974916,65,2222194
-269.5915480974146,112,2222306
-185.86552648214416,112,2222418
-257.0394791649479,154,2222572
-105.9640636110994,72,2222644
-71.80105234132203,63,2222707
-272.7355887573712,77,2222784
-190.05135591391593,84,2222868
-334.4653535106024,97,2222965
-108.4609366052108,90,2223055
-239.82296591416755,114,2223169
-80.31945336925786,85,2223254
-184.51731100820075,59,2223313
-136.09583517990436,82,2223395
-141.79460003030982,82,2223477
-91.74874602914991,60,2223537
-213.54362635572215,74,2223611
-95.50329587026694,76,2223687
-354.978867388828,126,2223813
-226.17411490687303,142,2223955
-68.25715011492187,71,2224026
-246.94944964647712,80,2224106
-173.29042875935937,75,2224181
-227.49032295288612,86,2224267
-71.85781855104332,69,2224336
-294.811218418168,125,2224461
-263.4113980744989,118,2224579
-241.70494700608845,97,2224676
-124.77607125168866,85,2224761
-131.84254860199502,144,2224905
-381.9824752823385,106,2225011
-342.6177186646262,101,2225112
-295.6880939871588,99,2225211
-86.56894546065766,103,2225314
-94.03832459067573,62,2225376
-132.86348103949308,58,2225434
-81.46142100070492,78,2225512
-365.3376755267359,111,2225623
-145.03930131315795,65,2225688
-116.61607598521275,79,2225767
-135.4747381099715,95,2225862
-153.8329295954175,103,2225965
-166.4488954715391,85,2226050
-198.52683220673396,118,2226168
-99.96717046328973,61,2226229
-239.91968584237603,107,2226336
-83.92931887199465,83,2226419
-119.37221305062548,94,2226513
-144.5986686484838,81,2226594
-190.78389199963772,100,2226694
-99.97352817170975,148,2226842
-203.01510337175736,99,2226941
-160.2792116933084,70,2227011
-91.4773744697658,115,2227126
-125.20619492458249,67,2227193
-394.7550625457686,114,2227307
-145.12613904480912,96,2227403
-94.7396484609452,61,2227464
-343.65811414201175,85,2227549
-88.09980811281885,94,2227643
-167.31400024808198,84,2227727
-73.27351080263793,61,2227788
-312.85078916298545,110,2227898
-61.16605527057584,63,2227961
-115.4604909644257,101,2228062
-320.7555618622034,116,2228178
-87.66914252994235,78,2228256
-231.28937219722462,86,2228342
-266.16227660626123,109,2228451
-147.70601693087832,102,2228553
-72.04571640588964,73,2228626
-226.1082062825617,87,2228713
-247.54257933039645,59,2228772
18.550792824584846,77,2228849
1.4881292585873211,129,2228978
-189.44531075749418,68,2229046
-92.71776481650676,91,2229137
-138.18520799948845,105,2229242
-155.05544094789258,60,2229302
-165.58209286288604,89,2229391
-147.42704396608787,93,2229484
-145.3641905038092,103,2229587
-205.22596118309895,58,2229645
-95.2054074085905,58,2229703
-80.39275971003724,61,2229764
-174.86297648649025,107,2229871
-184.40862229732562,126,2229997
-77.85907233229221,88,2230085
-133.7260582717102,116,2230201
-29.909959871933623,93,2230294
-316.7981625588842,113,2230407
-342.36996108252544,117,2230524
-232.43683610088175,81,2230605
-119.446666833618,96,2230701
-334.29400840318465,71,2230772
-194.78312259047982,75,2230847
-184.75021221257757,124,2230971
-110.73410131532776,100,2231071
-81.11163099712084,66,2231137
-308.64326051146054,98,2231235
-386.55317161828185,82,2231317
-433.5083703202613,109,2231426
-82.75436711717083,74,2231500
-316.11104506084666,81,2231581
-114.4898575065746,108,2231689
-200.64449190356902,90,2231779
-293.10552672298104,100,2231879
-274.3715697794504,117,2231996
-106.19086644688494,119,2232115
-241.6944464425975,65,2232180
-183.28875663777393,126,2232306
-411.22856403374783,115,2232421
-173.1050937149728,98,2232519
-109.10182779926433,111,2232630
-119.16280445205342,80,2232710
-276.35464904604925,111,2232821
-63.233853510402156,61,2232882
-79.79000088420098,104,2232986
-99.72794046136649,103,2233089
-109.4713646538886,65,2233154
-87.51005106060987,88,2233242
-336.7394798967757,85,2233327
-101.63321569808218,117,2233444
-126.50094446401984,78,2233522
-247.8601424894738,116,2233638
-78.65750670576791,64,2233702
-140.05457569920944,104,2233806
-108.49381315030931,79,2233885
-204.6331816986925,65,2233950
-186.83439946330543,105,2234055
-209.15977301711706,88,2234143
-339.52197161459264,92,2234235
-140.45426720665878,68,2234303
-263.5849172175118,128,2234431
-208.59927768892413,119,2234550
-146.1130963805512,103,2234653
-116.75274166212742,82,2234735
-87.12264792672109,130,2234865
-65.53075517701666,79,2234944
-78.92284536879589,105,2235049
-112.98500661529783,94,2235143
-121.97918062278828,66,2235209
-204.5424453971437,119,2235328
-370.32854870801884,143,2235471
-133.20269574235726,87,2235558
-53.247926143577985,98,2235656
-117.45281721442728,95,2235751
-387.81861385458615,86,2235837
-79.62949874421133,78,2235915
-325.1465074387594,110,2236025
-8.585267330734297,137,2236162
-109.89453944649118,70,2236232
-95.27065668948815,125,2236357
-164.3483855492708,107,2236464
-140.75375268470157,108,2236572
-223.96334268271966,83,2236655
-95.46992574160926,114,2236769
-401.529742093304,68,2236837
-300.19321236011746,78,2236915
-65.33884364833699,69,2236984
-87.49273508888167,69,2237053
-224.8707708768798,91,2237144
-83.90420266570409,64,2237208
-173.9970941854917,89,2237297
-276.2648328047391,126,2237423
-305.05834311368653,92,2237515
-131.09681899219547,61,2237576
-257.40016775465347,91,2237667
-12.828286081084102,131,2237798
-327.6008198958474,104,2237902
-245.79885712468183,89,2237991
-404.3053080562328,91,2238082
-120.90561651534347,98,2238180
-91.34713189384243,63,2238243
-367.667129000438,82,2238325
-68.49205574841325,67,2238392
-145.96893446319802,78,2238470
-178.65875334267105,108,2238578
-202.3820018148204,129,2238707
-153.34690690407342,82,2238789
-97.14537457215718,75,2238864
-320.5067523697801,82,2238946
-122.1913981884077,93,2239039
-275.50414718871787,108,2239147
-84.03162858236519,94,2239241
-233.73356337432313,72,2239313
-365.65522065003535,85,2239398
-183.52093362738918,68,2239466
-114.53237867584534,115,2239581
-169.55647736463237,93,2239674
-388.19711841958457,90,2239764
-416.77736202100994,94,2239858
-302.97789259223396,96,2239954
-249.90958844983282,100,2240054
-59.002843114726566,65,2240119
-88.28426751977631,67,2240186
-153.9699017164729,101,2240287
-107.1070721425611,75,2240362
-93.24143952921574,99,2240461
-138.06043963238852,111,2240572
-100.08499595972496,84,2240656
-132.18696434633023,100,2240756
-256.1427184908856,101,2240857
-375.5049461749314,101,2240958
-316.14708188070813,98,2241056
-273.03822899774093,94,2241150
-91.14983987193106,111,2241261
-180.6837484231234,72,2241333
-188.3239074246594,112,2241445
-94.6011763106758,116,2241561
-124.07484236171071,67,2241628
-210.93895047374258,127,2241755
-108.26690395825538,79,2241834
-70.81457186093714,79,2241913
-114.1200623777587,78,2241991
-290.5302432305269,122,2242113
-237.02681702809667,117,2242230
-110.44577253084556,94,2242324
-185.0972784050623,74,2242398
-82.58185332875627,109,2242507
-358.8909516592547,76,2242583
-106.993221769907,76,2242659
-217.91809496543328,77,2242736
-173.68064250119033,113,2242849
-272.11838013357624,113,2242962
-376.7467414537925,90,2243052
-243.21459161627786,107,2243159
-173.11868349586456,76,2243235
-76.95011712392541,95,2243330
-290.3985088909692,91,2243421
-104.52152683529114,132,2243553
-125.94679968478766,70,2243623
-105.7888124397556,113,2243736
-114.74571106558089,109,2243845
-90.08065477324413,61,2243906
-115.78136300660161,67,2243973
-285.40700896425506,100,2244073
-66.45704410549394,61,2244134
-346.1984316577049,115,2244249
-267.8370248502994,138,2244387
-267.9831414465565,124,2244511
-276.75092794174225,96,2244607
-231.52593520377673,102,2244709
-126.36290953314555,95,2244804
-180.41059408913634,98,2244902
-83.13729368237283,90,2244992
-123.49461869359398,94,2245086
-71.44723168835846,77,2245163
-121.42969871944604,112,2245275
-468.23630455743563,112,2245387
-126.70302651165827,95,2245482
-132.4660230635618,132,2245614
-312.05771772475066,90,2245704
-102.50250531315228,119,2245823
-1.5593956703449692,63,2245886
-196.95081271143425,115,2246001
-124.2688342544104,76,2246077
-33.27788420644589,76,2246153
-405.55354893085126,95,2246248
-106.99499897520029,68,2246316
-354.0070163453331,117,2246433
-180.919497561689,95,2246528
-195.1660202389704,74,2246602
-162.09622064318296,96,2246698
-83.2570427234995,96,2246794
4.195192231356131,70,2246864
-294.83593456041046,102,2246966
-149.7019553134357,78,2247044
-260.5157850844271,133,2247177
-134.7410951421251,61,2247238
-85.69845341251661,72,2247310
-279.26623189372333,113,2247423
-154.81486795532118,72,2247495
-130.0652881071019,79,2247574
-65.24848245279127,68,2247642
-247.08660102634096,102,2247744
-227.69098898837458,110,2247854
-216.74966603898756,113,2247967
-171.23767611227134,79,2248046
-42.94175391617827,89,2248135
-237.97762664208804,75,2248210
-205.4929687774215,96,2248306
-83.19632116549552,72,2248378
-349.68631158700725,126,2248504
-96.4338784064262,68,2248572
-340.7544610371052,90,2248662
-352.15357538294074,112,2248774
-256.15026202589365,113,2248887
-326.883114775031,104,2248991
-169.43245879709707,71,2249062
-73.36584453552928,73,2249135
-352.4056051398105,92,2249227
-99.0642510261705,69,2249296
-374.8855549088279,93,2249389
-83.70391881919744,66,2249455
-72.4812515757646,68,2249523
-61.934963762930224,62,2249585
-105.3498585843356,75,2249660
-9.806556992836533,72,2249732
-287.83858587810175,87,2249819
-396.4845610772385,120,2249939
-89.48484223355976,64,2250003
-87.5873142206359,70,2250073
-272.354276505008,152,2250225
-124.7086269073778,112,2250337
-136.34844346010271,79,2250416
-312.03292898369784,97,2250513
-83.78401963091298,63,2250576
-129.78097109189122,104,2250680
-105.72932280339982,75,2250755
-249.57566876457355,124,2250879
-340.6309814617454,98,2250977
-334.96401422392603,118,2251095
-134.85950859936037,77,2251172
-342.25821344643475,134,2251306
-286.87727701366765,105,2251411
-140.02142065270294,84,2251495
-140.6394166007462,129,2251624
-124.54227556835572,96,2251720
-16.033863808564632,136,2251856
-200.77617426899144,113,2251969
-358.809133065624,108,2252077
-287.2794700208119,91,2252168
-355.70047239474104,109,2252277
-85.76497685717204,62,2252339
-124.67145257745133,63,2252402
-178.82045467668289,73,2252475
-143.71427956936014,110,2252585
-68.17446718561554,120,2252705
-185.85865369609996,127,2252832
-210.3388597951058,75,2252907
-273.343644208084,107,2253014
-525.809926710705,85,2253099
-156.37126310917535,117,2253216
-107.97198517237652,65,2253281
-76.19249957741124,76,2253357
-378.8644707318167,125,2253482
-444.08724309107646,135,2253617
-622.6261432538658,112,2253729
-97.40456642266847,66,2253795
-121.67421974304544,70,2253865
-80.16600558375967,77,2253942
-108.87269937612508,73,2254015
-135.17550304014452,97,2254112
-232.16106099998288,74,2254186
-452.55143772017516,90,2254276
-169.06292711314825,107,2254383
-105.15608320298897,68,2254451
-60.46354844220686,68,2254519
-440.2923694402846,127,2254646
-89.20413377775326,78,2254724
-175.0882495747393,86,2254810
-141.63973481320653,69,2254879
-100.14804457480693,97,2254976
-181.3804343869334,105,2255081
-71.74991665450035,56,2255137
-276.1022344147493,112,2255249
-513.103173015457,83,2255332
-230.8217800145274,87,2255419
-84.91076584035356,110,2255529
-465.06310683466535,93,2255622
-130.7413090841406,94,2255716
-187.8158613885271,81,2255797
-78.25203446881653,79,2255876
99.05284090359748,1000,2256876
-171.3970302653795,94,2256970
-85.7252375404257,57,2257027
-85.19429421505167,91,2257118
-106.68039024330889,68,2257186
-290.19690170085937,120,2257306
-136.4794586584173,71,2257377
-89.59971969879457,72,2257449
-112.68078103180844,64,2257513
-137.59404762573115,77,2257590
-50.669553962088216,69,2257659
-98.22914705195907,107,2257766
-87.76126334852016,110,2257876
-79.56976512617733,88,2257964
-77.66133772534866,98,2258062
-95.86228543356927,92,2258154
-207.89984677757886,117,2258271
-99.25494305969733,68,2258339
-155.91952805252066,106,2258445
-124.26540544513912,95,2258540
-136.25090507121828,78,2258618
-79.2401057629463,59,2258677
-104.81709001513264,67,2258744
-73.00442167203502,85,2258829
-120.9147542897714,82,2258911
-100.67894930517464,82,2258993
-484.7798744912414,98,2259091
-79.39604617399702,139,2259230
-133.42869989254254,86,2259316
-398.274295845822,116,2259432
-137.33923704482478,86,2259518
-332.5332968641638,127,2259645
-61.15676391678896,76,2259721
-100.21513926931107,75,2259796
-100.01526570495164,68,2259864
-145.36214366713017,74,2259938
-79.5724417941458,64,2260002
-325.97231284227826,81,2260083
-99.53698920619452,63,2260146
-75.80286019140766,69,2260215
-97.85971952512735,73,2260288
-117.06330326004773,70,2260358
-392.1662821058035,100,2260458
-60.81202188709368,127,2260585
-131.72830347902504,91,2260676
-97.02043657643668,68,2260744
-49.61189613993167,87,2260831
-165.6867469237152,70,2260901
-113.22373616050552,80,2260981
-213.89732278268082,113,2261094
-153.4261592588345,103,2261197
-212.0088280117643,96,2261293
-78.71238896202695,75,2261368
-271.78685613517786,92,2261460
-239.75462367455714,109,2261569
-70.57568072271248,108,2261677
-213.88761816558096,115,2261792
-104.64916335911026,66,2261858
-180.08099730594114,68,2261926
-167.80057856013696,118,2262044
-104.55732465244809,73,2262117
-293.5437630596206,72,2262189
-205.64574406098356,131,2262320
-93.99846127075527,66,2262386
-96.13169250766994,109,2262495
-110.84521544742341,77,2262572
-140.8104029568754,78,2262650
-269.5778965809753,110,2262760
-139.72118933758733,120,2262880
-205.25275298619204,87,2262967
-76.26942938790377,70,2263037
-101.83174126904245,66,2263103
-197.89673607679026,125,2263228
-118.75531743846211,88,2263316
-316.36757973948124,105,2263421
-309.98948613365167,96,2263517
-328.0200313395769,70,2263587
-155.99013417140975,83,2263670
-186.63786502446294,101,2263771
-378.12806158288674,88,2263859
-209.885083076753,76,2263935
-265.8165456993619,89,2264024
-115.41590633316162,89,2264113
-115.9168554874135,55,2264168
-119.16616115938247,72,2264240
-106.68903784001414,66,2264306
-94.09910073357541,109,2264415
-267.0207153544658,117,2264532
-59.46434295663029,62,2264594
-247.66688725599766,97,2264691
-258.6375595244947,86,2264777
-137.68052468796657,96,2264873
-119.00946388206101,96,2264969
-106.64325803349884,72,2265041
-52.18457213148377,65,2265106
-109.67726573832753,106,2265212
-103.44430358678477,60,2265272
-338.22693127988805,98,2265370
-195.95718254271722,65,2265435
-88.09029143147276,67,2265502
-351.56425053013396,101,2265603
-113.9981801480845,68,2265671
-119.92469123557393,88,2265759
-402.63565407145785,116,2265875
-231.04806063797122,111,2265986
-84.6038216048234,95,2266081
-111.83561273534744,89,2266170
-115.43239532644934,66,2266236
-67.65395339122227,64,2266300
-124.86304382170005,106,2266406
-80.99439375145882,89,2266495
-98.47915131093282,68,2266563
-108.13949025144913,100,2266663
-110.56095602369315,62,2266725
-399.0991291773447,103,2266828
-80.55424826793576,69,2266897
-155.74234429713954,78,2266975
-73.45537115226455,74,2267049
-237.08184612668384,131,2267180
-67.70426978832916,68,2267248
-76.22145171745339,58,2267306
-260.61433658320414,132,2267438
-269.2852770883719,75,2267513
-119.41851841295497,99,2267612
-116.35938249321691,85,2267697
-171.8705235236513,89,2267786
-141.2984734310332,74,2267860
-66.65866768492317,67,2267927
-154.1423331283278,92,2268019
-383.88634392799946,94,2268113
-281.96332025705163,90,2268203
-131.66056334587833,66,2268269
-381.9927678969259,101,2268370
-169.5891933090566,89,2268459
-187.67633921602828,103,2268562
-186.87241326310834,61,2268623
-268.6317086957789,120,2268743
-348.851508941626,95,2268838
-207.61550123669548,78,2268916
-133.86340310239478,72,2268988
-374.0835790481906,116,2269104
-104.0014795389387,124,2269228
-118.58224642716762,95,2269323
-80.00761561828875,95,2269418
-113.37755233910616,120,2269538
-431.8355522629127,109,2269647
-170.21070912908198,60,2269707
-140.50485389522066,68,2269775
-80.54184044210267,83,2269858
-106.70133428540566,120,2269978
-167.44764635030097,92,2270070
-351.08016951979005,80,2270150
-119.41719644556184,71,2270221
-96.91975699361852,64,2270285
-155.54738343715326,64,2270349
-334.64313213406183,84,2270433
-109.5481214015054,70,2270503
-206.65785467493245,97,2270600
-260.82530651072153,94,2270694
-153.04398864588472,82,2270776
-97.9190739993908,65,2270841
-199.48748228691852,79,2270920
-81.70819515847519,65,2270985
-125.75108385277274,100,2271085
-149.17593619189466,130,2271215
-166.97630190944182,70,2271285
-243.19795675631113,88,2271373
-406.6754448819768,86,2271459
-222.77870961475662,77,2271536
-144.3656577301656,114,2271650
-209.2014356931623,121,2271771
-237.4981321178434,124,2271895
-249.12299728270517,79,2271974
-98.37742008914213,88,2272062
-104.45635241292693,111,2272173
-201.56901472395379,108,2272281
-116.1839292171416,87,2272368
-213.38293540165546,82,2272450
-131.3362458123582,99,2272549
-123.07328162351833,56,2272605
-75.85589008574695,64,2272669
-106.39353585268398,106,2272775
-189.80970021422945,91,2272866
-90.45776501135056,112,2272978
-95.3886229426615,68,2273046
-123.66460924385373,81,2273127
-128.5488811838915,111,2273238
-130.51870497273583,78,2273316
-107.84575096322973,92,2273408
-117.12400269348788,73,2273481
-89.45987106957872,79,2273560
-105.37329113688541,68,2273628
-113.32549823590305,67,2273695
-214.04406870564023,110,2273805
-111.70345337458198,86,2273891
-328.709050670685,85,2273976
2.9047969125238495,84,2274060
-106.94090180966198,119,2274179
-349.06355838309776,94,2274273
-448.4014644397748,95,2274368
-160.7715613867669,103,2274471
-412.80753747271814,123,2274594
-327.89123630781745,107,2274701
-237.1683543894814,106,2274807
-178.48256210901803,71,2274878
-378.11042574624673,94,2274972
-128.6818314284713,78,2275050
-65.83643308810963,76,2275126
-125.21776070253235,112,2275238
-129.5806508615449,82,2275320
-166.47707266826944,79,2275399
-99.867654620553,67,2275466
-77.38522738719072,80,2275546
-322.5787746792367,83,2275629
-339.1436359358895,120,2275749
-119.70807070465632,70,2275819
-200.40570574656323,82,2275901
-150.3679294769322,58,2275959
-84.44473082027594,72,2276031
-222.52947581067147,116,2276147
-239.26969990455672,124,2276271
-110.77550458142801,60,2276331
-155.79671674541584,80,2276411
-359.7446205528168,80,2276491
-395.1869037052936,124,2276615
-134.43270664315537,104,2276719
-424.66087145006014,106,2276825
-134.8174185134941,73,2276898
-162.21393685044563,104,2277002
19.341480920417737,132,2277134
-214.39860874207102,91,2277225
-115.41022745221845,65,2277290
-298.936059007107,116,2277406
-195.13044421745676,94,2277500
-69.71919475226295,85,2277585
-123.12762889096508,68,2277653
-156.13858376976344,63,2277716
-328.494991776642,72,2277788
-236.14834240044385,138,2277926
-434.44368060779203,120,2278046
-72.14272094652988,59,2278105
-191.57621542119972,121,2278226
-353.0965778973533,96,2278322
-138.17795409369074,83,2278405
-72.72125571131043,67,2278472
-210.97549661432018,60,2278532
-112.04273327714353,118,2278650
-173.48942102730138,81,2278731
-166.6048426132432,84,2278815
-55.1910439425139,59,2278874
-225.20112462582745,142,2279016
-122.84907858921864,89,2279105
-301.9318600138042,76,2279181
-15.491597081433056,115,2279296
-309.4410145619945,113,2279409
-142.90792606272538,74,2279483
-159.9594433308719,113,2279596
-326.53171381774814,80,2279676
-369.8151733579351,88,2279764
-277.52195358109697,87,2279851
-171.64332709871465,69,2279920
-59.045098217975394,82,2280002
-360.54990875111525,94,2280096
-162.1800867840928,109,2280205
-98.4621376908451,60,2280265
-544.8262197085278,120,2280385
-105.65857912709988,106,2280491
-209.75861172679754,90,2280581
-141.78082639863365,93,2280674
-126.03976562260748,65,2280739
-317.40858254162396,94,2280833
-166.73452646352018,84,2280917
-195.0742576656071,70,2280987
-367.00813226526384,75,2281062
-110.49858539669275,65,2281127
-113.47253595351637,98,2281225
-324.8309587710013,93,2281318
-156.73214745515529,115,2281433
-299.82211971535105,81,2281514
-252.64971410288865,66,2281580
-69.67476706428606,72,2281652
-249.4948424320496,88,2281740
-191.4579999782017,89,2281829
-124.37260449492135,76,2281905
-151.39621810330402,116,2282021
-156.80120754934495,108,2282129
-337.4703680725876,63,2282192
-158.04584649735983,66,2282258
-112.17815662176395,68,2282326
-83.812217397573,81,2282407
-122.99094882815137,69,2282476
-165.2871715822838,78,2282554
-83.46200618329968,94,2282648
-144.16177506962973,83,2282731
-107.72113670143105,87,2282818
-174.81823613618803,76,2282894
-91.34792764235445,87,2282981
-78.526469158526,89,2283070
-202.76634713645578,140,2283210
-175.2369028980851,81,2283291
-265.0317168831426,70,2283361
-16.81094540258053,85,2283446
-118.09324999923257,89,2283535
-416.77391315409847,87,2283622
-99.0377066938838,106,2283728
-181.90975675165862,75,2283803
-107.52524434311646,77,2283880
-106.69469136872597,96,2283976
-304.3087705153333,103,2284079
-86.41548434972843,97,2284176
-155.76414345511532,92,2284268
-360.94086088598004,98,2284366
-233.63582216290456,81,2284447
-93.81317535031577,77,2284524
-440.28078963232775,83,2284607
-131.48657844939106,72,2284679
-104.18486577866184,69,2284748
-150.35993911038977,71,2284819
-367.50922401875016,88,2284907
-394.3632240159084,92,2284999
-181.2095090650178,79,2285078
-356.4058707503784,99,2285177
-97.2469011366806,73,2285250
-489.9976592181915,113,2285363
-236.2575818629698,80,2285443
-113.25352255850564,90,2285533
-425.1111877132862,124,2285657
-178.3960649183047,72,2285729
-378.95299676815756,86,2285815
5.653349648954915,79,2285894
-88.3621356258515,79,2285973
-101.01252200771752,105,2286078
-141.81921841427615,75,2286153
-84.38511062604556,71,2286224
-161.5301793562351,104,2286328
-97.2949671909521,80,2286408
-74.04815752147758,108,2286516
-256.4731498723612,85,2286601
-86.55485275420362,101,2286702
-219.85515647292993,80,2286782
-179.2845741258788,103,2286885
-435.92042793693565,114,2286999
-55.921346509182655,121,2287120
-115.38513641943939,73,2287193
-207.45483692331675,112,2287305
-118.38075982495788,65,2287370
-325.1754033686568,113,2287483
-177.66459501690966,64,2287547
-120.32725789768351,117,2287664
-119.87575830215482,72,2287736
-89.26447352519519,91,2287827
-385.747534756666,98,2287925
-333.0421598833766,108,2288033
-88.82912174808378,81,2288114
-304.5198241927574,92,2288206
-135.01764355341925,80,2288286
-170.39675788760348,60,2288346
-9.914940497488729,121,2288467
-158.24897534918898,86,2288553
-64.4686848067715,68,2288621
-82.49638826593579,65,2288686
-324.7666389490274,110,2288796
-185.82516069834872,71,2288867
-114.4342975430059,100,2288967
-109.17641551921287,63,2289030
-359.44673336804146,102,2289132
-97.5544614027281,65,2289197
-457.1631573711907,97,2289294
-92.8144182526757,71,2289365
-121.6662751837784,84,2289449
-103.57590695068916,79,2289528
-152.0580774542513,92,2289620
-98.11451673260642,60,2289680
-102.5110832045067,95,2289775
-156.82129166224968,77,2289852
-94.52356778514157,77,2289929
-29.771075690239286,128,2290057
-136.82866968251085,83,2290140
-127.39292043291294,125,2290265
-133.82778815171997,90,2290355
-386.76435184280194,111,2290466
-78.65645500964469,69,2290535
-184.85642306062283,94,2290629
-101.4572854342216,91,2290720
-172.23356941331446,130,2290850
-253.96653416578076,100,2290950
-195.23136265115005,79,2291029
-173.03123475899804,96,2291125
-107.90380939881224,67,2291192
-133.44454815660248,105,2291297
-101.41939329449308,113,2291410
-334.5989578630473,93,2291503
-243.47823037226584,93,2291596
-174.62472703762117,83,2291679
-103.69916023605104,106,2291785
-80.55674772621279,79,2291864
-144.60890189051042,65,2291929
-168.4664264252255,99,2292028
-84.56164596378991,114,2292142
-283.9362001432503,110,2292252
-232.09805566085862,82,2292334
-280.3710237777601,123,2292457
-105.4721913229989,91,2292548
-293.25034113764536,93,2292641
-138.26135528877666,123,2292764
-424.71667567130453,90,2292854
-114.15403182410567,125,2292979
-172.36827403274168,77,2293056
-215.75742458261396,100,2293156
-97.43919989537082,63,2293219
-130.32381367955105,99,2293318
-266.58498060253544,96,2293414
-127.30219674300443,69,2293483
-72.37336517713612,81,2293564
-278.36680142454446,138,2293702
-172.35337846503418,120,2293822
-142.24204117198173,77,2293899
-321.33361534988995,93,2293992
-268.4591549233684,128,2294120
-114.35990787428243,83,2294203
-384.3777918448477,87,2294290
-64.53098492901378,68,2294358
-561.1168649051847,113,2294471
-401.5634624299817,105,2294576
-147.40542323307056,70,2294646
-276.016882064137,97,2294743
-279.12044253364314,93,2294836
-138.61602138141618,81,2294917
-154.7095506186075,78,2294995
-100.98165197243016,82,2295077
-79.36312086897694,63,2295140
-107.99601890238377,87,2295227
-105.17545182257771,66,2295293
-57.42808890342912,63,2295356
-82.599548514769,73,2295429
-209.3371313841448,71,2295500
-84.06507702812536,102,2295602
-292.0217052078573,77,2295679
-109.83332983976479,89,2295768
-93.72827894323726,62,2295830
-107.58986393916143,95,2295925
-103.9277759198705,72,2295997
-148.0205982351154,106,2296103
10.577174789002044,138,2296241
-374.01975582702573,117,2296358
-118.06859255040575,83,2296441
-88.00818736471568,69,2296510
-126.49050523138901,93,2296603
-119.90813999257206,128,2296731
-354.5198830208062,85,2296816
-95.52209862306911,54,2296870
-112.4231265058138,108,2296978
-78.8979030845856,78,2297056
-174.47699530568516,72,2297128
-153.71307346764394,80,2297208
-144.21078317336168,94,2297302
-179.7373060294616,111,2297413
-179.26485561483403,90,2297503
-152.06587988542893,118,2297621
-319.1303544271321,102,2297723
-141.48855267246347,87,2297810
0.9765392145175724,134,2297944
-59.35817754320085,106,2298050
-155.04257954190297,122,2298172
-121.5202074165032,93,2298265
-235.2972890476148,128,2298393
-192.65901738777268,66,2298459
-252.64331419260455,96,2298555
-101.59700241317213,90,2298645
-226.58138048664648,116,2298761
-400.89304254063467,106,2298867
-153.3253672942763,106,2298973
-87.84735638103389,101,2299074
-84.48685848419659,57,2299131
-229.15300362195237,89,2299220
-155.37853732998394,122,2299342
-129.10260050203033,73,2299415
-330.0373571043357,99,2299514
-165.39505869975596,118,2299632
-88.56386681853908,73,2299705
-420.33519702194195,107,2299812
-74.60365692970544,68,2299880
-99.0253905131332,71,2299951
-242.8449297845513,67,2300018
-209.94490811119607,109,2300127
-297.72951637937297,64,2300191
-59.31845646050094,68,2300259
-215.23908702306056,109,2300368
-107.44903177876863,72,2300440
-271.0537463250614,109,2300549
-32.607150525799625,97,2300646
-352.3627217966082,124,2300770
-75.40980179940573,70,2300840
-90.89472349945886,91,2300931
-51.76848422113622,125,2301056
-167.11983335261962,65,2301121
-80.89314035421633,85,2301206
-69.2424905765252,71,2301277
-105.52515530680607,73,2301350
-234.1460977912171,92,2301442
-117.92625503009758,120,2301562
-71.98803740094596,75,2301637
-136.18743452256913,100,2301737
-110.52750631041634,116,2301853
-73.02121509834137,59,2301912
-424.21527746663696,103,2302015
-99.61069924208232,94,2302109
-263.24597875949917,93,2302202
-317.5976538684593,93,2302295
-289.1991647449714,83,2302378
-50.410346153893926,67,2302445
-120.31552362404076,100,2302545
-373.2205505666247,97,2302642
-136.62627719260075,95,2302737
4.916355693750134,67,2302804
-383.35535638162617,82,2302886
-128.8491652963689,71,2302957
-150.9322349228051,81,2303038
-134.57286422024492,61,2303099
-219.15172840584654,87,2303186
-415.50796030887136,106,2303292
-330.7339788125157,83,2303375
-11.18521102968002,75,2303450
-193.4213403589,87,2303537
-126.12394937431395,99,2303636
-87.09344477374222,87,2303723
-221.4918738559744,151,2303874
-201.5155300117312,72,2303946
-285.22422038236175,123,2304069
-267.7794480477578,88,2304157
-123.9441949872471,62,2304219
-110.12664474011888,68,2304287
-238.34471393221168,100,2304387
-206.0284544222834,78,2304465
-87.71200030607126,64,2304529
-143.3788161645046,68,2304597
-7.296177805123207,106,2304703
-278.82031307791596,93,2304796
-221.2007296835378,100,2304896
-279.7488011640298,93,2304989
-168.68895336854507,102,2305091
-161.70854343268263,83,2305174
-134.86366421169708,86,2305260
-116.29756425179593,88,2305348
-115.04113902215198,70,2305418
2.7970141178165875,91,2305509
-136.96124160418236,70,2305579
-203.6690418321958,81,2305660
-101.23383102439134,78,2305738
-46.185616918583534,78,2305816
49.58453720931266,119,2305935
-152.0356240085882,131,2306066
-334.8278494729686,85,2306151
-87.31989221747355,74,2306225
-345.3258432413836,81,2306306
-46.85407123777177,60,2306366
-111.49485958025744,78,2306444
-142.7764429360264,58,2306502
-185.8914592325526,70,2306572
-145.93035236777382,125,2306697
-139.95399901864636,71,2306768
-98.81791884144386,61,2306829
-168.9414491654501,61,2306890
-93.51658681094426,76,2306966
-95.46895210086804,82,2307048
-371.28087962042446,127,2307175
-27.57938029288414,94,2307269
-96.72850534690998,77,2307346
-88.45829809220663,71,2307417
-208.35379610158031,89,2307506
-269.6524367061036,90,2307596
-159.71686973367252,61,2307657
-139.84153632079403,63,2307720
-255.3005906682114,90,2307810
-202.27319739187163,80,2307890
-162.95418114395878,92,2307982
-78.03313848670035,67,2308049
-124.32872796649005,148,2308197
-138.21591893791538,78,2308275
-134.87125988520324,117,2308392
-278.6964490397347,83,2308475
-225.30795719115469,97,2308572
-222.0017830492297,129,2308701
-106.42799073379638,98,2308799
-40.32443800538343,85,2308884
-268.5828081070702,89,2308973
-190.85536273672113,118,2309091
-371.8651247175209,98,2309189
-69.18421182993043,119,2309308
-246.74309313402605,121,2309429
-141.5207926883406,66,2309495
-98.78187260575352,80,2309575
-150.89461652102074,86,2309661
-157.42713128347845,98,2309759
-197.6321856698454,131,2309890
-164.71715921950545,97,2309987
-147.09673446829754,73,2310060
-137.03701978807675,89,2310149
-121.1116713442484,72,2310221
-100.03684970794819,121,2310342
-340.33635708218003,151,2310493
-173.39493640591883,70,2310563
-113.04612722253111,81,2310644
-240.33896338348234,124,2310768
-315.13708005546016,117,2310885
-105.77950172934008,76,2310961
-128.03473400510208,104,2311065
-365.47775708927406,81,2311146
-113.37163665517011,76,2311222
-111.27853498137522,79,2311301
-140.26959681769523,109,2311410
-84.61652786987676,119,2311529
-348.5915193416953,83,2311612
-435.55767143575434,138,2311750
-96.4486575069051,63,2311813
-113.61796795250075,78,2311891
-361.3444260568706,89,2311980
-440.81341680028646,104,2312084
-118.36310106330535,108,2312192
8.81383830112317,89,2312281
-85.72549394352272,71,2312352
-395.16454319850527,116,2312468
-270.5092229098084,115,2312583
-307.7426683804506,107,2312690
-337.19560406099214,86,2312776
-468.54033334004646,88,2312864
-127.58956578894114,63,2312927
-99.14814705570613,84,2313011
-354.85903143100745,109,2313120
-120.77206700861446,117,2313237
-112.70400874852668,105,2313342
-105.34528874565645,83,2313425
-97.92047101281258,73,2313498
-270.8971840611263,92,2313590
-174.32364784896345,85,2313675
-113.11783479040868,86,2313761
-101.85184618709837,82,2313843
-39.22318768921403,136,2313979
-86.55622787231736,97,2314076
-304.4686104044751,82,2314158
-117.10113650548348,84,2314242
-216.57585567676188,70,2314312
-122.88236617767939,114,2314426
-164.2332851358285,98,2314524
-33.19166389011029,120,2314644
-104.75948906264836,85,2314729
-219.7220716127785,102,2314831
-131.49826253272767,87,2314918
-121.15618731191944,78,2314996
-372.0678442963782,96,2315092
-218.3479501230667,100,2315192
-102.37899684191586,86,2315278
-159.36198392938581,136,2315414
-138.46031481413434,94,2315508
-116.11237585280412,92,2315600
-95.55499320478786,81,2315681
-56.769770193299856,104,2315785
-362.8500607253972,100,2315885
-148.59726130167627,73,2315958
-145.61746835137342,102,2316060
-139.26333757645415,83,2316143
-71.06770926054833,81,2316224
-158.90000974177855,59,2316283
-437.854645735402,103,2316386
-504.11937867179216,83,2316469
-400.04168921033727,82,2316551
-106.33351965222,90,2316641
11.97185765731902,137,2316778
-369.1142970350136,110,2316888
-158.12944946898895,62,2316950
-472.2854178322647,85,2317035
-105.30115896735897,82,2317117
-7.625170351164854,122,2317239
-153.37214523851992,95,2317334
-358.11472716783766,123,2317457
-211.98392144828608,89,2317546
-196.5024827841922,103,2317649
-461.7840789745828,88,2317737
-140.85587104909035,116,2317853
-101.90405354312065,80,2317933
-116.19901158944046,63,2317996
-416.30196090522827,87,2318083
-326.89245658748166,66,2318149
-114.76711108747278,91,2318240
-137.475279902273,81,2318321
-248.65133719692997,70,2318391
-178.52965808147945,77,2318468
-150.58581566607305,127,2318595
-122.9502562641829,87,2318682
-118.03895451690232,103,2318785
-244.0596484375149,102,2318887
-153.37200034442503,93,2318980
-105.49393496727208,92,2319072
-236.89988841370737,106,2319178
-37.128242275045935,88,2319266
-235.34979504991477,146,2319412
-80.65302775005507,84,2319496
-123.32666818846056,116,2319612
-325.16805975068786,109,2319721
-240.48830277248675,83,2319804
-2.019952708734735,133,2319937
-103.9955022667407,98,2320035
-174.80288161942974,112,2320147
-165.17308121776415,88,2320235
-396.428920112068,97,2320332
-338.0704795311915,118,2320450
-246.87349410440143,102,2320552
-114.45715309377108,104,2320656
-162.41075009374737,75,2320731
-193.80051625818834,115,2320846
-158.33549287919072,69,2320915
-334.0851056980674,118,2321033
-107.00103125068547,89,2321122
-451.6904636645956,116,2321238
-385.64687940447726,106,2321344
-211.22856601912667,121,2321465
-176.5615559089527,152,2321617
-249.73037362524056,110,2321727
-145.7582901211681,83,2321810
-428.73740376526973,102,2321912
-453.3156469140825,97,2322009
-336.0857023641556,94,2322103
-82.03467420905517,95,2322198
-229.19946500550432,71,2322269
8.123567856893743,62,2322331
-82.76255288746484,71,2322402
-141.4430412136122,99,2322501
-129.85544474078085,96,2322597
-193.71349020120766,98,2322695
-378.07263992033495,106,2322801
-271.23077483175075,94,2322895
-123.50224940735647,72,2322967
-112.58709237202045,87,2323054
-291.1874449535278,113,2323167
-195.33628612954536,69,2323236
-162.33108812155876,97,2323333
-162.66440968153347,106,2323439
-171.19856539063034,93,2323532
-347.33858142565305,79,2323611
-243.61123066848336,120,2323731
-223.35790493588053,65,2323796
-126.29415421778043,100,2323896
-173.43132286021972,102,2323998
-381.21754310274423,100,2324098
-123.99535806350468,89,2324187
-81.69646240408701,111,2324298
-513.2374834937777,107,2324405
-234.4887907728037,114,2324519
-444.112209929076,107,2324626
-71.79200914779516,79,2324705
-431.22806490762173,84,2324789
-87.84138544400965,80,2324869
-74.72664062127981,61,2324930
-91.75518463090252,96,2325026
-75.02011527158061,63,2325089
-56.14087924337391,74,2325163
-411.16406726404347,94,2325257
-394.4528850769121,116,2325373
-118.12824401540422,137,2325510
-233.53826514116287,82,2325592
-97.79375502544985,84,2325676
-96.20012799582815,94,2325770
-54.01491888719667,112,2325882
-137.24900959032726,96,2325978
-89.44621818462838,80,2326058
-155.8802217298328,62,2326120
-11.300757792459777,90,2326210
-114.65462758287626,74,2326284
-129.67166547735656,81,2326365
-154.37413954421015,103,2326468
-72.06569655403682,75,2326543
-378.60032243218967,95,2326638
-139.72664364146004,111,2326749
-285.13955508615504,95,2326844
-138.07280335550254,81,2326925
-70.61323211209427,60,2326985
-159.05827491878318,76,2327061
-82.0255558950833,59,2327120
2.7641363194793627,90,2327210
-239.06121024904382,95,2327305
-311.6841473878865,83,2327388
-115.52680397884275,65,2327453
-543.3874862302838,183,2327636
-227.57661655976938,100,2327736
-112.12312008773264,122,2327858
-297.58402619370906,94,2327952
-152.3104311976533,90,2328042
-252.6052999400522,107,2328149
-216.15289301198226,113,2328262
-103.9929565463878,73,2328335
-138.71482425436886,93,2328428
-304.9654716233741,70,2328498
-423.15224952975814,150,2328648
-189.48967840671705,103,2328751
-91.45010944692149,60,2328811
-174.36944565582684,83,2328894
-131.15885165532637,77,2328971
-359.26124902256817,127,2329098
-81.65307018740813,62,2329160
-91.53971782733636,58,2329218
-80.98636320159389,75,2329293
-65.00449122899059,60,2329353
-107.47629493151756,65,2329418
-207.57477170659996,59,2329477
-135.8339822640982,116,2329593
-127.9433488836947,73,2329666
-147.78768427677375,121,2329787
-342.4743121277872,138,2329925
-159.90853852989898,112,2330037
-154.7344347146535,129,2330166
-141.28016317123047,104,2330270
-146.85636558507508,86,2330356
-114.24697747437256,97,2330453
-125.30492150527121,141,2330594
-270.25556106163333,102,2330696
-204.69519797399118,90,2330786
-133.73815380904924,66,2330852
-118.4742653407154,99,2330951
-367.5791135931182,106,2331057
-363.11558568685706,113,2331170
-287.84724519155145,95,2331265
-87.48659211739393,63,2331328
-206.54344291710225,95,2331423
-150.92780943256446,126,2331549
-110.9486495339255,87,2331636
-249.13303755106213,107,2331743
-80.69102502048085,64,2331807
-84.99001788566912,61,2331868
-265.13347959583757,110,2331978
-55.9640643436089,114,2332092
-170.98691781429463,107,2332199
-101.47436111202323,73,2332272
-18.81555369598057,97,2332369
-115.13594660410506,90,2332459
-127.93529684219799,98,2332557
-210.0398750091663,120,2332677
-140.13303072414615,90,2332767
-120.18008767198056,86,2332853
-116.68625428370902,90,2332943
-234.60426264702292,106,2333049
-187.39911068338904,89,2333138
-137.78854256674418,126,2333264
-28.15170114369569,76,2333340
-366.03849438598166,97,2333437
-148.1270846880081,73,2333510
-416.4249147400087,103,2333613
-197.73237234425204,76,2333689
-315.01045704440287,109,2333798
-203.17534723366703,65,2333863
-94.92071429301883,112,2333975
-122.88634974014141,82,2334057
-99.91169155262857,84,2334141
-274.85240965696516,105,2334246
-135.62086538441042,96,2334342
-85.74842824095583,66,2334408
-81.36356789827138,72,2334480
-63.726236194113085,58,2334538
-471.47088323097313,102,2334640
-101.49572858793928,60,2334700
-212.74442887813436,126,2334826
-194.53735568238517,80,2334906
-137.16557966733342,128,2335034
-196.97318179082993,66,2335100
-91.25422430232639,86,2335186
-438.3823259167048,105,2335291
-127.65605345086308,78,2335369
-148.2528305127533,142,2335511
-142.12271543884088,119,2335630
-116.51934970118631,88,2335718
-58.477978919733545,71,2335789
-135.48467300464176,79,2335868
-214.40160524977904,124,2335992
-124.39756501435774,77,2336069
-211.7932062473484,72,2336141
-117.99539974938796,70,2336211
-111.1109365893657,81,2336292
-128.79104331589673,88,2336380
-259.1589698727587,102,2336482
-216.5363447390844,68,2336550
-75.51787878629492,60,2336610
-198.7492024495341,77,2336687
-292.2079304605853,109,2336796
-597.6857892066787,99,2336895
-158.24693649482603,128,2337023
-122.76838541372067,120,2337143
-129.3392340261739,83,2337226
-133.49982161706345,93,2337319
-136.16072061077875,83,2337402
-118.15084962349128,75,2337477
-165.44432267623267,126,2337603
-102.53866087959997,79,2337682
-75.99686744584578,58,2337740
-258.9280517261143,99,2337839
-124.26017319546276,82,2337921
-286.21812218627775,77,2337998
-121.94658405636778,60,2338058
-186.37439958869788,82,2338140
-257.3615366994583,93,2338233
-46.5109816081105,81,2338314
-144.39529216842809,82,2338396
-357.49038205613516,116,2338512
-353.47275910218923,91,2338603
-228.36158878319486,100,2338703
-177.1802140660771,63,2338766
-142.27421794875482,118,2338884
-125.39709758231928,109,2338993
-256.6404739404371,90,2339083
-315.3180264057488,113,2339196
-194.3134530632068,73,2339269
-95.671399528331,68,2339337
-392.5620693801351,90,2339427
-290.4095236109505,131,2339558
-82.7977383171901,80,2339638
-434.3353135302238,108,2339746
-57.11937416771785,67,2339813
8.702070911952376,90,2339903
-278.6116180747118,105,2340008
-301.99739741534006,88,2340096
-41.35960680129823,115,2340211
-195.58824030900595,118,2340329
-310.30868019406586,127,2340456
-194.187799815158,86,2340542
-380.35804140457896,107,2340649
-126.0760758896462,77,2340726
-180.1930589973,104,2340830
-263.37685252059686,92,2340922
-108.04908875929212,77,2340999
0.6232093578880864,103,2341102
-149.70452602987325,65,2341167
-336.3401938635558,95,2341262
-271.8946015740775,87,2341349
-349.5662756410394,95,2341444
-255.45744041340743,64,2341508
-351.45829912654284,111,2341619
-135.0640461110637,98,2341717
-98.14500074693348,69,2341786
-84.9404724060323,79,2341865
-66.87469534485808,67,2341932
-396.24887077971425,100,2342032
-93.21222299941596,63,2342095
-350.62858935533677,112,2342207
-96.90046430477287,77,2342284
-125.39119286274968,104,2342388
-467.31231349561796,94,2342482
-130.30269365386582,68,2342550
-303.34324781075435,112,2342662
-410.7857356746064,89,2342751
-133.28418732848837,78,2342829
-61.59291831016833,66,2342895
-252.36000053480015,111,2343006
-250.59457910648626,82,2343088
-142.28891081374408,82,2343170
-94.23428670260687,75,2343245
-321.76300979795593,100,2343345
-105.37097209586932,67,2343412
-83.51743192689781,68,2343480
-309.8961734545651,118,2343598
-337.5375064604957,73,2343671
-215.86347153784408,98,2343769
-79.45814531765498,61,2343830
-31.224089989768544,86,2343916
-327.7834237574068,83,2343999
-230.41004171531412,114,2344113
-135.19654141926736,106,2344219
-304.8682875573919,105,2344324
-94.95670125036203,80,2344404
-132.51749634837043,117,2344521
-113.98461293158958,117,2344638
-137.19325760215654,75,2344713
-187.0291389931374,68,2344781
-205.2520007467322,82,2344863
-92.5556129764812,89,2344952
-398.84604892665305,134,2345086
-130.49013728563992,96,2345182
-129.42779312846474,79,2345261
-118.581115488746,79,2345340
-135.97528590614633,131,2345471
-318.87765773676665,94,2345565
-176.09864338884626,124,2345689
-140.47904205678248,69,2345758
-286.3680309448756,98,2345856
-84.38584583345425,86,2345942
-372.32864488069646,110,2346052
-163.61091689867501,114,2346166
-278.1604835166869,88,2346254
-93.87398163098995,79,2346333
-179.31344954182947,135,2346468
-390.41006373479007,86,2346554
-110.29701182691656,63,2346617
-111.04597843826473,87,2346704
-397.87017682119813,93,2346797
-93.9462980453293,65,2346862
-316.7944572057095,108,2346970
-361.0879227929275,120,2347090
-367.25718120455235,99,2347189
-125.1981353415164,85,2347274
-69.70197688188472,109,2347383
-127.3737227002046,118,2347501
-229.393653723537,104,2347605
-168.87380337954238,111,2347716
-116.07150385956758,105,2347821
-126.88788640341292,78,2347899
-182.6213989530063,132,2348031
-108.66782546330961,78,2348109
-293.3143502178624,95,2348204
-158.53995343838247,87,2348291
-232.08352352064657,123,2348414
-102.30177958078914,74,2348488
-311.3630069580804,84,2348572
-409.29429509373244,134,2348706
-125.43741032345268,80,2348786
-449.75043996744967,93,2348879
-98.5769488087031,64,2348943
-121.01084093331923,68,2349011
-165.6771353322129,72,2349083
-105.95652429688437,90,2349173
-153.359886542504,96,2349269
-104.52232077394125,122,2349391
-115.12719613580506,123,2349514
-249.00058118054162,99,2349613
-110.68475338299676,103,2349716
-170.04193628972305,53,2349769
-185.83431065722135,86,2349855
-475.6802220312831,94,2349949
-93.76142657365457,104,2350053
-140.92771831871084,106,2350159
-379.0647074497741,117,2350276
-215.6144536488792,137,2350413
-49.95369267508157,65,2350478
-378.249836532513,105,2350583
-34.8239638122261,79,2350662
-159.8339944291382,136,2350798
-343.489776655661,108,2350906
-165.4365477235493,87,2350993
-407.58632995802435,109,2351102
-215.65235694962323,122,2351224
-127.27972317595298,108,2351332
-233.95326923933666,107,2351439
-363.9022283614239,77,2351516
-106.78741622984838,122,2351638
-157.4770737611085,107,2351745
-328.5896079944757,106,2351851
-474.3382606794909,118,2351969
-317.08556221908236,87,2352056
-91.3612730693689,94,2352150
-55.25859169671367,138,2352288
-224.98196066780636,79,2352367
-152.74200379648352,117,2352484
-341.7970667767142,85,2352569
-274.7188609864924,90,2352659
-278.80417597071926,82,2352741
-291.9348476739567,86,2352827
-101.44263633520264,67,2352894
-133.61651450256517,84,2352978
-234.08061332057628,103,2353081
-260.5336244824819,102,2353183
-108.50457739617136,71,2353254
-154.175648164221,63,2353317
-315.45082199375537,120,2353437
-126.07455758988432,106,2353543
-47.94142959359387,90,2353633
-188.5643835266905,81,2353714
-118.03478729065307,67,2353781
-93.2383963662076,60,2353841
-169.64278421141563,128,2353969
-243.64667331817444,78,2354047
-107.93154688854838,71,2354118
-99.15001943592688,79,2354197
-117.62999080742169,58,2354255
-230.46978221625076,107,2354362
-203.8416198297269,73,2354435
-418.41413265903014,114,2354549
-145.65310162640804,79,2354628
-69.00048627615554,65,2354693
-227.54590891029366,102,2354795
-210.12730834804898,115,2354910
-155.93004736155893,110,2355020
-67.20465183750133,67,2355087
-109.97027505781288,118,2355205
-30.063390564343678,96,2355301
-254.80124970901133,93,2355394
-342.30524590492405,102,2355496
-273.54436169723033,96,2355592
-107.67284417942953,64,2355656
-285.37925929248775,107,2355763
-443.0045300927905,88,2355851
-329.9306933930412,102,2355953
-146.25846804244864,128,2356081
-143.9859427156182,104,2356185
-65.47046899000688,63,2356248
-130.64843689261505,80,2356328
-125.86627690916987,85,2356413
-245.22298591330434,90,2356503
-143.58041848138996,70,2356573
-102.90374011402763,79,2356652
-202.04820487575728,72,2356724
-98.92090273277059,137,2356861
-107.78179197324499,76,2356937
-284.76366346509,98,2357035
-156.96800931063208,76,2357111
-86.0396188377851,65,2357176
-373.27519761972786,79,2357255
-296.9649363506042,99,2357354
-275.6951036574784,94,2357448
-76.81677415955134,103,2357551
-180.65933742902718,112,2357663
-118.66122929891745,80,2357743
-124.477045859986,75,2357818
-295.95204424831593,110,2357928
-289.3541577366279,125,2358053
-105.0178944911423,140,2358193
-129.6720101998431,111,2358304
-196.06772793007653,106,2358410
-126.23788770219342,113,2358523
-68.81055758160508,116,2358639
-91.01078453171169,111,2358750
-328.57963285719916,84,2358834
-162.96194504796256,71,2358905
-109.00832961769589,65,2358970
-116.76107189055402,78,2359048
-84.76136930380359,100,2359148
-282.21011947417685,115,2359263
-68.95720606595582,83,2359346
-133.4687470022585,80,2359426
-111.5819334242297,82,2359508
-129.13374719138864,91,2359599
-124.3144070014736,97,2359696
-106.50825700863824,78,2359774
-235.66374470290015,87,2359861
-84.43835132649971,65,2359926
-67.62765540353521,67,2359993
-236.64734769458758,85,2360078
-163.89172340392827,103,2360181
-42.47497575294817,69,2360250
-144.52303563284863,96,2360346
-342.924664118803,96,2360442
-191.9941802697377,86,2360528
-236.96514389268583,125,2360653
-77.2625818745539,63,2360716
-266.7764377474532,90,2360806
-144.04829238164007,110,2360916
-142.52579123823253,96,2361012
-127.79307934669208,82,2361094
-122.37195606948511,114,2361208
-125.64941686865879,86,2361294
-42.6635951005466,75,2361369
-176.2377371908454,120,2361489
-257.0943848902127,114,2361603
-60.09250489459959,74,2361677
-128.21927606875403,102,2361779
-176.3084708640584,62,2361841
-92.19278852260487,131,2361972
-207.00186434005852,97,2362069
-310.545268186859,105,2362174
-64.70566857580259,79,2362253
-325.2725418522509,127,2362380
-316.0766390745989,119,2362499
-95.9859324658802,62,2362561
-99.28894204662743,70,2362631
-230.960549108543,112,2362743
-83.1948663599941,74,2362817
-101.22186312775119,119,2362936
-134.54836066418795,122,2363058
-138.3655858546255,84,2363142
-121.19845211726307,103,2363245
-250.38990549351732,102,2363347
-60.66999420480675,70,2363417
-340.8758850395952,118,2363535
22.324691178355764,73,2363608
-350.3379711782732,84,2363692
-184.7924824664932,97,2363789
-429.8284106569272,132,2363921
-265.0303651171104,106,2364027
-124.59284494227725,78,2364105
-104.558074397033,59,2364164
-50.15629452332706,72,2364236
-156.14200122850662,106,2364342
-97.56124270202645,69,2364411
-153.7957245020772,110,2364521
-321.3328023812603,80,2364601
-77.18707257649339,73,2364674
-17.4522401104619,119,2364793
-388.9768175344752,111,2364904
-246.94849923832783,75,2364979
-236.3963703896005,122,2365101
-171.83904607252128,77,2365178
-371.23407661186127,105,2365283
-168.19987241007001,109,2365392
-201.83561486189635,63,2365455
-326.4884388089596,118,2365573
-296.76152108788705,92,2365665
-148.28276533327443,66,2365731
-150.36336328661875,80,2365811
-468.2197090346185,114,2365925
-140.27503453532285,99,2366024
-85.95203136937548,73,2366097
-211.34807910966276,104,2366201
-45.97125908201356,140,2366341
-337.9725117258484,94,2366435
-111.64595328163394,68,2366503
-219.4966315194377,62,2366565
-476.42953055997526,105,2366670
-199.68734062041483,134,2366804
-125.1996551473158,89,2366893
-139.6957702384954,99,2366992
-325.0500788479544,158,2367150
-80.22881582303192,92,2367242
-91.16180091929333,74,2367316
-67.26214395671215,62,2367378
-289.5910651499365,78,2367456
-88.7557010248996,63,2367519
-100.16409141645313,65,2367584
-352.2133261579203,115,2367699
-134.90965339281908,83,2367782
-125.27671055060998,123,2367905
-132.01846207489567,97,2368002
-103.77045154080434,73,2368075
-223.7595198609095,102,2368177
-184.5636250976301,68,2368245
-45.28923779891384,112,2368357
-68.12600246360608,102,2368459
-294.6081213514538,81,2368540
-192.06557367797035,79,2368619
-112.98238801172859,89,2368708
-85.32533212061571,86,2368794
-236.71882777837283,113,2368907
-257.20246116152134,146,2369053
-268.8361837422595,90,2369143
-74.23815857389036,68,2369211
-368.28124891998925,85,2369296
-155.35119468663157,75,2369371
-357.69105719190765,96,2369467
-80.46398694470129,59,2369526
-104.14050420805626,96,2369622
-273.1734561206074,96,2369718
-103.4163869061322,82,2369800
-174.98647009327152,104,2369904
-339.55546280796426,85,2369989
-78.38460097326823,73,2370062
-90.45773111575744,78,2370140
-151.24542036984883,87,2370227
-97.34966449182409,82,2370309
-571.8433647612169,92,2370401
-178.90766991556336,99,2370500
16.048898646333555,91,2370591
-91.04244719900468,75,2370666
-128.2733322936096,116,2370782
-147.66321992357985,72,2370854
-75.65497842778876,104,2370958
-457.61927506009766,92,2371050
-184.7085184431965,70,2371120
-82.70423940335255,81,2371201
-165.82758554366373,131,2371332
-258.23342234064455,96,2371428
-258.713901782443,89,2371517
-86.50994749857777,66,2371583
-192.04417333374798,119,2371702
-285.8942940989854,120,2371822
-202.3350158596524,120,2371942
-310.4230310603092,71,2372013
-154.37906996322977,86,2372099
-256.73563487343233,126,2372225
-71.70648730887208,77,2372302
-117.00477999305716,98,2372400
-91.62167500393127,127,2372527
-79.74120815184081,68,2372595
-91.20020670701533,100,2372695
-337.07794772062306,83,2372778
-99.84534565356154,75,2372853
-218.1371401875017,92,2372945
-223.9703076290015,101,2373046
-73.93092761694352,88,2373134
-368.4791297688016,120,2373254
-146.65088926863268,61,2373315
-110.0914435147244,82,2373397
-145.24979404284323,123,2373520
-159.84361991403432,77,2373597
-89.1190980465644,89,2373686
-124.92453336560195,101,2373787
-312.53751044713295,116,2373903
-283.26782869542694,108,2374011
-112.57520826076745,107,2374118
-221.4731371161601,76,2374194
-97.0570962993823,72,2374266
-111.19476151024918,90,2374356
-124.08130951184961,78,2374434
-102.99010332567151,60,2374494
-145.13907493738546,102,2374596
-141.0491257196519,127,2374723
-78.23743284992611,63,2374786
-174.83584506924262,154,2374940
-101.48524841890175,81,2375021
-112.79044080863738,76,2375097
-311.93635562417853,142,2375239
-120.61403572732164,110,2375349
-220.9595537908835,67,2375416
-70.49534597823194,68,2375484
-106.30944195930124,80,2375564
-96.64067300674758,59,2375623
-268.05776647477614,103,2375726
-377.9033790694309,81,2375807
-134.6860059432371,109,2375916
-326.7357673151673,79,2375995
-113.70038810998243,109,2376104
-141.55552114306542,83,2376187
-366.55961678684724,99,2376286
-313.0041752732438,96,2376382
-208.98067171236127,145,2376527
-132.85726007018133,62,2376589
-152.8548935339335,123,2376712
-64.33636100029786,65,2376777
-101.22875776140546,127,2376904
-230.30683730728714,65,2376969
-197.02857193369337,116,2377085
-516.7237809838191,142,2377227
-162.9509639781175,102,2377329
-157.2483546888642,66,2377395
-205.74395450031778,78,2377473
-517.7887391344468,133,2377606
-117.74510078194658,98,2377704
24.145850698837563,63,2377767
-163.03872347679493,97,2377864
-83.7611379373948,82,2377946
-115.70729492803382,79,2378025
-384.2438195209912,102,2378127
-97.32863800632676,68,2378195
-103.24400966788055,100,2378295
-144.05422154354275,113,2378408
-152.81787872206115,119,2378527
-375.63259697851333,103,2378630
-420.13070711925394,101,2378731
-257.1262417803613,119,2378850
-123.43471300018824,77,2378927
-84.82403282481852,75,2379002
-272.3000165073395,94,2379096
-206.50363452263065,127,2379223
-318.8854767437943,87,2379310
-101.7153789510893,67,2379377
-62.73978407307723,75,2379452
-194.83465329675664,111,2379563
-268.7795190439573,110,2379673
-99.30750793698171,58,2379731
-206.9094782613368,68,2379799
-171.7831163238866,124,2379923
-108.77038276372235,80,2380003
-307.04858850871034,146,2380149
-70.298399503584,60,2380209
-101.18602003602012,75,2380284
-118.32012329361069,68,2380352
-146.94800680881525,103,2380455
-167.36595951496255,124,2380579
-53.12093616025828,70,2380649
-141.401835906539,121,2380770
-99.64895516170581,131,2380901
-160.18732157766271,60,2380961
-116.92347928150676,102,2381063
-2.0555299679589893,126,2381189
-78.1318105580101,94,2381283
-369.2695124382328,103,2381386
-366.56402553802866,112,2381498
-214.23771255712904,78,2381576
-77.93869919104813,134,2381710
-81.83968711297248,70,2381780
-116.21719627718387,67,2381847
-183.2481707388133,70,2381917
-156.97003603179482,73,2381990
-240.8039060886925,84,2382074
-63.09835755903899,123,2382197
-140.2179790186616,88,2382285
-117.35167318745721,70,2382355
-53.23684756381425,76,2382431
-85.45172012239867,81,2382512
-106.33958160335126,72,2382584
-107.08962085104592,107,2382691
-83.0716189271786,62,2382753
-234.06796585280264,91,2382844
-109.27408359543323,107,2382951
-391.40570020672106,82,2383033
-453.1264140246941,101,2383134
-299.9945423067444,102,2383236
-283.593393575847,82,2383318
-188.205082880263,84,2383402
-245.80912756440938,88,2383490
-285.71355314216135,90,2383580
-128.15809423550596,98,2383678
-149.45573053002556,103,2383781
-186.056988734936,122,2383903
-159.1814674833568,89,2383992
-119.15960465487973,116,2384108
-130.23771834156335,76,2384184
-74.7511761963731,77,2384261
-285.55081302631345,72,2384333
-104.00613219573913,75,2384408
-126.11154037602552,61,2384469
-98.50938405981277,81,2384550
-90.4545111365711,87,2384637
-109.89757465297056,65,2384702
-155.53569787880022,112,2384814
-332.2575471238638,113,2384927
-114.77329600293342,78,2385005
-134.38869730526034,118,2385123
-124.3795021168202,92,2385215
-120.89094474398541,66,2385281
-92.14013002717265,67,2385348
-80.57718711064858,68,2385416
-118.20989762101918,86,2385502
-374.2252507383078,90,2385592
-120.06693763413799,65,2385657
-138.80974034495037,119,2385776
-147.87342945863645,83,2385859
-238.39376680641604,102,2385961
-166.31772632227748,116,2386077
-288.1734083031581,92,2386169
-98.11448913437474,87,2386256
-265.9527658528117,101,2386357
-165.27626044083985,88,2386445
-90.77572341696789,73,2386518
-122.0626603024699,68,2386586
-96.91971066853775,66,2386652
-103.67615912107212,105,2386757
-86.8399250178997,63,2386820
-98.67170922591636,70,2386890
-109.010196804214,66,2386956
-91.66330538857095,72,2387028
-228.34482432000007,62,2387090
-105.92509848848037,88,2387178
-249.05054451698462,107,2387285
-125.43098844711938,88,2387373
-133.23830245486894,144,2387517
-68.08747809474241,77,2387594
-204.83898628077486,110,2387704
-287.3338420677811,123,2387827
-334.10852877867853,85,2387912
-250.68955167049523,101,2388013
-116.73219350625682,104,2388117
-51.59808842851845,78,2388195
-336.23184089445806,81,2388276
-261.3742777321082,67,2388343
-391.6627819698764,127,2388470
-294.05138592726837,137,2388607
-120.10732497361953,75,2388682
-125.97401971968648,65,2388747
-399.5361462564011,115,2388862
-168.414452097506,88,2388950
-244.38165515869358,98,2389048
-228.8530938594472,81,2389129
-101.09944167079124,57,2389186
-67.7229860201994,79,2389265
-179.3702297141657,114,2389379
-101.69578974768183,76,2389455
-184.35597879130793,84,2389539
-108.9989316913621,95,2389634
-85.98478872517369,65,2389699
-136.25032027065205,64,2389763
-97.25455318650387,82,2389845
-126.34688072515807,98,2389943
-381.31454870067046,88,2390031
-291.24223133854696,74,2390105
-132.12088628189903,117,2390222
-426.6632346757419,91,2390313
-110.55889112863984,88,2390401
-144.9972223715664,86,2390487
-126.18309652529206,72,2390559
-174.90998695729664,76,2390635
-125.41513559193169,60,2390695
-15.00718983475538,98,2390793
-166.79261765453143,91,2390884
-173.79530092875123,102,2390986
-401.1758838424421,99,2391085
-116.81840419519858,64,2391149
-133.17009435464036,70,2391219
-140.9317110064541,65,2391284
-90.61362088068515,100,2391384
-73.31367750826874,67,2391451
-246.5375605274846,103,2391554
-124.54521827894087,73,2391627
-428.6298054071611,114,2391741
-121.77231013907239,74,2391815
-382.6124819110156,94,2391909
-270.4811747547485,83,2391992
-141.76007591130173,96,2392088
-138.80765408575772,85,2392173
-130.03779589475502,81,2392254
-214.8879194410089,88,2392342
-86.27435864533669,79,2392421
-285.8709854137693,113,2392534
-97.48788257747363,60,2392594
-100.58483542551411,85,2392679
-172.27881449368732,136,2392815
-157.3995593966989,82,2392897
-84.07912677611687,60,2392957
-376.6932365532029,88,2393045
-204.67707210438647,103,2393148
-60.952882775656335,121,2393269
-320.67780679151974,101,2393370
-75.14703943638008,89,2393459
-246.64910300432106,94,2393553
-108.01719137778412,95,2393648
-564.6085206125027,89,2393737
-19.052314065862532,94,2393831
-129.99700664898,95,2393926
-390.1278208927543,127,2394053
-108.00862881744851,114,2394167
-63.93851667385794,80,2394247
-104.69940392411455,99,2394346
-321.82133693888886,92,2394438
-115.06110332492041,67,2394505
-83.18736860102179,75,2394580
-252.27345891485783,103,2394683
-88.80578444415666,66,2394749
-86.36226240684468,62,2394811
-129.32963127227873,124,2394935
-319.07050109102295,103,2395038
-337.7721407333528,118,2395156
-189.1961198398759,84,2395240
-101.30201342999486,88,2395328
-206.9087374632079,112,2395440
-89.85473153260833,84,2395524
-438.13218152215444,137,2395661
-297.46085510977963,102,2395763
-185.231785315587,83,2395846
-91.37771938479636,130,2395976
-359.59261363409064,96,2396072
-200.45107220721988,78,2396150
-112.04834279223702,63,2396213
-120.68532843655697,72,2396285
-322.9162962646388,68,2396353
-151.11598544829,119,2396472
-180.17024519073226,135,2396607
-127.27398603681831,79,2396686
-136.49505369405117,104,2396790
-191.54267241120652,100,2396890
-186.15248100133385,101,2396991
-176.65214913698816,107,2397098
-107.1485327995438,86,2397184
-41.25572842485029,66,2397250
-262.9841009823198,110,2397360
-165.1584715711306,116,2397476
-93.77780962813517,99,2397575
-66.80912070081713,82,2397657
-92.03512461862746,63,2397720
-93.18319937979965,68,2397788
-96.48493063403075,86,2397874
-126.97927107035244,74,2397948
-82.8897873260265,79,2398027
-361.0652823881416,102,2398129
-139.32201067901087,102,2398231
-209.4224967145134,91,2398322
-37.72371872903409,77,2398399
-91.06214288574235,62,2398461
-257.36806363578313,79,2398540
-114.94592746795765,110,2398650
-49.38671897544381,71,2398721
-90.49648177710199,130,2398851
-273.3152311419536,120,2398971
-258.4289560835565,102,2399073
-127.06106907302527,63,2399136
-88.71216179139314,115,2399251
-236.5484919382658,98,2399349
-233.20047995172976,93,2399442
-248.26056372138424,130,2399572
-190.18826073182672,107,2399679
-120.99720333780027,130,2399809
-121.0972026100375,74,2399883
-136.75011236051898,76,2399959
-254.0164177859432,123,2400082
-242.47089234021573,144,2400226
-174.3299781993189,92,2400318
-99.58864944624244,67,2400385
-250.28458031347725,92,2400477
-105.58346443053954,100,2400577
-120.72159475285633,116,2400693
-96.98517325533666,106,2400799
-210.12701487254054,78,2400877
-251.99962398649876,101,2400978
-191.31178787926098,78,2401056
-82.81402176589525,60,2401116
-81.50529164654569,80,2401196
-100.7350541407167,62,2401258
-134.98425695052282,102,2401360
-226.51615944604612,109,2401469
-312.55972424798676,103,2401572
-140.98898876221807,76,2401648
-88.09915061069063,105,2401753
-341.27373421709694,123,2401876
-157.23882236998566,82,2401958
-427.74240264841166,107,2402065
-72.70450533905588,69,2402134
-368.898046082666,101,2402235
-411.08948924046706,120,2402355
-33.62399725596032,90,2402445
-393.7359077639,88,2402533
-114.5398197144476,99,2402632
-148.74466147245033,84,2402716
-112.1202617802748,72,2402788
-204.03583404140775,91,2402879
-121.18177632175981,105,2402984
-111.09228296359773,74,2403058
-118.73171809354012,96,2403154
-210.86361601516649,94,2403248
-230.22536967239031,114,2403362
-54.27942999992469,66,2403428
-528.9251349854931,102,2403530
-93.10113035056177,111,2403641
-70.8286493909074,98,2403739
-114.87601263881014,69,2403808
-180.2234521626525,75,2403883
-167.70943050254198,65,2403948
-274.85757172803494,127,2404075
-247.70132089454637,79,2404154
-139.82557127901342,115,2404269
-314.63590883762186,88,2404357
-126.20796230368472,77,2404434
-255.44806751428163,126,2404560
-302.0750608037938,127,2404687
-185.19362502329034,137,2404824
-171.4748307568175,70,2404894
-172.08674160705408,138,2405032
-295.5044702906668,88,2405120
-508.98893134368484,86,2405206
-232.7195120786507,91,2405297
-80.8072506083646,69,2405366
-153.12019589428706,114,2405480
-246.53708292135568,117,2405597
-139.0344001306745,62,2405659
-146.33967433265238,66,2405725
-360.9965410587966,100,2405825
-122.40174700689788,98,2405923
-109.68785931168614,74,2405997
-69.30742573100389,63,2406060
-138.35491360548764,89,2406149
-80.80853043492671,114,2406263
-101.9530408609836,136,2406399
-311.46875375469097,92,2406491
-285.96907317097896,96,2406587
-165.80023700115004,81,2406668
-3.1710206719158265,98,2406766
-265.0044576262171,95,2406861
-60.011505937350115,65,2406926
-278.2583015886081,124,2407050
-97.33371894567075,77,2407127
-30.441103204708924,113,2407240
-107.6102392507618,92,2407332
-90.34768918675931,81,2407413
-107.43627434223366,71,2407484
-105.23205349564164,83,2407567
-247.13315712691974,95,2407662
-69.78258043592214,67,2407729
-110.68226270165994,68,2407797
-103.66338817276991,86,2407883
-90.51880665884055,125,2408008
-412.17412168188844,102,2408110
-265.1971404709812,88,2408198
-81.7223385650463,79,2408277
-248.95554309258057,111,2408388
-326.0831314479342,91,2408479
-125.78524724802263,73,2408552
-98.85411198410608,73,2408625
-188.49849898972462,69,2408694
-13.197939160819317,111,2408805
-387.75748085836955,115,2408920
-98.29751909408273,65,2408985
-41.589291061655125,85,2409070
-108.49703462579993,82,2409152
-290.47997633720627,105,2409257
-68.01048621267701,73,2409330
-122.46479026801146,91,2409421
-96.82094987201164,87,2409508
-95.96570354518494,88,2409596
-160.75156415936237,90,2409686
-344.27844565179106,147,2409833
-272.96503188471354,91,2409924
-166.00692608464266,115,2410039
-107.71601088474725,87,2410126
-143.09900015498093,88,2410214
-90.55968512373079,58,2410272
-93.43892480415873,113,2410385
-102.42269639596654,94,2410479
-175.1998005661277,89,2410568
-231.49632469906712,108,2410676
-58.507941004531716,66,2410742
-156.4441197482573,141,2410883
-321.15378051586015,98,2410981
-65.89555149936822,93,2411074
-123.1033340876329,72,2411146
-282.49354041361755,128,2411274
-197.15530919196112,89,2411363
-213.85114880734244,116,2411479
-174.42950896243656,72,2411551
-68.61968314929449,70,2411621
-194.08190218847687,109,2411730
-344.85668852353297,109,2411839
-250.69509140599655,108,2411947
-181.84328623982168,91,2412038
-312.8524550676965,117,2412155
-86.37360655613418,65,2412220
-106.60725937399081,61,2412281
-84.85752942008396,62,2412343
-93.79049423953703,67,2412410
-7.7538796391202425,118,2412528
-253.4071304507674,93,2412621
-105.39320316228924,69,2412690
-134.1109327198424,80,2412770
-339.59376205270166,94,2412864
-271.9211047519369,89,2412953
-162.66601685753733,85,2413038
-134.01934948715314,74,2413112
-116.2753817995768,114,2413226
-86.34702994532329,65,2413291
-152.14499562414863,102,2413393
-98.71482043728925,92,2413485
-323.6243768968069,110,2413595
-107.36856173016936,85,2413680
-359.87421749349295,88,2413768
-113.10023946360262,81,2413849
-217.98389331147484,74,2413923
-138.22578781482144,79,2414002
12.79794928155998,94,2414096
-300.30892439547443,113,2414209
-162.5742904142633,72,2414281
-75.57225690608965,96,2414377
-114.05576534956285,130,2414507
-50.75792524623182,84,2414591
-418.7840069671944,104,2414695
-261.08287772481924,94,2414789
-392.1144275133388,137,2414926
-317.7490387357405,111,2415037
-153.44131425409563,79,2415116
-246.55647933355527,80,2415196
-186.30699513560413,95,2415291
-128.90340766769214,100,2415391
-177.82221185399496,82,2415473
-92.61377928623125,80,2415553
-125.13923764181568,67,2415620
-305.27377057736146,95,2415715
-325.3205301635671,86,2415801
-220.4496342793533,97,2415898
-411.33307105927213,100,2415998
-309.31625284138727,136,2416134
-131.4616294914608,118,2416252
-92.85672040139016,63,2416315
-123.91635846532209,75,2416390
-103.63892339006418,105,2416495
-123.16430742639032,145,2416640
-302.47242718745133,105,2416745
-361.4331225839617,95,2416840
-366.6078505914532,125,2416965
-487.4367684785798,87,2417052
-126.38647489347044,87,2417139
-454.2448329570794,79,2417218
-129.38678616606344,86,2417304
-394.069614318257,149,2417453
-135.21906458876126,67,2417520
-345.0166528247797,89,2417609
-212.30706849340072,73,2417682
-286.4865538908242,98,2417780
-102.58745338798303,66,2417846
-195.5454064951333,85,2417931
-292.07423046338624,79,2418010
-89.26563097104903,70,2418080
-75.37557518346784,63,2418143
-398.7156359824047,100,2418243
4.177906346070131,64,2418307
-7.500906343847646,123,2418430
-121.38378042133972,68,2418498
-116.2160533248208,88,2418586
-93.30761257445387,69,2418655
-144.92401842004685,70,2418725
-399.0727907293938,122,2418847
-129.67141187648684,78,2418925
-351.5198040505418,93,2419018
-138.19069679974734,57,2419075
-126.06249458794429,58,2419133
-451.45283654845326,88,2419221
-99.19220680806387,63,2419284
-283.7222985115746,126,2419410
-106.59472170269142,60,2419470
-127.34038026391733,90,2419560
-286.7470059676368,131,2419691
-27.073843543170497,81,2419772
-289.87858322252634,91,2419863
-303.5404409787744,142,2420005
-143.94969893817034,82,2420087
-143.3180672864969,71,2420158
-94.12700325567344,58,2420216
-71.81316545143076,99,2420315
-94.5925109628129,89,2420404
-87.44146092207494,72,2420476
-496.9398928259259,87,2420563
-141.4780058769907,73,2420636
-136.07694197243524,68,2420704
-42.620444223462414,161,2420865
-103.75116219104189,84,2420949
-241.13332586251516,98,2421047
-62.060459927725844,73,2421120
-114.9099286324366,92,2421212
-138.1020849433288,104,2421316
-346.09038929077656,98,2421414
-321.09122376490564,97,2421511
-335.5115774463742,79,2421590
-390.56506278541957,85,2421675
-80.07933745872462,72,2421747
-219.8058176904224,113,2421860
-315.07174943193786,139,2421999
-265.68694743165713,112,2422111
-94.71906472442127,95,2422206
-105.57793930915393,55,2422261
-85.31016647874458,78,2422339
-138.91795674963458,101,2422440
-346.70781838779067,81,2422521
-252.30353912631466,96,2422617
-213.32243895022793,95,2422712
-193.23371516009502,85,2422797
-182.7527137861411,127,2422924
-92.57681993687247,67,2422991
-119.2070490239743,97,2423088
-107.19813487402243,80,2423168
-75.41717853672614,103,2423271
-119.9729063010771,91,2423362
-210.1650209101394,113,2423475
-154.14479704694605,71,2423546
-94.53062362764102,80,2423626
-230.41027052695605,93,2423719
-167.7589902207007,89,2423808
-99.76236924296617,123,2423931
-102.2744780932478,62,2423993
-247.08756944137534,120,2424113
-112.757605657614,102,2424215
-127.25501584351937,76,2424291
-201.45854783993474,118,2424409
-169.18336544653462,87,2424496
-238.54453208077393,110,2424606
-132.3848625721977,66,2424672
-347.5236080097324,92,2424764
-481.82105095830366,106,2424870
-111.90222798912178,63,2424933
-348.71519355674184,110,2425043
-318.95167181961926,107,2425150
-221.27414637792083,98,2425248
-93.10796174025506,73,2425321
-80.52166637349515,84,2425405
-93.49028842433528,81,2425486
-305.0989593913167,96,2425582
-146.39302429078532,80,2425662
-70.71896713075337,68,2425730
-434.583018484215,103,2425833
-57.423950859549855,75,2425908
-259.6896256850637,117,2426025
-138.65565703686462,86,2426111
-108.34654638183665,65,2426176
-337.2051570018728,89,2426265
-135.99150075446533,108,2426373
-73.84626510953504,71,2426444
-128.81002133133947,79,2426523
-146.37393126450678,99,2426622
-162.56399065253328,64,2426686
-211.85752541965527,92,2426778
-335.9497557066271,111,2426889
-107.94605454641848,76,2426965
-234.87136011490747,81,2427046
-383.59281179814997,121,2427167
-177.09232869909346,73,2427240
-256.6958260662135,77,2427317
-87.27173895674494,80,2427397
-144.85246950823927,79,2427476
-361.34686879062,66,2427542
-121.83356539601618,103,2427645
-150.6087257331003,87,2427732
-163.33114623383335,138,2427870
-200.84048396199069,92,2427962
-49.42628443196153,68,2428030
-120.29417178763035,92,2428122
-244.48901840598802,113,2428235
-128.99403593746888,68,2428303
-247.06171004685459,104,2428407
-327.8439211518354,86,2428493
-90.09607106679206,76,2428569
-449.65449156323893,109,2428678
-96.890656781779,66,2428744
-98.49598120718916,76,2428820
-89.79629837425091,66,2428886
-433.7383346023046,133,2429019
-115.76586738016627,98,2429117
-33.12211807612509,84,2429201
-450.0744438350795,90,2429291
-70.14669568041423,75,2429366
-53.350945876882534,71,2429437
-200.30930623563438,103,2429540
-479.369948120153,109,2429649
-150.68544007861726,108,2429757
-259.3448521919105,125,2429882
-164.38882566018208,92,2429974
-144.58039212141875,99,2430073
-106.56295355609564,131,2430204
-230.1194431242485,108,2430312
-235.4910638938501,119,2430431
-160.07689230693578,103,2430534
-170.45202564900816,135,2430669
-44.581434583712465,109,2430778
-106.3706000530679,99,2430877
-222.12993880413273,126,2431003
-94.68313465558086,64,2431067
-58.42924794471827,69,2431136
-107.10550041335911,102,2431238
-143.06266057872932,68,2431306
-45.04197552666023,73,2431379
-122.93808805846888,64,2431443
-148.01833976815846,97,2431540
-53.36455099604545,103,2431643
-413.7460036601204,88,2431731
-85.42127247141043,66,2431797
-73.84851000217552,75,2431872
-209.37035054314975,144,2432016
-172.78802870251008,92,2432108
-114.37410672599657,89,2432197
-260.5600683283569,109,2432306
-79.47567420326621,128,2432434
-339.91188001557646,97,2432531
-57.65644916247206,67,2432598
-303.2476897883347,96,2432694
-303.3983984760225,86,2432780
-70.0646069557128,91,2432871
-111.29222361788376,69,2432940
-170.35349466454494,73,2433013
-178.2267556155894,107,2433120
-218.79080480255732,77,2433197
-329.71911586309176,91,2433288
-309.15584996370734,93,2433381
-94.86110506896136,70,2433451
-96.49653948628875,84,2433535
-38.27343064644943,63,2433598
-112.15209471628889,67,2433665
-310.2178505539946,114,2433779
-282.8691203703561,105,2433884
-237.27008198164793,75,2433959
-93.60093840936284,82,2434041
-191.99729087678492,72,2434113
-127.31663641606443,84,2434197
-108.04119565368771,69,2434266
-245.5798494801399,96,2434362
-2.289958535759453,117,2434479
-154.64317992831747,90,2434569
-313.66155804314064,99,2434668
-171.05651803528139,86,2434754
-390.65319859853605,101,2434855
-241.35909944029723,97,2434952
-131.8972660661697,124,2435076
-393.9380610104917,90,2435166
-75.32785580999891,61,2435227
-170.3294298988301,81,2435308
-261.4503999566538,96,2435404
-135.82710205257388,90,2435494
-159.14134897030846,88,2435582
-124.22024069668085,113,2435695
-173.7674532506527,121,2435816
-88.0911990374647,63,2435879
-312.91687289024514,70,2435949
-139.01392136536026,113,2436062
-90.2718077440668,63,2436125
-145.5580536617506,76,2436201
-70.95040106946716,71,2436272
-217.5046444587906,89,2436361
-149.85231375392846,76,2436437
-136.87176835007932,99,2436536
-291.15870922269085,101,2436637
-153.98840632656965,122,2436759
-337.60527032582337,115,2436874
-106.45582057584477,66,2436940
-329.3471997240286,80,2437020
-334.9853002483644,128,2437148
-96.35698744843315,69,2437217
-146.9896899314686,106,2437323
-135.42710705391016,88,2437411
-118.7305668587739,104,2437515
-360.77692514020987,131,2437646
-86.58142906175374,79,2437725
-122.04021706696611,114,2437839
-155.93726256057585,67,2437906
-170.18731801280597,70,2437976
-242.84691358543287,103,2438079
-120.3875224574459,112,2438191
-289.155178214318,94,2438285
-216.0946131488935,70,2438355
-104.04865747078426,116,2438471
-124.44656875848071,80,2438551
-178.37600072572698,126,2438677
-237.56342270511695,74,2438751
-106.08472865684888,80,2438831
-388.3193472774141,95,2438926
-199.15251016601184,112,2439038
63.12476956356605,1000,2440038
-441.8273564925182,81,2440119
-412.2983023755849,112,2440231
-44.10680479757414,71,2440302
-133.16433266703925,69,2440371
-78.79926133286108,68,2440439
-123.53157255293624,60,2440499
-252.50500172725404,119,2440618
-225.29263328649878,77,2440695
-237.20583918436816,83,2440778
-107.66171227934514,58,2440836
-165.37250809725583,121,2440957
-187.04193302362734,69,2441026
-155.12981278438178,98,2441124
-179.2694187706482,79,2441203
-254.79465580147703,125,2441328
-423.9703949489609,121,2441449
-333.05834882226054,125,2441574
-336.0389520699687,100,2441674
-274.2268161209142,92,2441766
-87.50369360018972,65,2441831
-158.57472749820585,107,2441938
-166.7644427401512,74,2442012
-168.8995448297326,65,2442077
-90.801438632424,101,2442178
-83.30042531444934,64,2442242
-330.94927739230485,130,2442372
-114.63717838564088,71,2442443
-277.16074550228007,112,2442555
-25.245364883507335,108,2442663
-347.0804308205719,122,2442785
-347.0750284418965,94,2442879
-465.3057455069231,90,2442969
-111.67944921254568,111,2443080
-159.44318165356384,89,2443169
-188.06331240170178,104,2443273
-40.73561983556077,87,2443360
-95.95110217988304,59,2443419
-202.6788569251117,125,2443544
-173.1810666265684,69,2443613
-360.51136294339466,109,2443722
-144.80029685959653,102,2443824
-101.20341414623614,102,2443926
-270.92816330617575,131,2444057
-385.1708157910403,98,2444155
-115.9671307528644,62,2444217
-98.77880025223806,59,2444276
-68.64133305740215,93,2444369
-221.99179488361426,93,2444462
-120.24585285682394,66,2444528
-103.75557202623567,118,2444646
-110.75480848329624,76,2444722
-103.2812380980003,74,2444796
-225.2585238253379,89,2444885
-92.3715076311731,66,2444951
-135.82090808637122,83,2445034
-124.60620310424378,79,2445113
-211.74470785552666,130,2445243
-226.51507391968119,124,2445367
-219.25466739113094,99,2445466
-137.61489755537093,60,2445526
-203.40184496370023,105,2445631
-398.180382341573,101,2445732
-89.89037915474654,92,2445824
-124.41894858649388,74,2445898
-347.7513226564681,81,2445979
-528.2316499011458,99,2446078
-84.15751928026162,95,2446173
-135.27716228455606,63,2446236
-112.67886552969031,76,2446312
-437.7306894636153,88,2446400
-193.3562607432325,83,2446483
-189.42980876417664,91,2446574
-159.69957376173033,95,2446669
-342.0335931333623,80,2446749
-251.19148056463055,102,2446851
-213.6104233340667,64,2446915
-435.2246905090718,97,2447012
-350.11211394704105,78,2447090
-84.6013375303069,66,2447156
-141.41038372517158,65,2447221
-402.7007541448513,114,2447335
-88.56602045498374,76,2447411
-210.12117129005372,76,2447487
-440.14024493962563,111,2447598
-92.29094508708657,82,2447680
-448.08334169457214,88,2447768
-212.6811152220795,69,2447837
-370.3364409276511,109,2447946
-17.997688129509157,127,2448073
-308.96827513740027,112,2448185
-392.67519998545777,106,2448291
-171.42098217982812,73,2448364
-148.1720608491114,103,2448467
-190.5047978068498,111,2448578
-121.54267668775698,128,2448706
-66.60102033889248,65,2448771
-92.23408030988865,72,2448843
-374.42965798387854,105,2448948
-203.1777232677071,94,2449042
-296.02439961303753,109,2449151
-232.91104065547682,81,2449232
-294.3195943215718,94,2449326
-122.08608412537347,100,2449426
-101.55037717649651,131,2449557
-207.31605416890534,127,2449684
-151.55428377626663,84,2449768
-102.91515113963025,59,2449827
-218.58174329046523,122,2449949
-345.16040863493413,90,2450039
-165.45793858411497,65,2450104
-296.0506229612155,104,2450208
-137.48489249215953,107,2450315
-150.74495230979704,101,2450416
-103.49472189613931,63,2450479
-20.64888607284881,98,2450577
-325.18821450253824,92,2450669
-144.64429481042964,67,2450736
-171.16751856666775,67,2450803
-208.72444593986705,78,2450881
-327.0227378651904,82,2450963
-84.01774628929638,64,2451027
-81.35998152506217,76,2451103
-177.27993846613163,90,2451193
-120.57539823124891,100,2451293
-124.3330830171885,69,2451362
-132.89373235616796,108,2451470
-474.89880354697203,105,2451575
-126.62576859298622,83,2451658
-102.43961973056291,87,2451745
-82.05189324291166,71,2451816
-281.45187760860335,89,2451905
-129.11499430292605,75,2451980
-359.9121634538176,99,2452079
-339.5387113799061,89,2452168
-136.6526739914828,62,2452230
-110.8872924504685,87,2452317
-310.9502982510875,74,2452391
-87.4157119066208,79,2452470
-156.56369780826185,112,2452582
-206.74700031078544,127,2452709
-126.36928344735846,81,2452790
-273.3915789158385,93,2452883
-251.34059557011042,95,2452978
-107.9633078980785,112,2453090
-164.92964588674334,113,2453203
-114.48340563058804,90,2453293
-187.8841604529219,89,2453382
-505.17773736246426,93,2453475
-112.80942594263324,71,2453546
-107.21450929939046,67,2453613
-324.88524792246074,94,2453707
-241.6445235692898,110,2453817
-75.23885148748539,68,2453885
-255.1509855966741,68,2453953
-202.55431593961245,70,2454023
-16.652194918950926,156,2454179
-106.2837628137218,127,2454306
-183.55720795888993,105,2454411
-181.01725460852128,94,2454505
-177.79134649563792,115,2454620
-232.62674997330473,95,2454715
-126.94907317786641,93,2454808
-98.94047917098948,79,2454887
-366.56568062386924,121,2455008
-254.7368122421442,76,2455084
-93.81845750118433,71,2455155
-110.04985545031099,87,2455242
-364.0726890122677,90,2455332
-121.45138136566305,69,2455401
-29.182238278329095,84,2455485
-168.73034269032786,102,2455587
-198.50329613006778,67,2455654
-85.9792080998308,110,2455764
-144.93970826380811,153,2455917
-178.13300299823732,80,2455997
-164.83953104197047,83,2456080
-309.2735894575263,96,2456176
-231.24772645112452,129,2456305
-274.22486212609823,85,2456390
-146.54593720416187,61,2456451
-95.84015839747634,83,2456534
-133.94405494004016,80,2456614
-120.21585338289324,80,2456694
-243.80917657302422,103,2456797
-92.56971555798646,89,2456886
-379.1924013496493,100,2456986
-150.31640905116822,80,2457066
-259.3133426975081,104,2457170
-387.6600397910489,93,2457263
-163.68822019034633,124,2457387
-288.63636701021755,96,2457483
-131.21760738051933,67,2457550
-153.47769291015464,107,2457657
-105.4382543752647,71,2457728
-134.75034263632375,84,2457812
-197.78418506239453,84,2457896
-225.3626889342277,74,2457970
-70.04210753145182,110,2458080
-206.60005401262686,103,2458183
-132.1760221787697,106,2458289
-106.2987438751588,91,2458380
-245.716712840929,118,2458498
-166.99136816100946,107,2458605
-140.78001297733056,115,2458720
-176.5700932586077,108,2458828
-204.91932660229514,111,2458939
-71.375022562733,66,2459005
-90.71684723670906,91,2459096
-118.49137982394399,84,2459180
-33.890736238544335,66,2459246
-131.65528276316132,69,2459315
-108.43250402754984,97,2459412
-61.63735551485392,59,2459471
-169.98417254232996,80,2459551
-171.5218911877505,80,2459631
-200.51833065471607,69,2459700
-129.76663642777166,96,2459796
-123.64415886528657,67,2459863
-206.85052966395375,83,2459946
-372.1641361888974,105,2460051
-301.185168818163,101,2460152
-103.44059355771019,81,2460233
-234.06153548629396,90,2460323
-371.8819265877678,72,2460395
-114.67059227387912,82,2460477
-465.1950458901367,90,2460567
-171.14169272365223,131,2460698
-338.96746367604254,95,2460793
-221.17593414062645,111,2460904
-163.96827366333247,70,2460974
-105.23151407739161,59,2461033
-302.7468050156443,68,2461101
-354.404208475743,104,2461205
-171.53472759813707,65,2461270
-221.28957313880034,84,2461354
-315.97647305701514,139,2461493
-204.77961976290732,103,2461596
-102.42758573462262,70,2461666
-202.52144141635702,100,2461766
-103.19426487247271,87,2461853
-89.08722517256926,61,2461914
10.607451197220243,83,2461997
-121.74399009747613,80,2462077
-198.40107533890395,78,2462155
-87.047645397276,101,2462256
-260.53749623222626,140,2462396
-115.10303187817311,96,2462492
-100.82865601887964,105,2462597
-140.26071394888857,128,2462725
-112.84539347341881,68,2462793
-427.6497602977004,98,2462891
-371.68252550421687,96,2462987
-161.5386771078468,73,2463060
-368.45984846716505,86,2463146
-284.80705327281294,108,2463254
-118.96666737216613,66,2463320
-125.38664173247433,123,2463443
-195.22181376618994,129,2463572
-223.11120859239537,114,2463686
12.69465659227727,71,2463757
-108.12618126854157,65,2463822
-191.44760938359875,79,2463901
-277.2376750834607,101,2464002
-129.25660119239765,103,2464105
-106.08635080567814,92,2464197
-62.91657566169067,74,2464271
-103.40340195073848,79,2464350
-130.98088143236015,101,2464451
-363.41785389219814,93,2464544
-112.37864874831376,91,2464635
-126.38274379597658,70,2464705
-121.55269819338507,129,2464834
-148.79866636458001,89,2464923
-131.43868959097784,81,2465004
-63.72879684536167,72,2465076
-261.91702267979224,73,2465149
-174.93750207704966,61,2465210
-147.53403934830555,118,2465328
-112.45299624807139,92,2465420
-221.6678168440859,95,2465515
-112.81991582788324,75,2465590
-278.057529293868,120,2465710
-358.5233319099909,86,2465796
-94.45411628159454,112,2465908
-112.63053015152637,69,2465977
-134.86587310554356,77,2466054
-131.00181183881577,68,2466122
-87.37100220304524,61,2466183
-85.48023250684167,59,2466242
-6.674873545847234,163,2466405
-84.69999202747798,91,2466496
-103.51542400885049,85,2466581
-371.501226490068,97,2466678
-309.39283439307866,81,2466759
-148.29395259176295,112,2466871
-123.83842528257769,74,2466945
-55.663242817504155,126,2467071
-257.4077463249815,139,2467210
-323.9449577121526,116,2467326
-312.0432915699231,95,2467421
-312.9184923889874,80,2467501
-165.4145879838008,85,2467586
-143.36841680192725,117,2467703
-261.95006072593753,113,2467816
-196.38827231931833,139,2467955
-97.45746475788502,64,2468019
-147.87094139649784,84,2468103
-88.43971321527292,101,2468204
-140.63339748556206,75,2468279
-103.85034797211584,67,2468346
-87.34654822882759,69,2468415
-260.13412147753957,79,2468494
-247.77905200662846,90,2468584
-348.6656235301471,94,2468678
-109.75214194055106,116,2468794
-132.10757298297483,73,2468867
-128.85753231706792,109,2468976
-103.90190055109191,70,2469046
-61.06982887792573,67,2469113
-240.70541066744983,60,2469173
-163.84380398938583,76,2469249
-136.35013702468797,106,2469355
-158.35740661668495,113,2469468
-269.684694079109,99,2469567
-259.2469210957553,67,2469634
-172.18236571888787,88,2469722
-354.06072427453535,97,2469819
-84.17895063638008,72,2469891
-82.09099645677551,71,2469962
-235.45354124782662,124,2470086
-110.58503198586692,112,2470198
-73.55810702600128,69,2470267
-31.476815758932858,103,2470370
-187.7670426435076,67,2470437
-208.4835530362696,91,2470528
-68.23786229109163,63,2470591
-188.3283919957138,75,2470666
-262.3119736545839,103,2470769
-100.03794869686169,67,2470836
-249.8217283064551,88,2470924
-106.7561982291868,88,2471012
-244.53587335653216,100,2471112
-2.9451473991321677,71,2471183
-134.3556465041965,77,2471260
-72.03029649182042,95,2471355
-70.15586370119777,65,2471420
-369.2849283013597,158,2471578
-267.6052622956626,115,2471693
-137.9562450415119,60,2471753
-102.68413049625916,65,2471818
-105.1747039616719,62,2471880
-105.01065961823,104,2471984
-138.0982138384864,85,2472069
-236.98622311945002,82,2472151
-102.60492492296098,62,2472213
-363.9364836059367,123,2472336
-147.65493383629143,110,2472446
-190.26101381530827,92,2472538
-164.58247755862914,59,2472597
-260.6869701987157,74,2472671
-106.01289497829154,58,2472729
-116.51789326545762,69,2472798
-237.94703071796368,88,2472886
-157.6529683007239,73,2472959
-101.99968275529031,69,2473028
-114.33370473580044,88,2473116
-214.0567048071652,86,2473202
-77.4004066933651,83,2473285
-100.762276082245,75,2473360
-72.35442012818318,111,2473471
-332.6630115346672,94,2473565
-181.9806909358793,92,2473657
-327.9063747403982,86,2473743
-120.10704991684949,91,2473834
-193.7338073037828,65,2473899
-354.7759908573769,123,2474022
-104.57248238354194,84,2474106
-284.5811804658688,88,2474194
-177.54195236272153,111,2474305
-137.67139705743807,89,2474394
-219.20725149999078,89,2474483
-17.458141490784016,89,2474572
-238.8066119727262,119,2474691
-347.4743407832948,107,2474798
-113.10269638227517,60,2474858
-102.4288213418826,61,2474919
-100.07485116373353,64,2474983
-389.643955485315,88,2475071
-201.16400194142224,67,2475138
-64.6380534462753,63,2475201
-266.5634174188627,89,2475290
-107.64414086186466,87,2475377
-52.14645260562859,101,2475478
-96.42751496961594,67,2475545
-361.2356786739734,95,2475640
-261.00336418270695,126,2475766
-105.33117830326648,73,2475839
-524.2634929300597,103,2475942
-230.2625375857702,124,2476066
-199.44183448112648,129,2476195
-136.76861742255466,94,2476289
-166.81855479380354,115,2476404
-407.72716951150755,93,2476497
-20.443678829545547,111,2476608
-372.5564940683827,91,2476699
-376.3589344692839,111,2476810
-239.83154387784077,104,2476914
-85.73453292329329,65,2476979
-118.79977335332025,57,2477036
-154.07118603925898,83,2477119
-72.66959209754583,62,2477181
-134.13920620065954,85,2477266
-69.14606025370432,87,2477353
-94.30552496268942,77,2477430
-107.980641513237,82,2477512
-206.15802766813403,110,2477622
-363.05030729241713,83,2477705
-58.67293178227373,75,2477780
-221.8526249111799,105,2477885
-96.69130814793712,63,2477948
-263.6885178408892,98,2478046
-233.64310472308503,77,2478123
-89.27316676730005,66,2478189
-104.19871484931141,93,2478282
-118.7803477301766,79,2478361
-90.49027510015122,78,2478439
-200.78333787392063,74,2478513
-406.25733900013864,95,2478608
-113.1755069702994,64,2478672
-144.2380516456011,60,2478732
-225.6527314623412,91,2478823
-63.51808151733107,63,2478886
-106.65353405805253,98,2478984
-192.86548398052543,99,2479083
-389.7039206393269,96,2479179
-394.8201317889085,92,2479271
-90.57635248748858,63,2479334
-118.23901172725053,74,2479408
-167.12065844733507,78,2479486
-74.72492205759025,90,2479576
-79.16173788057564,70,2479646
-366.18215346895795,97,2479743
-20.624494029788863,66,2479809
-142.63681043667953,91,2479900
-146.2611709834718,110,2480010
-330.71219237946457,90,2480100
-178.61704940370672,116,2480216
-101.21218089575251,85,2480301
-112.26290843742603,87,2480388
-144.70844468182668,69,2480457
-110.32323291248991,75,2480532
-231.43942689377795,98,2480630
-479.25860775102365,120,2480750
-127.49613333924609,91,2480841
-153.37437198654547,109,2480950
-95.26415112918137,72,2481022
-109.77322623803664,99,2481121
-110.79572471443294,73,2481194
-93.14704783010485,76,2481270
-440.1002892112773,106,2481376
-201.17765644119768,96,2481472
-188.03143592342758,108,2481580
-469.51273105715893,93,2481673
-376.64503415407916,68,2481741
-324.12840093243324,87,2481828
-122.14859749164972,62,2481890
-113.16174681290146,89,2481979
-79.24483590998871,79,2482058
-101.52056164030185,71,2482129
-23.56187039515183,140,2482269
-492.0840501625083,147,2482416
-146.4091129271797,120,2482536
-391.8086026571681,89,2482625
-350.92041967950536,90,2482715
-150.09372392029093,102,2482817
-239.04816103541899,82,2482899
-176.20808303807647,86,2482985
-299.52939589813053,74,2483059
-215.39886957104434,85,2483144
-172.52328881022186,101,2483245
-92.9552489497724,122,2483367
-186.9007969118594,72,2483439
-229.6330803131365,68,2483507
-298.5978170318026,117,2483624
-152.63641022411508,85,2483709
-98.90300509923763,92,2483801
-116.23910216463752,76,2483877
-102.10623587633361,61,2483938
-377.9001660100428,89,2484027
-336.0948290991163,108,2484135
-106.50271766566334,67,2484202
-275.74041171431463,76,2484278
-88.30567485100644,60,2484338
-93.92184626840016,65,2484403
-342.7100961968979,91,2484494
-363.006695917362,106,2484600
-232.49938089946357,90,2484690
-193.53922052349583,98,2484788
-405.07803594607077,92,2484880
-38.08960573880147,108,2484988
-216.39329881731055,71,2485059
-469.8325788799541,99,2485158
-90.59417963719156,91,2485249
-57.775784134191284,60,2485309
-107.16243864883648,87,2485396
-291.38771541918015,68,2485464
-205.99511282132,80,2485544
-95.27635587326566,109,2485653
-236.80156044654927,111,2485764
-85.7810172264033,118,2485882
-112.13981426985787,65,2485947
-158.54262613358236,106,2486053
-232.62725229844992,107,2486160
-139.91471200179421,71,2486231
-295.4275375950049,98,2486329
-103.98535359454489,84,2486413
-338.8445281818004,102,2486515
-201.09790318602168,110,2486625
-86.94655236875172,119,2486744
-217.20921730353894,76,2486820
-114.81645255816613,100,2486920
-135.48517459437392,70,2486990
-107.83674211018766,96,2487086
-85.61227923453126,100,2487186
-165.68767342326683,59,2487245
-118.29969271281666,107,2487352
-376.0472807421083,136,2487488
-213.3537482257816,111,2487599
-184.71896375329476,77,2487676
-138.96145444556714,82,2487758
-17.40129722949031,131,2487889
-282.6535273688721,67,2487956
-303.6557169372078,93,2488049
-82.37861620519492,86,2488135
-52.50406465641026,66,2488201
-165.70864119384254,64,2488265
-334.37698742840223,118,2488383
-136.22875694808556,107,2488490
-112.81211762467987,67,2488557
-172.61829826864522,119,2488676
-72.1809132107792,65,2488741
-145.15371104586552,105,2488846
-526.6543712348332,103,2488949
-37.66383699163303,97,2489046
-178.63964408858982,105,2489151
-106.53132197455645,115,2489266
-41.225219307769095,75,2489341
-310.295760312694,125,2489466
-134.72662036472985,94,2489560
-363.1605963317677,84,2489644
-211.63678499393546,108,2489752
-172.5890881612089,103,2489855
-254.67154048020672,120,2489975
-125.49339821163332,89,2490064
-107.89171097050068,74,2490138
-321.12546172866473,120,2490258
-104.69617150447216,79,2490337
-265.3361794509092,70,2490407
-186.8321161433909,93,2490500
-272.66078629068863,96,2490596
-230.59885839545413,107,2490703
-266.17047047455287,121,2490824
-535.4125147128318,99,2490923
-278.01763670707186,101,2491024
-67.65386566960153,120,2491144
-103.41312243270103,67,2491211
-318.7496917429904,147,2491358
-127.69861179654976,87,2491445
-250.63856393707385,83,2491528
-235.62845672249395,84,2491612
-143.57169588225017,86,2491698
-401.58813451575907,115,2491813
-119.91274220864356,126,2491939
-389.91232643073545,84,2492023
-101.57609104605623,72,2492095
-108.03075688145864,68,2492163
-63.35608334399643,75,2492238
-320.11256547472146,104,2492342
-293.3871782828473,110,2492452
-123.92037765797733,88,2492540
-131.71922363948812,135,2492675
-9.379545437638384,103,2492778
-78.34227337265875,78,2492856
-93.95382071733705,83,2492939
-130.4429076079994,63,2493002
-189.8791470455002,109,2493111
-112.05035924842649,76,2493187
-130.45411552063936,93,2493280
-87.55867739546522,79,2493359
-267.87373217699496,97,2493456
-127.15912832719127,80,2493536
-229.8481964435733,91,2493627
-255.1452585227148,91,2493718
-100.74257328555171,60,2493778
-218.52920202396194,125,2493903
-239.18811848864837,72,2493975
-200.5957857102702,81,2494056
-69.06034986481359,61,2494117
-176.13787753026023,75,2494192
-121.8767124316338,76,2494268
-204.297730682968,144,2494412
-145.67094728246062,91,2494503
-80.62817069553847,67,2494570
-356.37143337681954,114,2494684
-512.7261674613638,94,2494778
-229.62419007008882,99,2494877
-72.36091323429795,63,2494940
-145.68512268186174,66,2495006
-153.82123671280198,91,2495097
-404.10149439550884,92,2495189
-90.75937535047527,77,2495266
-102.44269310088167,74,2495340
-127.53500190302546,103,2495443
-165.57979830259973,117,2495560
-97.12855369698988,70,2495630
-111.2985625833613,73,2495703
-92.76182625994505,63,2495766
-160.9173666623907,73,2495839
-135.51326000454162,67,2495906
-198.94594746215108,98,2496004
-246.89575018931725,87,2496091
-211.7681250344334,60,2496151
-428.4297222550629,94,2496245
-117.06169656482932,77,2496322
-107.85574967011905,76,2496398
-105.31630572864677,100,2496498
-255.9776434043178,113,2496611
-33.752600652401725,62,2496673
-167.0882826339054,111,2496784
12.42452240762002,1000,2497784
-133.3520890401097,113,2497897
-187.66840026820262,99,2497996
-213.07732861465877,67,2498063
-94.01131121095425,74,2498137
-262.5530059150558,100,2498237
-160.37389196632824,100,2498337
-308.4563834409022,101,2498438
-166.8696375124807,106,2498544
-82.94388945521695,109,2498653
-289.107721228606,107,2498760
-348.6737281528997,100,2498860
9.7308539654655,122,2498982
-113.02109054454951,85,2499067
-90.77589504994974,99,2499166
-102.68657516719165,70,2499236
-206.33845345338455,114,2499350
-76.56965956716479,60,2499410
-87.40146359720093,90,2499500
-120.30182140361163,94,2499594
-383.2890021644137,89,2499683
-89.59830104745473,65,2499748
-98.84172368169097,79,2499827
-279.09325901950075,275,2500102
-137.39054111369404,112,2500214
-72.64137642828281,85,2500299
-155.95892537057102,78,2500377
-140.61682710908156,79,2500456
-123.64751303024975,94,2500550
-51.92239584104943,123,2500673
-192.69531455524324,122,2500795
-111.10338288465606,107,2500902
-32.65878419517264,81,2500983
-80.53441590868896,64,2501047
-366.848552412314,102,2501149
-366.7089209568938,87,2501236
-127.08209997157013,155,2501391
-97.08927050453852,72,2501463
-164.81733125253578,117,2501580
-276.2907082763113,95,2501675
-130.5596604497308,98,2501773
-241.63377992445538,122,2501895
-213.5376825309215,113,2502008
-126.901148001588,82,2502090
-386.30055077294605,83,2502173
-69.25940625436604,68,2502241
-139.07418869042132,81,2502322
-196.96646937198034,99,2502421
-161.68273143314008,71,2502492
-82.05392084729624,68,2502560
-253.47414115107338,113,2502673
-100.2233122370219,83,2502756
-129.64413702676683,84,2502840
-222.3581045478336,117,2502957
-315.0131795259924,120,2503077
-79.00449427626174,60,2503137
-148.74150152036816,74,2503211
-229.33440146801257,108,2503319
-357.42807900675814,102,2503421
-35.44887864755094,104,2503525
-179.16475297006502,64,2503589
-107.69539355870252,72,2503661
-116.0188983167724,61,2503722
-119.94736933292793,119,2503841
-207.1478629896729,98,2503939
-76.51419758479477,80,2504019
-67.01473597541884,69,2504088
-181.63184031431794,130,2504218
-81.36544651179771,80,2504298
-168.41510437914576,137,2504435
-328.77550176318493,137,2504572
-245.60616169921713,100,2504672
-87.86158957685763,108,2504780
-32.9563592786708,79,2504859
-198.4573054623301,76,2504935
-141.87821817509916,64,2504999
-196.50521653010637,109,2505108
-249.21104162209417,96,2505204
-71.09144850557102,82,2505286
-330.88028933737826,114,2505400
-256.82569615689437,118,2505518
-222.75630238456802,104,2505622
-157.9389432714863,96,2505718
-167.32633774063325,117,2505835
-100.88777399847105,69,2505904
-175.52611262203948,144,2506048
-130.95269228303326,94,2506142
-89.38441628303825,62,2506204
-176.95930577062995,110,2506314
-218.05265618279375,96,2506410
-166.78718891579143,87,2506497
-102.65759891617604,79,2506576
-130.72594442547557,72,2506648
-109.6353145293827,60,2506708
-86.10054788158361,73,2506781
-92.52506319428565,134,2506915
-101.06961712418887,74,2506989
-63.30034970605,59,2507048
-93.83068143685034,67,2507115
-327.1653388228308,89,2507204
-120.21481765291605,96,2507300
-40.63974068979758,95,2507395
-76.33129711620963,64,2507459
-318.3677007652035,96,2507555
-112.87167351511775,61,2507616
-88.86660227237768,81,2507697
-110.08586000623009,75,2507772
-398.7383409382034,117,2507889
-209.66219156091637,142,2508031
-163.76366932919467,126,2508157
-288.7583692016284,89,2508246
-326.52194335549535,97,2508343
-170.20605411714445,66,2508409
-87.16443182802793,77,2508486
-409.136530428244,85,2508571
-214.96561237865836,117,2508688
-153.06611563020425,96,2508784
-267.18846465284923,80,2508864
-169.97910240745944,96,2508960
-237.23712533523187,109,2509069
-336.98563590050355,93,2509162
-175.7981477347485,111,2509273
-147.99488762734177,132,2509405
-228.24507487485545,94,2509499
-125.49636089110483,98,2509597
-137.22057512780705,121,2509718
-383.43649628242304,115,2509833
-448.36567007986804,108,2509941
-113.66282028630035,79,2510020
-92.8641939133579,59,2510079
-331.401363606847,86,2510165
-128.55668774802012,89,2510254
-77.70698877442379,60,2510314
-152.85060722044585,117,2510431
-226.89155762575547,101,2510532
-106.94952432658293,102,2510634
-243.32765208676375,78,2510712
-456.98707203544893,81,2510793
-266.06542129465043,75,2510868
-59.96897713144533,83,2510951
-115.29114471530805,62,2511013
-101.02597923610851,81,2511094
-64.14687295523129,69,2511163
-132.30170398743297,86,2511249
-210.038473886997,111,2511360
-356.95577729617366,92,2511452
-114.87943242430566,71,2511523
-221.4381033236657,73,2511596
-195.37496445091887,111,2511707
-102.45290765015226,74,2511781
-99.91692557565263,106,2511887
-330.8625155318924,102,2511989
-143.62498114059602,67,2512056
-70.27853076626235,60,2512116
-382.45278285489917,107,2512223
-107.34315032518852,75,2512298
-72.15315287861132,66,2512364
-218.26424451464456,123,2512487
-445.8064347549983,95,2512582
-238.97812354088651,121,2512703
-149.80157112777366,113,2512816
-207.01712571623625,66,2512882
-101.9878688167964,78,2512960
-145.3216623172192,88,2513048
-102.54700036234797,62,2513110
-118.35253687358843,119,2513229
-118.99076590946795,88,2513317
-178.205593247367,122,2513439
-96.73394501486864,65,2513504
-157.38851269669337,115,2513619
-166.93625336547848,66,2513685
-269.73190127603795,92,2513777
-123.91540826000384,85,2513862
-348.39306153170423,120,2513982
-373.15114254624,76,2514058
-129.34770277686346,132,2514190
-407.23355863104587,89,2514279
-40.34435505972439,95,2514374
-195.65026133747673,135,2514509
-263.52657858318395,112,2514621
-321.3231247562826,95,2514716
-118.96954534911879,90,2514806
-258.327180351047,102,2514908
-161.300058030802,116,2515024
-208.58630201412552,115,2515139
-79.73442688741969,96,2515235
-94.82024748534995,122,2515357
-275.56916156306494,85,2515442
-413.3286472943722,86,2515528
-131.37966178464592,88,2515616
-139.99157450406008,72,2515688
-272.11132568722803,90,2515778
-245.90666231888667,87,2515865
-101.47447736200266,71,2515936
-194.06602313117872,91,2516027
-262.5187755730383,100,2516127
-127.78621189621441,86,2516213
-51.26265993142538,117,2516330
-141.2223000311227,96,2516426
-342.82480562299224,146,2516572
-445.1514533988833,99,2516671
-222.22829844307927,120,2516791
-324.51638377104985,95,2516886
-205.77126497051955,113,2516999
-109.36305422467778,81,2517080
-185.59722858210247,98,2517178
-138.91635916714523,125,2517303
-341.7282904370008,90,2517393
-161.5456621569748,130,2517523
-274.9589100725194,82,2517605
-521.5317698961503,99,2517704
-250.36074638936148,111,2517815
-317.06947445030426,85,2517900
-31.42252867808037,186,2518086
-93.22333930937758,70,2518156
-84.71255686490007,109,2518265
-303.4663897295527,81,2518346
-100.79043431111961,61,2518407
-126.59512948363115,69,2518476
-52.85725485234809,66,2518542
23.58655284118049,89,2518631
-86.13297547292353,107,2518738
-145.1878846533045,74,2518812
-252.90326065088286,76,2518888
-197.47346309774198,68,2518956
-316.55912126736854,106,2519062
-129.37356931364857,116,2519178
-407.4585746706958,92,2519270
-205.18274300054117,74,2519344
-212.94549915922778,110,2519454
-302.3313336332018,92,2519546
-95.5820153810193,73,2519619
-163.17197382209451,119,2519738
-323.5804738223675,96,2519834
-106.1489074435968,98,2519932
-138.83631473240234,71,2520003
-227.86947606803827,131,2520134
-77.05679604846678,112,2520246
-442.6024341866717,81,2520327
-357.34714394662035,97,2520424
-248.81475406191808,109,2520533
-111.97373058379452,81,2520614
-58.46693695050328,80,2520694
-208.90729752054034,62,2520756
-447.5080293043054,145,2520901
-411.05575533148834,109,2521010
-215.5523531155477,95,2521105
-250.8037360345427,92,2521197
-192.38337086209395,96,2521293
-241.47189585236455,71,2521364
-117.4864437105494,77,2521441
-133.74321825470832,71,2521512
-104.32052642775942,78,2521590
-169.88420726889325,64,2521654
-193.72317888789516,115,2521769
-412.1787943856524,126,2521895
-92.7011626789821,73,2521968
-276.0106649496281,114,2522082
-96.81982039303264,99,2522181
-218.58113077435974,112,2522293
-137.28264076967528,124,2522417
-86.88064445825782,94,2522511
-112.5021324851205,77,2522588
-136.49526329277134,92,2522680
-402.25571552072637,112,2522792
-83.18733781021152,66,2522858
-136.64800193496342,76,2522934
-440.4266015620449,116,2523050
-206.6322675082135,93,2523143
-130.39340754231557,101,2523244
-76.51539920059741,95,2523339
-124.0570159591457,77,2523416
-86.42860351765741,75,2523491
-156.4978062067214,75,2523566
-310.97925788022087,80,2523646
-59.551399842757526,65,2523711
-127.56412451484404,87,2523798
-95.08021360938083,131,2523929
-98.0106240212262,75,2524004
-109.32707915425262,87,2524091
-85.5044511003998,121,2524212
-84.38293239370759,138,2524350
-264.60334787376104,97,2524447
-307.1799578548223,86,2524533
-83.3973113139245,61,2524594
-317.8794058459371,75,2524669
-229.33434157099353,90,2524759
-94.46088978287649,67,2524826
-182.3583482387889,66,2524892
-281.81086787982167,92,2524984
-255.34529609232283,134,2525118
-64.84685643675786,84,2525202
-369.08367624417315,112,2525314
-221.95714006816746,85,2525399
-129.2463321636326,105,2525504
-297.7419350008932,85,2525589
-158.92101361947732,118,2525707
-121.03793538674418,88,2525795
-324.07574309499046,115,2525910
-140.42500383973217,66,2525976
-422.92200000314693,115,2526091
-81.96260058636705,65,2526156
-202.29785367220916,119,2526275
-318.59690850812797,127,2526402
-320.00049798775814,101,2526503
-30.94694239237255,135,2526638
-300.71039422400696,81,2526719
-89.10670309190319,65,2526784
-118.5219912428393,69,2526853
-5.007259693393223,116,2526969
-101.77534887869446,79,2527048
-46.043088595863665,71,2527119
-93.71535576715065,64,2527183
-318.1662641553329,102,2527285
-267.0201347459324,109,2527394
-89.02263632976862,92,2527486
-55.4892903996318,61,2527547
-100.25083512930088,65,2527612
-96.45794220992545,67,2527679
-139.11211215537713,93,2527772
-174.09164772379313,110,2527882
-52.45325888617573,60,2527942
-188.2505249035421,139,2528081
-120.58775024468194,87,2528168
-55.57019407639484,108,2528276
-237.00917098351724,92,2528368
-218.99130616841643,72,2528440
-130.4692190080112,101,2528541
-92.6941846286048,112,2528653
-125.07774707300817,98,2528751
-156.09596250464188,141,2528892
-51.29761754930772,62,2528954
-59.92924211656153,67,2529021
-109.19178503540499,89,2529110
-355.3069973034143,94,2529204
-247.79617707910722,74,2529278
-312.3670566695537,137,2529415
-103.43195122710391,116,2529531
-327.26905843237347,114,2529645
-209.01328438359656,76,2529721
-265.7587035410063,58,2529779
-362.79923693617866,93,2529872
-119.50689025059583,88,2529960
-164.4035023545248,67,2530027
-190.6603871289648,115,2530142
-107.9846647621477,107,2530249
-111.63763989760291,103,2530352
-368.0888029746024,83,2530435
31.987810503611797,105,2530540
-347.49349717402845,122,2530662
-57.96451587889517,129,2530791
-151.97555875304684,91,2530882
-111.93203125933887,129,2531011
-302.23584473858364,111,2531122
-122.38384035450578,78,2531200
-148.7505557856415,104,2531304
-353.04623823152974,112,2531416
-141.10749698127725,150,2531566
-84.70539429341768,129,2531695
-168.68840879451852,86,2531781
-448.5159434050105,92,2531873
-146.63633029191953,86,2531959
-90.78823109097432,71,2532030
-255.41149898582697,98,2532128
-75.80158725846422,64,2532192
-9.508794105088384,80,2532272
-429.8859833571979,114,2532386
-261.4952290797115,95,2532481
-184.00802454246863,75,2532556
-198.20488640273496,73,2532629
-97.97348003058154,128,2532757
-102.58736251898549,118,2532875
-253.4649266874506,91,2532966
-173.1153080797916,90,2533056
-171.9869979147987,82,2533138
15.127621960491297,95,2533233
-109.66310189830962,73,2533306
-110.31264172354446,75,2533381
-121.55923771718263,98,2533479
-226.9318593239433,88,2533567
-54.423772283142085,68,2533635
-98.8715321182851,70,2533705
-114.58030925064043,58,2533763
-445.9912360666706,110,2533873
-113.6103272709624,82,2533955
-172.48245737825857,66,2534021
-119.91555544043058,82,2534103
-337.339896361726,103,2534206
-279.57510715690097,134,2534340
-133.91019693340743,79,2534419
-2.414416700163386,105,2534524
-222.73145212352156,75,2534599
-160.39182127549537,76,2534675
-83.37699008735662,67,2534742
-118.44054130865295,114,2534856
-137.44906716614184,89,2534945
-206.88484540228333,91,2535036
-102.93804922619753,93,2535129
-109.51212098867857,76,2535205
-377.6064568068866,94,2535299
-98.75535661710643,121,2535420
-4.661039960800721,119,2535539
-365.65693580667653,105,2535644
-73.28810627661645,71,2535715
-155.67430126925797,69,2535784
-117.20178677876305,63,2535847
-325.97536045990955,123,2535970
-216.5940420219812,74,2536044
-310.2547651947673,105,2536149
-277.502780318811,120,2536269
-119.02828838455386,80,2536349
-114.58617947485331,104,2536453
-91.00921337253145,75,2536528
-76.32798049659323,103,2536631
-134.9304842756078,72,2536703
-291.4271480745309,117,2536820
-145.42766189919675,87,2536907
-128.8240366576321,62,2536969
-130.2424804102141,99,2537068
-118.7996132515523,104,2537172
-105.15890416953118,65,2537237
-84.98393623062249,82,2537319
-186.11427021742972,99,2537418
-175.51440047268227,104,2537522
-102.97074030489928,75,2537597
-117.84876654157505,101,2537698
-184.45718132099563,119,2537817
-153.14352570272797,67,2537884
-85.72094234279007,66,2537950
-85.90813790448034,65,2538015
-299.6320789808607,132,2538147
-231.14182520757743,111,2538258
-126.44843855414648,134,2538392
-144.09751597589405,109,2538501
-236.08211336434698,67,2538568
-148.47917376168988,89,2538657
-215.46977076442474,134,2538791
-171.43793906540478,91,2538882
-231.8529993221792,117,2538999
-20.9344546221501,98,2539097
-240.69557048214432,83,2539180
-156.83518579316853,69,2539249
-353.3980264929769,89,2539338
-53.82360885965248,128,2539466
-176.3984759220274,113,2539579
-100.24733387185576,67,2539646
-54.59812022947267,83,2539729
-428.7519351238028,120,2539849
-187.4296081876029,86,2539935
-90.79883126816016,81,2540016
-390.3739661126276,118,2540134
-260.2721108069006,96,2540230
-119.28539003319906,78,2540308
-100.2273475926639,84,2540392
-141.22621843052696,120,2540512
-104.51450431755445,93,2540605
-145.24394375364201,88,2540693
-432.11406735201575,94,2540787
-220.25279705856622,115,2540902
-207.97242803814737,94,2540996
-44.334917275435174,72,2541068
-103.52074619987516,123,2541191
-112.66092519920237,115,2541306
-134.0111600679383,94,2541400
-156.3719043117525,109,2541509
-411.1193155824347,118,2541627
-126.51219356686246,81,2541708
-131.014038884704,109,2541817
-190.56444299226723,74,2541891
-261.1549714386807,91,2541982
-166.52835658394855,107,2542089
-116.97272161686709,81,2542170
-93.11689616950034,100,2542270
-39.82099774447275,69,2542339
-80.00866156009036,92,2542431
-180.86082971828964,79,2542510
-459.37108924759946,113,2542623
-114.68796953897514,77,2542700
-532.3568468055762,96,2542796
-174.61616958524178,77,2542873
-95.99903875129914,85,2542958
-365.87929620292766,84,2543042
-139.0749843100073,95,2543137
-550.984620741238,106,2543243
-79.36104979111738,61,2543304
-84.47242652122115,74,2543378
-88.635248104921,117,2543495
-339.870188186905,89,2543584
-214.31457016756897,95,2543679
-161.4832056566696,142,2543821
-214.17531503135504,108,2543929
-446.20831655951736,98,2544027
-11.318553769764861,108,2544135
-273.87572205807874,108,2544243
-157.5461049456983,98,2544341
-84.83364788381398,72,2544413
-320.7438122427212,88,2544501
-54.96098952701851,80,2544581
-136.86015402720142,99,2544680
-97.55710622257195,64,2544744
20.43195141283539,127,2544871
-221.99736341252438,75,2544946
-93.2338440946248,78,2545024
-393.1770087416887,87,2545111
-94.23227517425906,69,2545180
-108.14639212144978,84,2545264
-195.4464394801146,77,2545341
-146.82425403175725,62,2545403
-127.72475405649061,82,2545485
-239.53235000846178,67,2545552
-102.7751891887149,68,2545620
-208.68369455483315,73,2545693
-289.0123965301452,116,2545809
-331.02912136576435,134,2545943
-128.33183919177003,76,2546019
-363.4241133499236,87,2546106
-187.77263071719153,79,2546185
-62.56742387511701,66,2546251
-129.83096971289612,81,2546332
-134.00851168159198,120,2546452
-65.10253585382165,96,2546548
-126.22035835182454,92,2546640
-244.62820249607984,115,2546755
-106.09276271393934,75,2546830
-550.5451334236417,140,2546970
-247.88591483301428,95,2547065
-197.5357273297993,64,2547129
-153.89154742676214,83,2547212
-432.46166053522484,90,2547302
-118.90166813604324,99,2547401
-231.6529403186812,76,2547477
-247.46231237546334,84,2547561
-73.89100482554066,55,2547616
-81.47449940729712,60,2547676
-96.91628284859289,58,2547734
-148.36124935937175,79,2547813
-134.24301829939634,85,2547898
-140.18751029329513,121,2548019
-174.49473904919302,115,2548134
-87.70833939096454,70,2548204
-166.86168559543717,78,2548282
-137.26870638735375,100,2548382
-82.64410898745146,62,2548444
-90.7107979147376,101,2548545
-92.47629940038942,58,2548603
-372.95058591083415,102,2548705
-146.0229591250989,91,2548796
-212.1221338105374,77,2548873
-162.23992411481544,116,2548989
-264.7403698373075,105,2549094
-311.3207036768629,113,2549207
-197.700158488624,101,2549308
-106.60824848219039,69,2549377
-211.92646186660733,86,2549463
-180.18887795870842,91,2549554
-170.85526279499211,72,2549626
-81.90881118607915,72,2549698
-67.48381152559931,68,2549766
-246.00829566042458,108,2549874
-249.9698129452553,73,2549947
-103.91038741987168,102,2550049
-128.76539259243413,112,2550161
-81.55504682354066,71,2550232
-102.81130389104048,68,2550300
-0.5696726892098667,102,2550402
-302.5274039091319,110,2550512
-263.805117339945,125,2550637
-128.93015875820802,94,2550731
-101.4459212471063,92,2550823
-225.79583522557715,114,2550937
-102.99552973240282,111,2551048
-337.2460196552105,94,2551142
-122.93031859911363,104,2551246
-63.1680028322688,122,2551368
-289.8006101149416,105,2551473
-148.00153282945686,78,2551551
-218.9286628385342,79,2551630
-199.1597379376176,103,2551733
-218.132006271134,77,2551810
-102.57523943963066,76,2551886
-302.28032901540024,115,2552001
-180.7219818745302,93,2552094
-186.42975159326193,82,2552176
-113.61510174809082,69,2552245
-113.30355320446988,64,2552309
-179.3136688951783,88,2552397
-106.52655240076768,95,2552492
-152.95769678641162,89,2552581
-129.0925727708194,106,2552687
-63.84384021732296,70,2552757
-125.34731489749394,94,2552851
-154.63647006683692,70,2552921
-105.82818643365601,71,2552992
-89.80223419530114,88,2553080
-87.24907207979322,116,2553196
-179.7681163674772,111,2553307
-149.1481865365276,86,2553393
-179.6050377263246,138,2553531
-112.72299834076236,69,2553600
-123.6835748944679,81,2553681
-239.43742227432242,103,2553784
-110.29646941206963,64,2553848
-368.7458572659494,109,2553957
-94.01457247962388,91,2554048
-159.679218862144,108,2554156
-165.17721055648877,106,2554262
-373.2238939043324,111,2554373
-196.8856856860736,95,2554468
-86.18114223050308,98,2554566
-8.522896558771663,88,2554654
-233.09566050043034,120,2554774
-104.55749510312627,86,2554860
-346.94361901214154,78,2554938
-195.0305324884707,93,2555031
-101.23587268448547,74,2555105
-320.55932968640616,92,2555197
-276.79807563171977,78,2555275
-202.59258380949552,83,2555358
-386.8770045491813,121,2555479
-120.3499475372231,97,2555576
-86.79013359058371,103,2555679
-432.04259717118066,107,2555786
-101.74724631346349,70,2555856
-292.87365294816925,136,2555992
-141.3967986031729,129,2556121
-122.91100532358088,93,2556214
-86.91919738953557,96,2556310
-65.96714381821494,74,2556384
-259.91508266924257,106,2556490
-112.6035687089522,114,2556604
-203.36100221953552,129,2556733
-109.27590094078212,76,2556809
-66.04241787183025,126,2556935
-125.71415923853321,66,2557001
-162.87980152787853,81,2557082
-6.2927728662292,121,2557203
-146.90342445903184,64,2557267
-495.0924685544568,102,2557369
-68.15122234040905,79,2557448
-151.32551656038964,65,2557513
-220.1874437865315,94,2557607
-85.08063773659191,104,2557711
-229.47048396448588,67,2557778
-98.43129697903657,134,2557912
-393.37740002607484,87,2557999
-113.16416011218266,109,2558108
-107.24293496581689,62,2558170
-212.83150590752587,100,2558270
-125.81294811361653,77,2558347
-85.38726310169397,61,2558408
-146.19120394734693,69,2558477
-102.31926172234049,64,2558541
-328.2306154798499,128,2558669
-113.45370460316059,64,2558733
-200.918638005782,113,2558846
-86.5024098555402,104,2558950
-387.26654548316037,94,2559044
-126.37582713793424,90,2559134
-110.1546957630288,109,2559243
-158.32715111218258,107,2559350
-239.9985393764079,65,2559415
-335.13865054026513,98,2559513
-299.82920404313063,104,2559617
-123.85883573299913,86,2559703
-271.3475698826481,81,2559784
-544.8581178944462,106,2559890
-105.7631008509516,92,2559982
-121.19432269878769,92,2560074
-274.3827602840598,84,2560158
-111.97709985419993,67,2560225
-82.05278757438454,75,2560300
-102.37946584466194,66,2560366
-60.69262457541327,59,2560425
-412.1726942967131,123,2560548
-103.30110055759197,80,2560628
-132.2401875573497,63,2560691
-131.4873159517872,61,2560752
-194.68871194749988,155,2560907
-131.15507149948965,73,2560980
-80.48840774448969,98,2561078
-324.3992432231866,126,2561204
-83.07763895926891,83,2561287
-479.1491915326701,94,2561381
-360.67220075396904,77,2561458
-74.57738682036242,60,2561518
-136.27896066338204,68,2561586
-363.0251336609198,118,2561704
-271.5777886012289,83,2561787
-280.6669501599116,88,2561875
-271.4752077714703,101,2561976
-236.61314957015446,109,2562085
-212.62855858467816,107,2562192
-95.53297698777844,62,2562254
-355.07392433718337,112,2562366
-215.98700074304213,68,2562434
-115.0832491405225,88,2562522
-50.33521111945856,99,2562621
-138.87741431038256,112,2562733
-81.6541439816127,67,2562800
-72.850350135801,64,2562864
-112.31567485353476,83,2562947
-245.75328131288714,89,2563036
-211.07496305400844,113,2563149
-123.3237586878974,72,2563221
-134.05329419307472,60,2563281
-94.21259133688933,65,2563346
-216.06143031456764,130,2563476
-212.11123331393895,79,2563555
-69.04347935358855,61,2563616
-58.15819546939342,64,2563680
-72.62975868373015,63,2563743
-109.15608766241498,146,2563889
-338.2955999302919,126,2564015
-96.19446069282782,64,2564079
-184.83709644602436,64,2564143
-139.9605957534738,86,2564229
-149.99914626968598,85,2564314
-82.7778990614572,108,2564422
-129.1181659184085,74,2564496
-87.28461968758056,95,2564591
-255.61809428848886,104,2564695
-286.63116876824733,92,2564787
-238.0301033168364,100,2564887
-381.15759783880014,89,2564976
-195.25390417372373,99,2565075
-166.4864436196676,92,2565167
-204.38815166334484,73,2565240
-42.07711499930657,98,2565338
-154.8190804181792,68,2565406
-106.83724258006478,99,2565505
-107.85522096897708,71,2565576
-110.64657081487589,79,2565655
-98.30354505682809,61,2565716
-344.28669414162687,107,2565823
-70.53556498406692,65,2565888
-137.10524302231397,115,2566003
-112.60080413941634,96,2566099
-150.93797870034953,110,2566209
-199.69850594824464,90,2566299
-120.53468386244131,73,2566372
-282.3219602953935,87,2566459
-96.45283738187864,80,2566539
-102.2928328167436,72,2566611
-155.0727074734339,114,2566725
-157.50229590917667,117,2566842
-201.13252404606155,138,2566980
-140.6239569965463,90,2567070
-336.3041405818723,117,2567187
-142.12280849733946,94,2567281
-116.7754472174812,125,2567406
-113.61050778056114,81,2567487
-48.3695212690138,114,2567601
-111.16214633283619,72,2567673
-95.41608055883823,70,2567743
-99.31869403831263,91,2567834
-417.43603427185474,131,2567965
-53.061027988393235,70,2568035
-113.28750500351951,84,2568119
-352.3242346875137,67,2568186
-227.23947898272726,87,2568273
-364.5062307103437,110,2568383
-367.65281757086456,98,2568481
-136.311277484952,87,2568568
-97.62009471185485,85,2568653
-387.3266478318964,84,2568737
-178.78106488666535,99,2568836
-144.1703070858016,111,2568947
-97.7748793869586,61,2569008
-146.0224933336641,100,2569108
-307.2784836461643,74,2569182
-368.4268030247991,97,2569279
-152.26032101631742,108,2569387
-390.18806464450756,110,2569497
-137.36711214308056,61,2569558
-336.3906653576097,110,2569668
-232.73381632263164,67,2569735
-186.12109846621632,79,2569814
-349.85623104008744,101,2569915
-435.68872472118835,103,2570018
-72.87717643708179,58,2570076
-302.4331164362636,73,2570149
-84.25264024283526,111,2570260
-317.152627305779,104,2570364
-373.7840359646639,75,2570439
-184.78089486472172,89,2570528
-78.32010560570808,70,2570598
-96.72273372658766,68,2570666
-432.0005936262859,107,2570773
-141.00276633789338,100,2570873
-53.62189682687118,96,2570969
-96.33035672795393,105,2571074
-76.05216266441303,66,2571140
-177.47424463997385,107,2571247
-134.56616095360673,57,2571304
-119.51080083124768,73,2571377
-318.00101180422723,98,2571475
-57.016860566613985,69,2571544
-249.3845182232734,80,2571624
-143.62968793191592,98,2571722
-74.93566380181082,156,2571878
-176.71222477102657,109,2571987
-195.32576798196482,116,2572103
-142.81947819028304,107,2572210
-141.8158864810963,65,2572275
-91.75285305239093,64,2572339
-130.8474616412159,77,2572416
-95.42868633743367,111,2572527
-93.49100895642819,75,2572602
-19.31126990221236,100,2572702
-365.1191139503831,76,2572778
-112.57983385803529,70,2572848
-167.3412811196256,81,2572929
-236.10445252169748,133,2573062
-176.24293549123496,136,2573198
-220.0919759918989,82,2573280
-229.16775417412092,94,2573374
-112.30659466187173,73,2573447
-365.36040747449255,103,2573550
-267.4712559705339,115,2573665
-81.92868347188778,64,2573729
-207.065823522684,61,2573790
-128.59163501907176,69,2573859
-409.4312843125499,102,2573961
-65.2370428766049,70,2574031
-117.71806925614271,114,2574145
-75.28919745983247,62,2574207
-108.79595426969965,125,2574332
-226.78298407642234,66,2574398
-417.0506843010477,127,2574525
-168.46300698314184,94,2574619
-192.32690158698455,115,2574734
-75.78226520069019,73,2574807
-111.34983441370977,86,2574893
-115.59295216518184,95,2574988
-128.25772914826726,124,2575112
-265.76444889094137,90,2575202
-174.72179437400433,127,2575329
-137.96313323997697,83,2575412
-213.62655870801953,97,2575509
-144.28566652556003,108,2575617
-201.57960894227008,118,2575735
-194.0923679425769,69,2575804
-148.78671566538083,69,2575873
-124.14071492090656,92,2575965
-408.8895046064769,94,2576059
-243.21804373691523,100,2576159
-67.7345440855279,72,2576231
-166.74433125623256,113,2576344
-166.89504171073344,85,2576429
-99.09818336697501,64,2576493
-126.66305032679892,99,2576592
-124.72447259169921,78,2576670
-43.204723631237556,67,2576737
-72.1919518719254,65,2576802
-83.64656030837747,68,2576870
-397.56736668629,83,2576953
-357.19819833757,107,2577060
-258.0714951877875,92,2577152
-92.91644952465778,91,2577243
-102.29271109458288,95,2577338
-101.0159194569301,98,2577436
-147.4821161903809,82,2577518
-83.83275043673318,63,2577581
-95.59349080838345,78,2577659
-264.43498390929403,100,2577759
-79.87574651481216,80,2577839
-132.0314668730676,77,2577916
-174.1723780027736,126,2578042
-358.5754032588522,87,2578129
-496.51715872187384,130,2578259
-87.02928580425058,69,2578328
-160.91168902208477,90,2578418
-110.59920929669066,89,2578507
-127.07209364980181,68,2578575
-74.56948352344014,72,2578647
-107.99382752017881,76,2578723
-157.90276508609725,89,2578812
-489.1514668725991,97,2578909
-86.42012790487284,57,2578966
-146.3857847186132,72,2579038
-155.86813933747896,65,2579103
-203.75054146379898,98,2579201
-95.25806698021427,81,2579282
-8.896846611294734,83,2579365
-342.23248089251103,89,2579454
-308.6494546140399,95,2579549
-194.80288820315016,106,2579655
-105.19239656112873,77,2579732
-328.57449574645767,99,2579831
-313.3601897620392,100,2579931
-419.04355945381326,118,2580049
-205.33674346390586,68,2580117
-417.273678851655,97,2580214
-91.95333434426509,130,2580344
-33.162822038080634,60,2580404
-189.52964879821042,118,2580522
-208.43450823888185,78,2580600
-117.74051843410341,84,2580684
-381.782759244932,94,2580778
-347.77301281926196,92,2580870
-458.92728309154944,94,2580964
-139.67477789114014,103,2581067
-375.61947414450697,80,2581147
-78.18505800206572,70,2581217
-181.71451707605402,124,2581341
-109.1373503952955,90,2581431
-113.4756702010902,59,2581490
-114.00093979686233,76,2581566
-88.79245247059845,79,2581645
-103.65393918644476,69,2581714
-123.5931257500385,81,2581795
-155.87820300518183,95,2581890
-84.10039290661825,65,2581955
-399.01437939764946,114,2582069
-133.51017270558953,126,2582195
-399.7278135820727,124,2582319
-74.56453059945625,66,2582385
-127.7130821235679,93,2582478
-53.82386631460999,72,2582550
-90.4804052208564,89,2582639
-442.41293203066544,91,2582730
-117.03040390145408,55,2582785
-156.29665264868834,85,2582870
-129.94562582657568,86,2582956
-74.41833625173693,63,2583019
-126.2384875560992,74,2583093
-400.1296334246978,93,2583186
-89.7717280739818,73,2583259
-232.7665801908705,87,2583346
-459.19021198583624,139,2583485
-106.97290700917037,86,2583571
-236.31003845516705,96,2583667
-411.91468877906954,93,2583760
-92.9279537866027,86,2583846
-336.47881978157193,96,2583942
-169.52605578104465,105,2584047
-64.31332563379989,77,2584124
-319.1512954630847,85,2584209
-129.9269870576241,75,2584284
-157.58956672849274,89,2584373
-93.89210462446196,89,2584462
-108.51680862875268,99,2584561
-125.7889888492872,137,2584698
-117.2397046395773,118,2584816
-188.71020893770822,70,2584886
-100.97756778064118,91,2584977
-92.33352609259055,91,2585068
-183.3633357321306,106,2585174
-123.11166107475324,77,2585251
-193.7742119891324,65,2585316
-110.46918224892377,82,2585398
-175.44753130662576,74,2585472
-310.68651088312726,76,2585548
-441.9051890055852,96,2585644
-77.99753138642782,76,2585720
-243.30759745070205,100,2585820
-327.2126578836003,130,2585950
-127.53124901702824,113,2586063
-334.17678405741015,68,2586131
-280.3064852957442,90,2586221
-88.62633663405424,82,2586303
-202.55236892575897,102,2586405
-298.31159948396737,102,2586507
-108.78289083613322,124,2586631
-100.47382810694631,80,2586711
-129.48600000429562,91,2586802
-122.77747245117374,89,2586891
-382.84215233902637,87,2586978
-300.10029678142644,117,2587095
-196.27149816294465,75,2587170
-169.35812662494084,89,2587259
-423.94584931567846,96,2587355
-206.5222456370294,83,2587438
-90.12791131955235,79,2587517
-143.8091049030754,61,2587578
-187.55989344023655,71,2587649
-280.7220052034593,99,2587748
-98.13308787014046,69,2587817
-288.15061988644254,91,2587908
-152.7717566015274,85,2587993
-95.1851351697858,103,2588096
-70.3325837252545,64,2588160
-204.6276597441096,71,2588231
-79.7905070673204,119,2588350
-123.0711532254341,110,2588460
-228.3700617465277,99,2588559
-123.50706950505523,71,2588630
-265.179839103335,80,2588710
-132.46508517503707,83,2588793
-174.88118949874644,76,2588869
-423.8239694048689,112,2588981
-112.12087908625129,105,2589086
-98.61893006053748,70,2589156
-188.74862405582905,95,2589251
-49.77149461285887,73,2589324
60.64566134220337,102,2589426
1.5432176266113373,106,2589532
-127.54097956213275,89,2589621
-267.0591511000249,120,2589741
-364.81905330877385,103,2589844
-473.24484640920326,100,2589944
-182.7621118748674,83,2590027
-110.28171358648206,72,2590099
-77.17157485304779,67,2590166
-129.19177572885488,65,2590231
-243.20411836600115,109,2590340
-351.573147703658,98,2590438
12.551466514193876,70,2590508
-407.42610785949205,85,2590593
-311.66034119626465,76,2590669
-133.55239893645782,85,2590754
-243.94669530505638,68,2590822
-229.32417190197134,68,2590890
-195.95013313200303,116,2591006
-111.48254554479747,127,2591133
-538.8399878828366,100,2591233
-172.82999047727475,91,2591324
-108.91504804983038,86,2591410
-203.2422065159822,94,2591504
-311.35082699207203,119,2591623
-155.20647748725378,70,2591693
-266.13007705962093,97,2591790
-68.86813579020927,68,2591858
-87.30915082885593,103,2591961
-53.181682253780636,62,2592023
-135.3130404955273,93,2592116
-258.08828452670264,103,2592219
-340.92648145982525,121,2592340
-122.65700632934269,78,2592418
-183.9632200183349,74,2592492
-66.35886098013474,82,2592574
-314.0961094083433,103,2592677
-70.21758950235228,67,2592744
-2.047832999837226,78,2592822
-165.4616839748722,132,2592954
-342.2589643145549,91,2593045
45.39216449839887,92,2593137
-231.85004556895848,73,2593210
-5.325546507070598,85,2593295
-127.50005822968375,98,2593393
-113.03669321117127,88,2593481
-248.25076104524427,76,2593557
-331.62362709093304,119,2593676
-190.8464878833497,69,2593745
-259.6337443364829,93,2593838
-146.98968236678485,92,2593930
-131.86053063600303,105,2594035
-240.9702616873119,89,2594124
-124.4222471188441,74,2594198
-219.97931807971133,123,2594321
-125.7718474825548,119,2594440
-109.64371409914747,67,2594507
-266.87372749447786,88,2594595
-104.98385676726843,101,2594696
-217.2499737154041,93,2594789
-113.81738078101287,89,2594878
-103.76011454447799,89,2594967
-108.63872041480944,111,2595078
-57.27201264705147,97,2595175
-110.09899693963027,78,2595253
-284.311203324497,85,2595338
-8.125425611120406,126,2595464
-177.3840550101481,108,2595572
-131.54219822436903,87,2595659
-95.09464212921516,89,2595748
-178.46602361081278,97,2595845
-98.0175462182785,98,2595943
-52.56177327543292,58,2596001
4.62813146258982,79,2596080
-92.89434046155974,91,2596171
-86.93018177968385,64,2596235
-266.0398499721191,74,2596309
-138.86642288258173,98,2596407
-325.04009449186435,95,2596502
-200.48654156329997,98,2596600
-420.735242099914,121,2596721
-84.318029474697,79,2596800
-409.929309881015,116,2596916
-89.85799099903105,87,2597003
-92.67891472491493,61,2597064
-77.06373158281595,78,2597142
-223.0765104813509,124,2597266
-241.41134608266228,124,2597390
-212.95501282289757,69,2597459
-169.3502786669636,128,2597587
-159.33411754016424,93,2597680
-245.04549002839948,84,2597764
-120.91558247696673,85,2597849
-308.7454541941125,79,2597928
-89.99108124474512,71,2597999
-406.78140755807453,101,2598100
-430.6791787564032,107,2598207
-391.2827372718281,93,2598300
-58.686535302348666,70,2598370
-211.42865952964172,113,2598483
-285.5965347884245,85,2598568
-174.84239098859547,57,2598625
-265.79438384278933,117,2598742
-160.49060432267308,102,2598844
-290.55878015471353,104,2598948
-117.18434847832006,105,2599053
-203.31029470433734,117,2599170
-82.09584083154175,98,2599268
-231.60854668358633,75,2599343
-131.17551470778284,82,2599425
-76.46666958736859,71,2599496
-10.295551425771691,120,2599616
-127.60545084663583,113,2599729
-98.23257867780093,90,2599819
-166.2442968497274,95,2599914
-163.7002609838932,92,2600006
-113.86911344552622,66,2600072
-141.75236825513753,98,2600170
-414.75696891753,89,2600259
-376.4609397401333,101,2600360
-189.0495545475789,75,2600435
-307.18014238619605,72,2600507
-351.19475728949,110,2600617
-292.0092170941366,115,2600732
-94.25544880724502,103,2600835
-178.28912611258858,100,2600935
-134.19412633040002,74,2601009
-161.29952463489718,88,2601097
-44.4258910278574,102,2601199
-327.4703783757635,107,2601306
-167.1459423403659,65,2601371
-235.99526665325135,68,2601439
-180.28590805265287,67,2601506
-133.85008830591732,92,2601598
-293.8743127868496,106,2601704
-72.65675160132474,78,2601782
-185.3346123651151,101,2601883
-69.36399291559164,70,2601953
-468.8778899011296,80,2602033
-197.30189206536522,77,2602110
2.9108879658520124,139,2602249
-307.13259389069185,125,2602374
-195.09223394562247,120,2602494
-127.65531496349425,83,2602577
-341.0469340597846,97,2602674
-409.90128899581913,80,2602754
-192.12555908592074,61,2602815
-184.46093309220527,86,2602901
-432.3966227907605,103,2603004
-248.89805011783872,120,2603124
-124.81140402769886,82,2603206
-163.7672700911836,94,2603300
-178.67600571629754,106,2603406
-81.83909971462586,78,2603484
-166.98500532719552,95,2603579
-153.50144347065967,104,2603683
-89.59653578553218,78,2603761
-93.83843533979544,62,2603823
-369.4827507080663,97,2603920
-122.89008935120678,100,2604020
-82.1938570584048,73,2604093
-314.574085719968,109,2604202
-258.2984855384814,79,2604281
-157.7634443127417,96,2604377
-118.80359765462646,111,2604488
-150.4189390020979,88,2604576
-169.49607488357074,107,2604683
-79.33262403851279,67,2604750
-565.249317619848,109,2604859
-100.88935960091318,108,2604967
-77.74912585305022,81,2605048
-165.00716137845174,96,2605144
-81.96275242426125,68,2605212
-182.37815208969096,67,2605279
-428.3133077094569,140,2605419
-166.38286536016784,90,2605509
-119.87043299356898,65,2605574
-188.5213010186912,66,2605640
-115.98108047903101,78,2605718
-93.7720728685558,63,2605781
-319.46162070230105,79,2605860
-374.7692506408192,92,2605952
-130.4159912279826,86,2606038
-320.4126258790941,69,2606107
-154.18338928047433,65,2606172
-37.80478148003667,113,2606285
-365.13764796743624,81,2606366
-28.364885082863978,150,2606516
-226.25197795658838,64,2606580
-120.25310247410961,69,2606649
-253.1603030741093,66,2606715
-97.11931998681474,65,2606780
-112.44690942552052,133,2606913
-116.69144052799254,108,2607021
-70.93372605403552,69,2607090
-104.63506600975924,136,2607226
-171.2273330403318,122,2607348
-140.77411416864496,125,2607473
-10.482962936831015,81,2607554
-416.57814063784645,90,2607644
-106.22212403302255,157,2607801
-229.10432566683895,64,2607865
-196.91239340616735,117,2607982
-95.16906718468432,52,2608034
-127.75770428190022,85,2608119
-60.693111179349565,73,2608192
-78.06837422906312,64,2608256
-114.50214478932129,70,2608326
-126.33312805497121,74,2608400
-95.90873631874912,67,2608467
-145.07203152489552,116,2608583
-86.71149248022523,60,2608643
-339.5861789109134,103,2608746
-89.19120279838432,96,2608842
-193.00782331297415,78,2608920
-462.2634579706499,87,2609007
-358.3112128351438,80,2609087
-136.21870496055706,131,2609218
-61.326857367276205,125,2609343
-307.81382240635156,109,2609452
-373.291526643803,93,2609545
-76.13558915868438,78,2609623
-257.69020638530793,98,2609721
-162.03805734850815,82,2609803
-89.69496948331476,121,2609924
-190.84063851310952,74,2609998
-173.73308124895036,90,2610088
-132.62580222641182,110,2610198
-380.1732824733303,81,2610279
-33.56673239547423,69,2610348
-478.07512832082153,129,2610477
-382.3013380328377,130,2610607
-508.4244925998734,105,2610712
-142.5083117536763,83,2610795
-237.1099687087955,84,2610879
-117.13965331365823,77,2610956
-97.68150853371547,66,2611022
-40.9002672567664,60,2611082
-140.4341704643148,100,2611182
-160.17371784867078,90,2611272
-84.65108021730947,70,2611342
-116.51986771267804,130,2611472
-176.99004917332053,73,2611545
-238.97541060574358,138,2611683
-113.2466019826481,100,2611783
-76.33202253893552,83,2611866
-150.81625895928784,122,2611988
-52.6999415667178,113,2612101
-286.28411079072134,103,2612204
-268.8163171243716,83,2612287
-117.39567653768059,91,2612378
-475.35764669777427,98,2612476
-407.8193485913688,121,2612597
-205.27879451428282,85,2612682
-101.57603722029477,70,2612752
-169.5931695408376,120,2612872
-183.24063915372335,73,2612945
-63.31261093090648,98,2613043
-109.76979024572637,126,2613169
-121.09696733698962,113,2613282
-330.21243623369156,111,2613393
-104.65059089511354,63,2613456
-133.44775814213887,79,2613535
-95.37402283493913,90,2613625
-153.44891781796025,114,2613739
-100.62530796006982,136,2613875
-269.1265894024034,66,2613941
-133.63615452082232,106,2614047
-255.77449050550257,127,2614174
-104.04752516591707,66,2614240
-98.42116662580119,65,2614305
-114.11429245428752,70,2614375
-320.5591015666526,106,2614481
-371.31721388858216,103,2614584
-90.50091269460616,66,2614650
-84.99869714191802,79,2614729
-82.90146413596406,72,2614801
-331.3451645290969,106,2614907
-241.46301742406678,128,2615035
-131.8226049008948,86,2615121
-158.6937761417881,144,2615265
-232.11875586850124,68,2615333
-193.9645697125287,104,2615437
-136.75539185040907,70,2615507
-124.01927801645593,59,2615566
-200.03291209039162,64,2615630
-129.57644404109152,96,2615726
-193.69299540890336,89,2615815
-106.16571648587627,127,2615942
-93.53464672697686,87,2616029
-252.6693681964417,90,2616119
-375.29721330385047,93,2616212
-72.79515276180841,113,2616325
-172.30172257373266,89,2616414
-99.43546270001326,73,2616487
-540.258875281485,112,2616599
-320.15353374146383,109,2616708
-227.67600755080795,80,2616788
-113.70703423273615,65,2616853
-134.17811160770754,111,2616964
-326.4268396227585,96,2617060
-141.62836146193732,83,2617143
-116.51438358306811,88,2617231
29.882851214563658,74,2617305
-201.9645158900567,112,2617417
-112.05533869052708,64,2617481
-154.10884591220537,58,2617539
-84.7593152156607,64,2617603
-192.7569436419053,71,2617674
-1.358896942385158,121,2617795
-49.32494851682967,118,2617913
-224.16321716255595,109,2618022
-166.1305977929981,106,2618128
-101.2175229182248,133,2618261
-107.38321127695133,98,2618359
-374.49265075358363,83,2618442
-97.4508962063942,69,2618511
-173.66347869579812,126,2618637
-197.55234396875895,92,2618729
-83.62007225752936,82,2618811
-57.097783850401214,99,2618910
-199.6090652236494,79,2618989
-57.304480931206605,60,2619049
-107.42103460942238,98,2619147
-122.34611844336979,86,2619233
-109.72923331367832,63,2619296
-95.14845105357676,76,2619372
-168.86142328082263,104,2619476
-268.1977276431236,139,2619615
-131.4498949554219,99,2619714
-332.0494355984391,117,2619831
-361.47414480056557,74,2619905
-88.04288860083372,113,2620018
-320.2853564042439,102,2620120
-108.24766146411696,65,2620185
-134.56969948070906,90,2620275
-196.82994871827998,70,2620345
-112.66046553902162,115,2620460
-86.2526364744573,78,2620538
-158.09605234444035,93,2620631
-67.67333896222169,58,2620689
-121.4267558144486,77,2620766
-130.77118282966376,87,2620853
-206.02952190410838,106,2620959
-154.91632181401442,78,2621037
-137.4009491963525,83,2621120
-164.71557929520117,94,2621214
-551.064795011263,109,2621323
-254.94359225965832,135,2621458
-142.45969091512853,99,2621557
-186.82203930617914,89,2621646
-199.4065020561104,79,2621725
-87.670431316559,69,2621794
-188.50867844533013,97,2621891
-81.20011107927567,67,2621958
-166.87870222424002,77,2622035
-349.92641254737015,101,2622136
-185.53041021769886,104,2622240
-92.93822733281327,113,2622353
-230.54206488375718,108,2622461
-109.65383839423913,94,2622555
-244.00409524654833,114,2622669
-306.8078073739217,80,2622749
-98.87482420971808,92,2622841
-140.79611234953077,71,2622912
-190.1032580344292,107,2623019
-248.7717949853068,92,2623111
-114.57008808896676,71,2623182
-113.42899392789269,69,2623251
-82.50911862357734,73,2623324
-195.53714800114824,102,2623426
-189.19287499501593,103,2623529
-310.5039238239923,93,2623622
-104.71504821076255,67,2623689
-253.56332138259495,97,2623786
-284.1918935947841,81,2623867
-120.19338434120415,128,2623995
-183.4458923321946,69,2624064
-277.62129053198885,109,2624173
-81.55915505138391,65,2624238
-143.43025362319065,67,2624305
-150.10422667601955,91,2624396
-103.46184178934546,115,2624511
-260.6344231072301,84,2624595
-77.26325274570084,78,2624673
-75.93516635565535,75,2624748
-245.50321544163754,73,2624821
-132.90510108422953,101,2624922
-150.92169637597135,100,2625022
35.75360836705249,124,2625146
-143.45248352022168,81,2625227
-213.28357238725738,72,2625299
-342.524720185307,113,2625412
-131.85420621022809,100,2625512
-222.9096695981383,112,2625624
-250.06406736768133,94,2625718
-84.2945569645393,140,2625858
-43.070989181004926,91,2625949
-204.9442969341934,105,2626054
-74.12261800896334,78,2626132
-199.76469715427604,90,2626222
-328.597629623426,110,2626332
-66.5926704997953,62,2626394
-191.61028958253132,86,2626480
-140.69560207661863,79,2626559
-112.31052732376165,88,2626647
-437.03926795469164,87,2626734
-137.24355113798575,92,2626826
-97.48881553183483,57,2626883
-98.24243838928422,70,2626953
-107.3335746593353,71,2627024
-103.15386606171782,66,2627090
-129.5478343758837,113,2627203
-84.88597422970089,67,2627270
-453.31947220569214,121,2627391
-89.57277107834487,71,2627462
-32.95923834093274,78,2627540
-105.4441984968194,79,2627619
-253.91369061572206,114,2627733
-64.86060621192503,72,2627805
-63.82655498399075,60,2627865
-460.19576497890034,85,2627950
-185.9704730990588,84,2628034
-308.6020159451412,97,2628131
-134.7490838007364,71,2628202
-39.20310949403801,73,2628275
-410.43490973984166,93,2628368
-602.3878552852839,104,2628472
-105.42870380901684,109,2628581
-108.94860183915483,84,2628665
-386.4734413944929,104,2628769
-312.46744448752406,112,2628881
-134.09814503972333,68,2628949
-202.14568103889843,101,2629050
-242.2027462745845,80,2629130
-104.8104540078573,74,2629204
-316.29489003046365,126,2629330
-58.79118038759238,95,2629425
-113.97585726457221,69,2629494
-153.88426705746997,91,2629585
-203.1174410353031,72,2629657
-97.29139922359933,111,2629768
-129.61157271981233,75,2629843
-119.65109015899414,96,2629939
-123.82011414859836,121,2630060
-214.94984305682064,105,2630165
-212.4405711262866,87,2630252
-350.77828576977515,82,2630334
-109.43473372391611,75,2630409
-269.3450243815188,93,2630502
-98.49718374069681,101,2630603
-118.5520900933151,102,2630705
-70.61142060934668,67,2630772
-177.4451892561626,126,2630898
-114.19491965532943,85,2630983
-113.98394127011417,76,2631059
-148.90730647982815,83,2631142
-93.20648250527879,75,2631217
-295.284730365688,109,2631326
-100.92606819856904,77,2631403
-361.9622304985959,95,2631498
-107.04144361063015,123,2631621
-215.78202564511633,112,2631733
-194.1352456478224,67,2631800
-212.28246945961473,117,2631917
-123.87539022099999,101,2632018
-206.4554370866107,130,2632148
-110.00217459538905,91,2632239
-120.40423414411427,83,2632322
-131.30989849786124,81,2632403
-323.0422140679049,90,2632493
-283.2541627414971,102,2632595
-103.86221818285954,87,2632682
-430.18587905187576,110,2632792
4.663943024671809,104,2632896
-44.32382099761308,139,2633035
-148.72153391751084,153,2633188
-228.33918284179936,119,2633307
-98.79356993821344,113,2633420
-111.86792721935558,106,2633526
-127.38314498956642,139,2633665
-203.86702030996082,109,2633774
-231.72253851965752,95,2633869
-88.4406650118337,75,2633944
-232.81900141130933,82,2634026
-351.09942658147145,90,2634116
-223.81798934393845,149,2634265
-376.67321230368776,100,2634365
-209.32748195802293,78,2634443
-155.29201102602218,111,2634554
-273.03611424255234,71,2634625
-303.51645635459096,114,2634739
-164.95638737751403,106,2634845
-195.14129300986636,71,2634916
-290.64841193982727,87,2635003
-134.94293827648917,83,2635086
-329.0772709828609,101,2635187
-308.922904997057,97,2635284
-241.17922705518967,112,2635396
-75.89766183323005,69,2635465
-39.62600738403907,99,2635564
-161.00517369364917,70,2635634
-67.47480342900829,115,2635749
-89.39276485117901,80,2635829
-233.57512316824568,101,2635930
-99.63630082886857,61,2635991
-411.75707916240754,81,2636072
-128.51729779554324,121,2636193
-136.53552257884886,98,2636291
-265.34770197049613,108,2636399
-94.28652098627973,91,2636490
-118.27194515329674,73,2636563
-44.422990573947374,102,2636665
-147.63482650542136,81,2636746
-109.3340028173162,93,2636839
-449.1690490014172,81,2636920
-71.68128896509317,81,2637001
-127.17769162585934,67,2637068
-94.02230378073102,78,2637146
-54.758267518711364,117,2637263
-110.57935386399672,100,2637363
-87.87074907387604,68,2637431
-108.86381221609119,72,2637503
-367.99334866080983,99,2637602
-203.99093406164147,106,2637708
-242.74116125214607,96,2637804
-98.94536566175377,71,2637875
-103.74995671275288,115,2637990
-329.17858990341244,99,2638089
-374.9573057950979,104,2638193
-334.42677070595437,128,2638321
-114.76504842063406,60,2638381
-157.3504336357912,79,2638460
-188.63169109680436,67,2638527
-208.99891881341767,108,2638635
-144.89623968606287,87,2638722
-237.48027281470573,96,2638818
-68.16359638277385,66,2638884
-124.21183940889969,75,2638959
-106.8437921326134,150,2639109
-185.95837999479423,110,2639219
-109.95191480184633,84,2639303
-207.93803421304494,114,2639417
-244.51257063121514,70,2639487
-158.76484288342613,89,2639576
-305.1183777418851,80,2639656
-128.96780441448968,130,2639786
-124.27223574625104,64,2639850
-110.65850800374852,94,2639944
-165.28708724409438,82,2640026
-120.3095266975001,89,2640115
-133.94037991813553,90,2640205
-150.37791504712115,89,2640294
-371.1600395626315,123,2640417
-279.7579548193052,121,2640538
-101.81054422690958,85,2640623
-237.11779164571112,65,2640688
-125.98144276611788,103,2640791
-393.2555427087531,95,2640886
-122.9074440321159,68,2640954
-91.29167905734748,72,2641026
-360.95326451273684,99,2641125
-174.2799789241874,66,2641191
-333.4990855028583,100,2641291
-153.84292390192772,89,2641380
-199.1315534322436,62,2641442
-262.8813577402763,113,2641555
-351.45345549092167,106,2641661
-413.4694444328519,112,2641773
-276.68553773975145,91,2641864
-63.854012293520306,100,2641964
-113.39012751701873,54,2642018
-251.31530465221363,89,2642107
-93.00287954625777,116,2642223
-400.7411370348151,114,2642337
-219.4494425975579,93,2642430
-301.21941743987884,85,2642515
-12.313072033500788,148,2642663
-109.2825927264287,77,2642740
-375.664970204235,86,2642826
-50.468248853212614,67,2642893
-72.44822243665988,102,2642995
-132.7247464448829,107,2643102
-56.650284391809265,73,2643175
-188.30275950040826,66,2643241
-316.7877280216507,87,2643328
-290.22446799920596,87,2643415
-356.99976389130063,137,2643552
-158.55338690786033,111,2643663
-163.0369444508837,115,2643778
-295.205271392,110,2643888
-271.1019159389199,129,2644017
-209.66169994576813,76,2644093
-92.76074752572154,130,2644223
-103.28506384823834,81,2644304
-122.74259503147545,66,2644370
-119.70725972419126,82,2644452
-132.62637289633858,86,2644538
-259.81967752963146,112,2644650
-366.3013254506918,106,2644756
-142.83089787115006,114,2644870
-90.55942218291752,79,2644949
-110.90885692732024,80,2645029
-412.4158244956903,87,2645116
-360.2039677423853,105,2645221
-122.2894110445544,100,2645321
5.42166077324498,71,2645392
-136.86581697254343,62,2645454
-327.3778588292908,120,2645574
-143.59429211021026,98,2645672
-117.74930999913637,100,2645772
-9.503683284064223,112,2645884
-258.4882522966659,98,2645982
-130.56619198534185,101,2646083
-134.28576618428954,105,2646188
-348.62249325517655,95,2646283
-299.2721986482229,120,2646403
-84.10092752365371,69,2646472
-417.7432256900519,136,2646608
-361.75323094780623,101,2646709
-116.58483507405569,100,2646809
-103.28020461934348,109,2646918
-200.76493790251448,92,2647010
-222.152945876694,72,2647082
-105.13942361460524,78,2647160
-70.32905981180741,86,2647246
-180.97885580239327,95,2647341
-353.76312576643306,99,2647440
-386.42541113980326,85,2647525
-240.52656512701785,74,2647599
-87.90895101618338,61,2647660
-122.00068993445564,80,2647740
-172.94541169102013,102,2647842
-80.22827313451558,81,2647923
-95.34450332919506,73,2647996
-193.65649767717093,82,2648078
-88.17100808633288,67,2648145
-315.4055056242713,114,2648259
-150.23193662394252,106,2648365
-91.98964919212764,74,2648439
-132.25490255053768,107,2648546
-76.63963559139899,61,2648607
-464.15553439922024,109,2648716
-81.25463630718569,77,2648793
-46.62385650768785,65,2648858
-217.31847396803659,111,2648969
-132.29109363441023,128,2649097
-61.49637816523236,80,2649177
-202.4298990483726,87,2649264
-207.43058916473623,77,2649341
-101.34613019476807,126,2649467
-137.85867645341494,78,2649545
-258.5184838425363,95,2649640
-128.4548853604255,75,2649715
-158.2297357165138,96,2649811
-167.732878657992,112,2649923
-97.79087906129931,109,2650032
-213.24122702733644,119,2650151
-219.55944645169353,114,2650265
-332.852549353802,102,2650367
-370.3501589797554,113,2650480
-184.45252794368884,98,2650578
-198.93008422008361,86,2650664
-166.38172497542183,73,2650737
-205.99057866057356,121,2650858
-211.2203693670746,122,2650980
-171.26696978736578,76,2651056
-94.30923939874394,89,2651145
-285.21186758648713,91,2651236
-150.57874126475076,127,2651363
-117.47726149047398,71,2651434
-290.51699200847827,102,2651536
-137.1830715851267,131,2651667
-547.4840486395537,122,2651789
-51.765347248622746,95,2651884
-215.7782525701092,122,2652006
-188.7216148640158,98,2652104
-220.56118196836928,91,2652195
-239.9133185314039,109,2652304
-370.21847573796185,72,2652376
-82.18531681944691,85,2652461
-209.28345894279272,75,2652536
-159.48012852925243,60,2652596
-120.45152256014993,95,2652691
-59.63696781993305,75,2652766
-485.05383791739285,106,2652872
-89.09667428346489,72,2652944
-112.25232174016817,72,2653016
-17.323469087646828,91,2653107
-206.49185613651187,124,2653231
-176.84413941803012,96,2653327
-82.77182796928011,63,2653390
-134.92325829090854,92,2653482
-86.65786394647503,124,2653606
-84.70853262091345,72,2653678
-207.35238875764287,97,2653775
-166.08732553370282,71,2653846
-328.40747989193073,115,2653961
-120.42715587683443,115,2654076
-325.84715297513475,72,2654148
-254.58441797431396,87,2654235
-345.81935720354534,88,2654323
-74.30136450607586,66,2654389
-232.31202813726063,97,2654486
-124.20991227280504,120,2654606
-114.8887900982358,81,2654687
-93.17407720154115,76,2654763
-133.5036971165406,79,2654842
-105.49698906667095,70,2654912
-110.2020221533059,117,2655029
-120.41193768283064,61,2655090
-82.7203777626205,73,2655163
-95.32382120943788,76,2655239
-121.20321419179088,57,2655296
-84.0636398019222,118,2655414
-87.34066965719308,84,2655498
-104.53593397834761,87,2655585
-247.85271021814805,117,2655702
-176.6476560736811,114,2655816
-458.6327193904688,98,2655914
-225.12481578980697,109,2656023
-373.8291354063955,86,2656109
-180.3018728840691,61,2656170
-258.4777880689196,109,2656279
-120.56191027815875,71,2656350
-173.36202668735433,69,2656419
-133.33231920945985,88,2656507
-175.08375248111014,69,2656576
-226.42702825841187,99,2656675
-88.9736108661324,67,2656742
-108.8501000927547,84,2656826
-74.28798291231558,60,2656886
-85.60081465868892,71,2656957
-99.79054115106553,90,2657047
-115.3163494750987,68,2657115
-126.77951837798908,64,2657179
-228.9611636123113,119,2657298
31.162759255393297,102,2657400
-199.80783386518317,88,2657488
-319.1847712671482,109,2657597
-194.03109935122546,88,2657685
-82.64412088266616,99,2657784
-330.3103075746984,116,2657900
-171.94548814696878,96,2657996
-236.47065727393868,118,2658114
-86.83077931644712,71,2658185
-73.17655400940458,89,2658274
-98.81647937433009,73,2658347
-92.97222700705409,66,2658413
-179.7717801353055,72,2658485
-292.47590884118483,109,2658594
-229.0308556528723,106,2658700
-140.41682585966623,80,2658780
-74.59313810616325,67,2658847
-92.37221933458764,84,2658931
-104.24120498359532,88,2659019
-117.26977836551404,57,2659076
-174.10099397233907,101,2659177
-272.02341960772617,104,2659281
-251.71085218852107,74,2659355
-20.874867602279977,100,2659455
-145.73767192033245,90,2659545
4.437089522421999,81,2659626
-84.27022768243968,65,2659691
-234.52690433722677,76,2659767
-54.214991133554825,132,2659899
-163.0827703063689,119,2660018
-432.1186969929498,103,2660121
-255.96803339196276,104,2660225
-140.47108641314114,82,2660307
-495.9099404548093,112,2660419
-157.4570996144792,124,2660543
-313.2307415840394,83,2660626
-67.63335007326047,70,2660696
-233.36495741004353,108,2660804
-122.87280493035236,94,2660898
-86.4134543222969,105,2661003
-267.66971232179264,116,2661119
-87.1303785786398,124,2661243
-117.65301330499523,91,2661334
-112.34294922037415,116,2661450
-286.72235247360004,130,2661580
-189.20533946805406,59,2661639
-329.0267466729601,132,2661771
-124.2139438491554,76,2661847
-90.66533025812534,85,2661932
-109.35763575014965,65,2661997
-169.8617063865516,83,2662080
-79.00199919140843,64,2662144
-224.80212874060612,85,2662229
-312.4460849192392,117,2662346
-439.8472532585068,110,2662456
-334.8186554279648,83,2662539
-306.6642603239373,100,2662639
-102.31592309448381,65,2662704
-84.01100154926097,78,2662782
-63.104577713443234,72,2662854
-87.2306006470315,81,2662935
-276.30639470566496,115,2663050
-147.77760104802078,61,2663111
-144.48723923932863,107,2663218
-119.07093481956618,74,2663292
-246.01524884221925,77,2663369
-331.37303254752703,119,2663488
-228.77389664244737,81,2663569
-353.25055482630023,94,2663663
-235.75815958300367,98,2663761
-141.35267628659292,75,2663836
-55.00885899418314,63,2663899
-130.9322154976907,65,2663964
-83.58718897612904,65,2664029
-217.6250139412634,87,2664116
-188.39136593917578,69,2664185
-80.85911339339344,74,2664259
-137.05267419350633,103,2664362
-100.26231958906742,67,2664429
-182.63516524983055,94,2664523
-144.2150449331939,88,2664611
-133.4160485588351,94,2664705
-82.7314179738577,92,2664797
-36.520802915375896,158,2664955
-350.8469447222358,178,2665133
-156.3026584403071,76,2665209
-88.92124267210004,66,2665275
-138.49869743891801,123,2665398
-131.5147798011182,94,2665492
-31.743455145359235,86,2665578
-109.25519344477003,77,2665655
-64.11494399742028,115,2665770
-113.17032261013753,84,2665854
-107.14234599095768,103,2665957
-212.2761745907997,93,2666050
-48.079890056380634,66,2666116
-118.07257000910514,117,2666233
-91.20966225003181,78,2666311
-104.18364465914381,59,2666370
-110.08893136107673,66,2666436
-131.3026301670567,130,2666566
-129.97025741544627,62,2666628
-78.55281533957043,101,2666729
-61.78430116786551,64,2666793
-55.32477949579528,62,2666855
-235.7287628009342,112,2666967
-319.0891219443803,103,2667070
-79.20636381604356,60,2667130
-139.46706603704493,67,2667197
-228.26296497604162,106,2667303
-133.71417745427993,69,2667372
-3.439963075137541,85,2667457
-67.23344082758359,73,2667530
-203.31622402439942,81,2667611
-279.580097464839,116,2667727
-106.2093094280406,96,2667823
-124.26528246851925,72,2667895
-167.46385471544693,71,2667966
-85.16763506485276,58,2668024
-146.43836043524675,73,2668097
-164.56514701662235,74,2668171
-154.652912217509,105,2668276
-111.00904097693781,76,2668352
-106.55405902141962,94,2668446
-343.61371288007865,123,2668569
-146.5782669446537,99,2668668
-68.08205822111512,65,2668733
-105.77290192911886,81,2668814
-182.25951201136087,100,2668914
-83.06763932711561,87,2669001
-75.58830527779524,65,2669066
-102.47644429690341,103,2669169
-302.57103686730557,103,2669272
-91.6497507556256,82,2669354
-117.81003429947876,127,2669481
-110.48451782209288,79,2669560
-81.71934258615264,78,2669638
-280.96578762935997,112,2669750
-129.60272657390522,71,2669821
-370.993376866494,93,2669914
21.46171521393059,112,2670026
-133.74414322067838,100,2670126
-311.7096822268706,109,2670235
-263.831039575657,121,2670356
-183.87432564018496,99,2670455
-210.92833690241332,86,2670541
-84.15605935055392,72,2670613
-69.42213389013942,59,2670672
-145.75723404995148,80,2670752
-79.49786133083637,78,2670830
-101.4459511874526,91,2670921
-77.5928317159108,92,2671013
-78.44486008041915,128,2671141
-136.34858537615912,146,2671287
-299.9083808302264,90,2671377
-177.41433962958,79,2671456
-156.0432771620574,83,2671539
-223.75835048053122,154,2671693
-165.31888799794382,98,2671791
-115.04431607398129,78,2671869
-174.11902866245316,78,2671947
-194.934442134275,96,2672043
-308.4632388486242,85,2672128
-443.9166913043201,89,2672217
-74.74758239619258,105,2672322
-294.35177664953824,94,2672416
-194.81730724276753,111,2672527
-221.87966410949812,116,2672643
-128.0820272080051,76,2672719
-238.68181704787614,69,2672788
-115.72001237502229,81,2672869
-187.86867471453394,73,2672942
-219.25799796896456,102,2673044
-404.73514973861904,78,2673122
-127.62537335455885,86,2673208
-383.267088552615,92,2673300
-396.2257569586327,87,2673387
-15.594833110479968,86,2673473
-78.50763228079178,86,2673559
-83.4620347908438,62,2673621
-316.2386663278979,118,2673739
-172.55834829300758,66,2673805
-373.2543713619687,117,2673922
-269.5631483358021,102,2674024
-337.0009950007602,92,2674116
-70.47733375243808,86,2674202
-86.0976893937835,68,2674270
-164.6258380206728,86,2674356
-161.9255890857039,144,2674500
-299.36388161295974,102,2674602
-77.97162459421035,68,2674670
-211.8708555393522,114,2674784
-124.34178085473906,63,2674847
-150.01697305506423,122,2674969
-351.95737176892175,95,2675064
-173.697833698261,102,2675166
-104.23402925004555,73,2675239
-306.6536310284548,93,2675332
-87.07782904755372,101,2675433
-67.23503267898386,80,2675513
-254.89637589238896,82,2675595
-285.5409267806924,100,2675695
-113.96875076616101,71,2675766
-306.64112271192255,89,2675855
-114.39359530097241,74,2675929
-90.70827224556356,80,2676009
-113.55299454531932,102,2676111
-136.25041048946952,60,2676171
-126.13585065397065,80,2676251
-309.0165187137603,98,2676349
-273.84528022181803,112,2676461
-316.46579925898004,108,2676569
-119.28291485849596,85,2676654
-89.47458418949492,88,2676742
-189.98293964132262,98,2676840
-103.27630489265732,93,2676933
-92.3396841309391,118,2677051
-114.59669584727777,69,2677120
-126.38437437248486,66,2677186
-120.2366165067366,75,2677261
-128.06369245286928,87,2677348
-83.75318249591383,90,2677438
-103.34574947231066,127,2677565
-109.51125045542578,123,2677688
-184.59886422806497,109,2677797
-70.64779520791258,110,2677907
-87.61366074523845,114,2678021
-92.33197413239657,95,2678116
-242.30538589101496,69,2678185
-139.7969264450043,95,2678280
-98.0671278169147,83,2678363
-184.96180869203937,106,2678469
-418.32664972739417,96,2678565
-133.9997920843668,115,2678680
-261.0959537819726,94,2678774
-120.83820832998714,136,2678910
-249.5320701998832,98,2679008
-152.15748804375696,115,2679123
-266.0209676174077,80,2679203
-114.1655537741525,57,2679260
-162.36333506183053,129,2679389
-71.548381474368,80,2679469
-91.31392397422556,79,2679548
-117.05700837668986,114,2679662
-115.62655771578721,78,2679740
-320.5364481253472,113,2679853
-190.20668878745357,117,2679970
-127.60726293459595,94,2680064
-102.39857746463976,94,2680158
-358.310516951996,102,2680260
-87.78478730503565,74,2680334
-111.66389131785307,64,2680398
-98.92567728207602,92,2680490
-141.0366740634089,114,2680604
-98.77444072493822,61,2680665
-265.58073858906937,71,2680736
-111.61007578543499,127,2680863
-81.5418728514189,127,2680990
-513.9885289521412,109,2681099
-173.44859351786474,120,2681219
-122.96018172973112,69,2681288
-153.49560445504895,141,2681429
-220.68480131011057,85,2681514
-52.39323194973399,120,2681634
-128.2163675610658,119,2681753
-218.93676342501504,136,2681889
-126.69211573409132,132,2682021
-186.7428431742722,70,2682091
-237.84464975736518,79,2682170
-130.13425190067358,108,2682278
-281.16145858773893,70,2682348
-162.31755202338945,86,2682434
-174.92425562689345,58,2682492
-335.5244395684688,125,2682617
-80.63209393081665,66,2682683
-217.7638478933577,85,2682768
-192.66461001434087,105,2682873
-396.9253133201771,114,2682987
-370.6151496594957,96,2683083
-112.1836888682846,80,2683163
-373.57329972731003,106,2683269
-114.16402908060574,78,2683347
-81.57733957005279,113,2683460
-151.9550513429864,100,2683560
-305.9140452876086,98,2683658
-127.93663962899645,96,2683754
-298.94824618394387,61,2683815
-216.71445428093998,75,2683890
-94.68601357699188,67,2683957
-118.5284555159987,69,2684026
-220.68788815250537,95,2684121
-178.21177817194285,96,2684217
-112.66160558970212,88,2684305
-321.68337131736746,120,2684425
-184.68660408189047,69,2684494
-139.44229617615932,87,2684581
-109.40957459807211,102,2684683
-486.54069290325793,104,2684787
-171.42363020495654,94,2684881
-277.5545369477068,130,2685011
-127.0376651178894,77,2685088
-109.9088630844641,94,2685182
-113.03320155675259,84,2685266
-139.55092982945644,125,2685391
-491.5553225520225,131,2685522
-91.10647231136868,64,2685586
-110.68093739292735,87,2685673
-123.25884395201149,80,2685753
-158.25832039372068,126,2685879
-229.78020499452123,78,2685957
-162.17983718138703,100,2686057
-143.9987115428524,77,2686134
-310.9898053543038,84,2686218
-114.65786912303176,90,2686308
-229.97269732866712,81,2686389
-412.14504955692695,97,2686486
-66.12805926520511,65,2686551
-455.3162317005289,102,2686653
-291.53010603175596,95,2686748
-133.2118597560677,118,2686866
-7.517231445902823,67,2686933
-113.20638537612591,63,2686996
-103.34713607247815,84,2687080
-139.79549604598054,66,2687146
-299.3272820830168,75,2687221
-111.82963098683987,70,2687291
-299.23192028991815,96,2687387
-106.73629765947096,71,2687458
-230.40024260594328,98,2687556
-93.85570860726557,88,2687644
-159.43367864869577,58,2687702
-384.13694620807297,85,2687787
-469.0760282001098,99,2687886
-137.81821063760452,81,2687967
-145.96368797587445,65,2688032
-162.57607061810643,142,2688174
-56.21644774260413,113,2688287
-99.24621835351333,80,2688367
-416.39833348786067,120,2688487
-99.6781837091015,64,2688551
-88.69656463438653,67,2688618
-334.70689245113255,124,2688742
-240.90855683579616,113,2688855
-286.72445290986855,125,2688980
-192.12519268647634,62,2689042
-313.5966411116961,101,2689143
-100.47581180064508,83,2689226
-158.29646747960336,131,2689357
-402.08757004888923,96,2689453
-70.72937494765556,80,2689533
-147.1309131680723,83,2689616
-164.5653321284583,118,2689734
-174.9851094705196,66,2689800
-335.2234095818217,110,2689910
-286.7561409499318,87,2689997
-184.8026704069528,113,2690110
-114.43119078492813,110,2690220
-200.3942825138307,120,2690340
-407.95667467708375,97,2690437
-180.31225791009044,75,2690512
-49.65747578366644,73,2690585
-137.14867268982863,74,2690659
-102.24171967129644,81,2690740
-47.725685454084996,67,2690807
-220.55546598778497,66,2690873
-80.66969783857087,67,2690940
-299.9112498084522,82,2691022
-366.84255074702764,107,2691129
-129.1237948756627,82,2691211
-71.43802302862568,79,2691290
-304.6692832382183,76,2691366
-369.6206421320143,116,2691482
-136.8909952421248,129,2691611
-62.527564663186965,71,2691682
-91.87213957658221,71,2691753
-471.43902729853454,94,2691847
-333.5488262901488,100,2691947
-312.58208274653884,83,2692030
-234.18198831066232,77,2692107
-386.82789742146093,111,2692218
-308.7206182509503,89,2692307
-231.51669430777105,121,2692428
-48.596905921676296,72,2692500
-163.8983279960983,82,2692582
-109.7962877636402,113,2692695
-109.73462996834051,81,2692776
-314.7321072272711,97,2692873
-353.2469365401845,114,2692987
-86.01004144698192,72,2693059
-105.39975613849741,78,2693137
-217.99706076318503,105,2693242
-102.17021954875605,105,2693347
-168.99278889007564,93,2693440
-454.10830786775307,88,2693528
-57.40143474426859,77,2693605
-128.2178808040538,87,2693692
-82.95639214222427,87,2693779
-120.60979938147794,94,2693873
-110.36292313805312,135,2694008
-124.2377008734822,91,2694099
-168.92539063366985,67,2694166
-193.19718606368767,93,2694259
-143.15884239975654,96,2694355
-102.34461537356037,107,2694462
-76.09244120707277,62,2694524
-56.19080432742908,70,2694594
-324.1007241728995,117,2694711
-76.07980428855043,57,2694768
-91.73245884343153,77,2694845
-270.5048213870674,116,2694961
-96.80214754847384,88,2695049
-109.60558996284016,125,2695174
-99.35547520744855,86,2695260
-390.11125050773387,91,2695351
-121.41811086750164,81,2695432
-127.06316779357607,101,2695533
-62.418203751380425,72,2695605
-121.4827977665251,135,2695740
-139.47071798505743,76,2695816
-86.58431810337837,89,2695905
-99.04291160327455,62,2695967
-19.30063761418066,112,2696079
-95.13476494831586,71,2696150
-197.04096233345717,92,2696242
-184.28984527520393,84,2696326
-231.8119997466011,77,2696403
-89.92898247791335,90,2696493
-185.63812470048902,91,2696584
-169.60851961279832,87,2696671
-449.2942443623551,96,2696767
-73.04251908312895,116,2696883
-323.40968282332346,100,2696983
-94.50904615035358,70,2697053
-339.54734176863565,79,2697132
-177.5771115497898,118,2697250
3.0051205528871634,89,2697339
-88.50559374277097,114,2697453
-131.79009195064353,127,2697580
-93.93238675720089,75,2697655
-72.8301134879175,124,2697779
-222.07666940135823,61,2697840
-160.58411375733476,81,2697921
-71.03573347999563,70,2697991
-82.40422949220462,84,2698075
-177.13167382839237,148,2698223
-190.38591417345629,113,2698336
-145.93662726999895,75,2698411
-274.27189487627294,94,2698505
-220.80391480824184,66,2698571
-159.11741346971758,95,2698666
-49.93838280873081,115,2698781
-110.52250496495915,60,2698841
-367.69001001205055,76,2698917
-332.7514946348362,103,2699020
-136.55011318796315,70,2699090
-176.41317884866336,87,2699177
-99.44291889685974,85,2699262
-218.13363140479487,95,2699357
-124.57316363205726,104,2699461
-147.41157018794593,96,2699557
-264.3890167420965,128,2699685
-276.87991662121334,81,2699766
-99.26794554517643,76,2699842
-201.09101246464462,95,2699937
-285.0848466553157,123,2700060
-198.6812883588207,86,2700146
-422.3419385007643,96,2700242
-348.9479100202149,93,2700335
-144.95526701151712,113,2700448
-133.51221547664443,133,2700581
-403.1968092273339,117,2700698
-249.38410879794856,75,2700773
-90.79023255328016,78,2700851
-209.73172341617007,78,2700929
-280.7097869467598,85,2701014
-195.4377627872011,107,2701121
-159.61019269140024,119,2701240
-345.48817695015384,138,2701378
-375.2269596823512,113,2701491
-88.65879117778866,73,2701564
-123.04380994514071,80,2701644
-198.6451911500279,133,2701777
-276.54177879800113,65,2701842
-146.88794226935613,116,2701958
-144.83280592044687,118,2702076
-73.71143435544009,62,2702138
-279.7184326877268,76,2702214
-98.6526897391396,81,2702295
-197.7747027104541,105,2702400
-279.536567329924,107,2702507
-111.07539760855707,72,2702579
-247.06945232999325,140,2702719
-88.47277160389957,83,2702802
-276.4981050820152,94,2702896
-197.78585020157954,77,2702973
-242.11106393159304,110,2703083
-164.0108997877087,79,2703162
-213.61733288513318,122,2703284
-216.79001422819832,76,2703360
-18.470879359275784,75,2703435
-125.93160165024165,120,2703555
-107.5910887855669,112,2703667
-42.51000543384336,115,2703782
-144.90384029294128,59,2703841
-91.15626880664436,122,2703963
-196.63574819691365,100,2704063
-21.15120621671103,106,2704169
-126.25624803317491,76,2704245
-176.4124308352549,88,2704333
-91.25088286689625,67,2704400
-53.8676154843117,66,2704466
-85.56700716434082,76,2704542
-352.4518999508424,112,2704654
-105.58753975847299,77,2704731
-109.86451233747667,67,2704798
-84.33826832069525,67,2704865
-98.03302872933648,113,2704978
-142.81713494988787,78,2705056
-273.04080883176084,84,2705140
-297.6415789646701,84,2705224
-90.56361309928187,74,2705298
-169.27344939681132,70,2705368
-99.46245024986538,99,2705467
-77.97823395147506,84,2705551
-81.78704718143749,80,2705631
-102.04729929646084,63,2705694
-84.63145005908115,62,2705756
-124.57072136278876,122,2705878
-299.86121789165315,127,2706005
-249.45435250892046,83,2706088
-266.74702671049465,99,2706187
-160.91759886617257,95,2706282
-131.16849264164904,75,2706357
-125.56430627114028,76,2706433
-123.77961439321628,70,2706503
-236.3031469860893,72,2706575
-88.46495400863061,77,2706652
-415.09554443902323,118,2706770
-108.35937682513197,71,2706841
-133.95407019606586,62,2706903
-87.91267529734756,92,2706995
-120.04352780235321,77,2707072
-130.9473102338747,131,2707203
-382.2561943666219,86,2707289
-293.1778237643053,114,2707403
-344.355433354055,107,2707510
-196.3941733638519,74,2707584
-293.1366640098569,119,2707703
-141.12242383094673,80,2707783
-363.92517264671835,86,2707869
-88.88204850925186,62,2707931
-109.79675857628087,70,2708001
-327.05247298685754,84,2708085
-298.5030668436982,124,2708209
-405.258802120655,125,2708334
-526.8836519033732,107,2708441
-210.17365252436878,67,2708508
-111.98204808703025,64,2708572
-83.11220925849867,92,2708664
-65.68616294477391,64,2708728
-200.73878434289497,82,2708810
-202.17014536039056,103,2708913
-198.0822430230901,79,2708992
-159.7347123753932,70,2709062
-146.53587099631451,90,2709152
-218.90087735541573,57,2709209
-110.7878499117918,104,2709313
-405.2420781945184,132,2709445
-347.63897294193265,94,2709539
-63.84740147170458,62,2709601
-112.95070373443667,79,2709680
-88.13745868003738,75,2709755
-319.07254673931067,110,2709865
-101.72270631744937,74,2709939
-89.73115027966992,72,2710011
-132.671141084733,68,2710079
-179.43870955544676,90,2710169
-304.73691033651744,114,2710283
-221.88316385446524,86,2710369
25.19778979775488,100,2710469
-364.16913996669695,97,2710566
-101.19364528051297,61,2710627
-269.8953055612882,99,2710726
-90.38487338093168,96,2710822
-117.66410473032354,70,2710892
-54.9166322086272,106,2710998
-286.6398377538891,87,2711085
-186.0873056882719,82,2711167
-127.31272920995768,78,2711245
-156.7438912439521,71,2711316
-74.23352316298507,62,2711378
-318.0705991682801,98,2711476
-94.2273054766899,126,2711602
-140.3757631319636,60,2711662
-80.00237289451354,98,2711760
-198.13698530673315,98,2711858
-291.4204119014488,110,2711968
-155.53911051398666,127,2712095
-88.264250183508,88,2712183
-200.51537809354897,84,2712267
-86.49156825208448,83,2712350
-509.3755205790055,108,2712458
-252.39672100774166,110,2712568
-265.08002778056857,109,2712677
-110.13172685447769,117,2712794
-77.69888820771011,106,2712900
-179.85924943449345,82,2712982
-181.08441497899474,84,2713066
-103.91928850402232,65,2713131
-120.68259562439985,90,2713221
-354.25030686283367,106,2713327
-205.27380749696908,66,2713393
-106.17646681273864,103,2713496
-351.281553732757,90,2713586
-490.2104111376459,105,2713691
-188.8707799150646,115,2713806
-211.05064588345383,71,2713877
-70.87045333122339,83,2713960
-160.55010958803726,109,2714069
-110.86843304790148,64,2714133
-126.62480356690833,73,2714206
-215.8801577860002,83,2714289
-30.895254035599635,110,2714399
-100.72424802475668,59,2714458
-291.39679168542045,104,2714562
-197.1510136057687,69,2714631
-182.87141361083184,102,2714733
-125.32059615010364,72,2714805
-376.9569546375713,109,2714914
-410.84613029569215,92,2715006
-469.16350153441834,109,2715115
-232.52822333205074,116,2715231
-56.59811053890888,70,2715301
-490.9976412426409,116,2715417
-104.81022045925845,94,2715511
-149.88444467093976,90,2715601
-460.96135258062685,83,2715684
-121.64786397804258,70,2715754
-308.1854172230136,81,2715835
-142.24705323829608,112,2715947
-118.36604145824752,98,2716045
-212.65196589524425,137,2716182
-67.6778760996614,125,2716307
-65.96167904226947,127,2716434
-241.2016291600407,68,2716502
-75.35134965625416,74,2716576
-406.4440170169157,84,2716660
-131.51036915827933,69,2716729
-86.41009843513066,76,2716805
-93.82977802942332,89,2716894
-71.90810624357354,104,2716998
-92.858727128414,71,2717069
-103.08690102864914,102,2717171
-128.0509816936851,85,2717256
-380.73991746216416,78,2717334
-88.04181205515277,98,2717432
-150.64484645637674,82,2717514
-203.24241521027403,109,2717623
17.854510711744695,162,2717785
-375.1938161028353,126,2717911
-310.55530626905136,92,2718003
-141.51878722824102,81,2718084
-175.6440214214268,108,2718192
-85.9835524048563,79,2718271
-438.4538341526764,91,2718362
-247.75972466693295,69,2718431
-197.03071446055066,100,2718531
-173.558846892956,115,2718646
-273.08973022910396,122,2718768
-309.1914857926513,94,2718862
-463.41643794729066,90,2718952
-158.67774260506735,107,2719059
-81.74238591127825,70,2719129
-67.50323957077715,78,2719207
-134.55415639285695,130,2719337
-73.00277805554809,72,2719409
-122.76591192764789,81,2719490
-300.39330631191615,123,2719613
-138.5760076072367,91,2719704
-83.10616551220745,94,2719798
-90.17998794346522,100,2719898
-233.4135339285088,91,2719989
-192.6908261880327,66,2720055
-111.42659056277714,90,2720145
-83.48434498406263,55,2720200
-182.12280672204304,119,2720319
-142.8286321680529,99,2720418
-121.14223917443752,79,2720497
-87.91639725218472,71,2720568
-128.9894691821366,85,2720653
-440.19126581903464,99,2720752
-196.94372704600244,91,2720843
-85.98564199779958,134,2720977
-98.98892305419263,80,2721057
-105.70694921854563,57,2721114
-101.93075021600662,62,2721176
-351.6106761427054,107,2721283
-58.57639737912737,69,2721352
-180.22590306314345,86,2721438
-507.3310960038885,92,2721530
-102.34580995713497,86,2721616
29.174139619458657,88,2721704
-164.82591234911473,70,2721774
-176.7083599445352,74,2721848
-141.36436915041486,99,2721947
-123.60122139280212,89,2722036
-352.42004159831566,95,2722131
-292.2485922726953,98,2722229
-143.23909640561442,70,2722299
-582.2251936638514,117,2722416
-304.4164899602109,108,2722524
-123.40816314860905,89,2722613
-149.155711982939,93,2722706
-347.1152618282904,87,2722793
-104.01109235143527,85,2722878
50.7024686189476,1000,2723878
-124.80830138367884,91,2723969
-110.74074528813368,88,2724057
-257.8573491563026,76,2724133
-104.37093416140344,95,2724228
-103.24757492254889,71,2724299
-125.41298536346767,108,2724407
-176.65039000728842,94,2724501
-421.018954749677,117,2724618
-207.65174676121305,83,2724701
-229.35513276849102,112,2724813
-217.14377212306886,125,2724938
-345.3856447715737,112,2725050
-281.3604758524302,75,2725125
-258.5870835690504,98,2725223
-150.2886113593649,61,2725284
-108.49234875749934,68,2725352
-84.6526362650201,66,2725418
-158.33287985563067,114,2725532
-412.4425735439064,100,2725632
-145.61902474318867,99,2725731
-99.6432680397842,76,2725807
-84.69098125895863,59,2725866
-251.41829870792176,76,2725942
-109.66871817556483,113,2726055
-82.09452406568008,80,2726135
-37.665774393889734,75,2726210
-193.83527862155444,78,2726288
-214.52117452239838,113,2726401
-125.09253911002179,77,2726478
-154.27022065275835,76,2726554
-222.64002883107477,83,2726637
-6.409170922599699,110,2726747
-105.01934152311561,66,2726813
-341.5469775292397,111,2726924
-113.38097389864889,87,2727011
-162.1806662144815,87,2727098
-126.75992420422934,79,2727177
-114.57748213854798,97,2727274
-309.5150874816304,108,2727382
-368.37818786692253,96,2727478
-300.6989653007395,116,2727594
-117.67427757111645,112,2727706
-100.48958590282547,78,2727784
-257.33459805495784,86,2727870
-112.69330730098952,76,2727946
-87.54729336641975,92,2728038
-139.98173835251163,92,2728130
-255.94150972539154,67,2728197
-52.53796135792795,82,2728279
-149.43474731741333,69,2728348
-133.1762992434721,67,2728415
-205.5075592098468,131,2728546
-129.83275652712024,135,2728681
-78.3657917319604,59,2728740
-89.96944846491783,66,2728806
-422.90553139918876,84,2728890
-132.31177276532816,63,2728953
-364.1080332295553,95,2729048
-142.387311915749,61,2729109
-176.7517100481771,76,2729185
-299.59190670993615,99,2729284
-207.84525456089477,116,2729400
-78.32053913019136,112,2729512
-296.5574315221487,70,2729582
-152.8698656375347,79,2729661
-130.28757685952726,85,2729746
-93.74829154757941,83,2729829
-233.7447776086886,68,2729897
-304.85525992023537,98,2729995
-195.67380917849147,74,2730069
-153.77133317498843,70,2730139
-147.85920207517972,75,2730214
-225.94471626114796,107,2730321
-120.0972856950659,88,2730409
-138.07758518851332,74,2730483
-76.89219130179931,60,2730543
-80.50419084893588,70,2730613
-369.1973940331472,132,2730745
-443.6697673336355,88,2730833
-55.8527382370752,66,2730899
-77.1552015530743,106,2731005
-102.63411150168753,105,2731110
-117.9606069754204,73,2731183
-187.85645669219346,88,2731271
-101.18625293279972,102,2731373
-121.83558871442172,90,2731463
-66.24760019155246,68,2731531
-338.8418928191795,81,2731612
-81.80832649921237,76,2731688
-143.1163568320368,123,2731811
-308.34707264520847,131,2731942
-121.53916304395842,102,2732044
-98.0645644034021,83,2732127
-311.61579445491066,95,2732222
-288.7271847139142,70,2732292
-346.94591971812343,92,2732384
-248.5555165336976,110,2732494
-206.27095210807005,56,2732550
-551.700012102985,102,2732652
-255.43006112853237,84,2732736
-297.6825106371218,137,2732873
-130.22807912589747,76,2732949
-351.2825314472949,75,2733024
-133.9583905021023,108,2733132
-128.27515580853841,101,2733233
-111.00215037615033,62,2733295
-142.55474442356444,71,2733366
-136.22437467933185,118,2733484
-314.7948880923446,93,2733577
-195.2718213461564,90,2733667
-119.81665245747354,76,2733743
-331.9364298941438,88,2733831
-247.66207047733235,132,2733963
-191.22084678136395,120,2734083
-14.168384813811699,96,2734179
-276.0968249341098,102,2734281
-423.5158076597184,98,2734379
-81.82490330142664,65,2734444
-188.72425017887565,107,2734551
-203.5160394799858,122,2734673
-223.81385827074962,105,2734778
-146.80023141242066,144,2734922
-520.3105857156752,84,2735006
-127.79393498418185,78,2735084
-238.09191623970986,85,2735169
-87.41361304543038,67,2735236
-274.2087816192367,64,2735300
-263.447307765731,110,2735410
-280.09788508528317,105,2735515
-422.5618343873964,104,2735619
-140.4130417819707,64,2735683
-107.60915737054985,66,2735749
-139.3865093808783,80,2735829
-176.42869892970026,84,2735913
-87.58335759809154,59,2735972
-176.2315717244715,89,2736061
-502.4687000999401,100,2736161
-318.6514139565956,97,2736258
-100.59157172677837,104,2736362
-208.38514234678183,72,2736434
-239.26846178616466,107,2736541
-262.3042495055312,116,2736657
-95.25657710606883,79,2736736
-128.06235103056363,71,2736807
-23.08044162856139,124,2736931
-302.42670264471656,96,2737027
-69.17572646816735,90,2737117
-183.4337845225047,62,2737179
-426.04571219056896,91,2737270
-305.47612339093223,89,2737359
-419.4697286298186,105,2737464
-107.91554360485573,97,2737561
-404.7518307618746,111,2737672
-396.86671067426073,109,2737781
-150.47399143499723,87,2737868
-168.23333708661727,110,2737978
-107.87254050472858,96,2738074
-46.10069021859256,98,2738172
-281.6059913800218,92,2738264
-179.90271942892454,69,2738333
-274.14388498781193,105,2738438
-81.93913330618898,67,2738505
-110.82088429813601,94,2738599
-209.17555628708732,96,2738695
-426.3540424763787,116,2738811
-201.89503743720496,64,2738875
-234.34385673620596,106,2738981
-95.36757502603376,92,2739073
-285.96534397498164,123,2739196
-314.3904205905646,116,2739312
-85.83330433761137,102,2739414
-316.1456151707787,80,2739494
-161.4131977969407,99,2739593
-168.15790087761314,118,2739711
-205.0834532383093,85,2739796
-142.16100874409503,80,2739876
-138.76060173624592,96,2739972
-112.5675230278527,84,2740056
-278.5084937570167,73,2740129
-155.07091037876938,133,2740262
-112.06278224312636,114,2740376
37.89299244964275,77,2740453
-235.70942395713797,62,2740515
-303.3209073837877,94,2740609
-107.07358495474251,76,2740685
-61.83748275616058,76,2740761
-188.3533800295765,117,2740878
-80.72720607389088,61,2740939
-153.06319750403293,66,2741005
-231.51742780113213,102,2741107
-210.62530973208047,70,2741177
-194.40963704976804,74,2741251
-128.98021364081967,97,2741348
-195.58101312520714,69,2741417
-81.1355920725171,102,2741519
-77.99009728210547,149,2741668
-100.45366729204653,79,2741747
-173.76153209061846,101,2741848
-224.584126439334,107,2741955
-219.38187090069027,133,2742088
-302.8810683580017,104,2742192
-161.96567603677448,110,2742302
-313.53734353779066,136,2742438
-116.36778624982283,100,2742538
-88.27053104169201,70,2742608
-191.37532990191733,114,2742722
-173.0482600799649,100,2742822
-158.853155778967,112,2742934
-259.0546515670761,107,2743041
-290.74150883973164,93,2743134
-290.5142875442146,120,2743254
-13.837928074853409,89,2743343
-522.8923022573156,103,2743446
-212.8676372044466,93,2743539
-492.88919123816635,80,2743619
-110.95134213110086,84,2743703
-88.73234651160595,89,2743792
-166.60804701461205,132,2743924
-390.1013374579053,118,2744042
-181.55555975965646,86,2744128
-195.96692425777292,112,2744240
-105.40145859907364,62,2744302
-226.30836886107903,82,2744384
-236.06757711632466,145,2744529
-132.77090879171055,93,2744622
-340.06555197040717,95,2744717
-231.12641704783294,118,2744835
-89.30151838186094,121,2744956
-93.15992858393511,72,2745028
-0.15222594399500622,90,2745118
-309.9177761596196,85,2745203
-82.48246727623314,59,2745262
-135.5307099823423,95,2745357
-181.40092472822673,139,2745496
-83.33018797092127,66,2745562
-135.9082687809231,112,2745674
-99.13064141764188,142,2745816
-252.88087279992138,72,2745888
-101.28277049648645,62,2745950
-91.44382532943324,70,2746020
-306.94219973465965,107,2746127
-60.88537311404508,110,2746237
-260.2915313557071,107,2746344
-172.77981430390707,92,2746436
-115.24857115146455,103,2746539
-233.15745715551913,99,2746638
-132.6539398600509,96,2746734
-427.33166389738,95,2746829
-340.30314429365865,109,2746938
-154.602412890848,103,2747041
-313.95858531776514,136,2747177
-149.029471493329,105,2747282
-389.41804311323415,115,2747397
-272.4184084250734,106,2747503
-233.4298813017143,113,2747616
-276.00191444734077,144,2747760
-110.18660507507,64,2747824
-376.9689562109227,97,2747921
-348.60086212893503,106,2748027
-46.92394416653109,70,2748097
-236.2198966349938,100,2748197
-178.33087820420516,69,2748266
-138.00311310448456,70,2748336
-233.17209708048364,71,2748407
-128.75789493809486,100,2748507
-111.42135447281807,107,2748614
-140.9761131617357,121,2748735
-110.4549708308849,108,2748843
-322.2696431155139,99,2748942
-145.76049110722636,101,2749043
-355.81771059169455,87,2749130
-109.06850121621899,116,2749246
-30.91977794992745,110,2749356
-106.51022282906538,74,2749430
-84.93489632115907,71,2749501
-326.66046033564106,84,2749585
-195.32121400081596,73,2749658
-213.51116910758145,97,2749755
-108.89453829238381,72,2749827
-43.20426404206842,91,2749918
-212.39828327995517,92,2750010
-101.22639830454567,114,2750124
-357.7737098883992,96,2750220
-51.73145170747933,81,2750301
-117.17373726182115,105,2750406
-239.9599027786822,104,2750510
-12.412975785760125,81,2750591
-376.036335374147,79,2750670
-175.92471618405608,118,2750788
-161.75973248880166,120,2750908
-300.46467188594215,88,2750996
-94.57957902217743,79,2751075
-122.94185942581521,113,2751188
-123.93850766376205,98,2751286
-223.0019684769013,96,2751382
-89.53307638891353,88,2751470
-278.64951955743294,106,2751576
-261.6990325872722,144,2751720
-198.21609734771732,134,2751854
-340.778327427487,126,2751980
-223.27347875596234,91,2752071
-257.1936950598749,79,2752150
-320.3817087548406,113,2752263
-45.419995151269504,115,2752378
-61.23183508679023,154,2752532
-137.458208387931,100,2752632
-207.9019052598351,79,2752711
-217.62210156719726,71,2752782
-96.47828781618068,59,2752841
-194.9084999971703,81,2752922
-190.59474566989306,106,2753028
-127.16883514009939,73,2753101
-86.3054259290522,102,2753203
-100.81160448161613,79,2753282
-115.62456685342342,123,2753405
-322.33170953655474,91,2753496
-74.58720817477261,75,2753571
-19.12565487393772,95,2753666
-272.71098526305707,75,2753741
-133.78430504614138,80,2753821
-128.59218631031692,105,2753926
-81.0211501434885,118,2754044
-96.99897730247086,69,2754113
-244.92726485941515,86,2754199
-256.8756971027176,91,2754290
-29.938561931707213,98,2754388
-132.65821781918692,113,2754501
-131.20311452517157,100,2754601
-448.2664685036158,96,2754697
-135.67936299966473,94,2754791
-169.8178644446473,116,2754907
-101.65963908466533,113,2755020
-142.91872442699145,83,2755103
-167.91940032563244,91,2755194
-112.18870760484758,103,2755297
-305.4479267321799,106,2755403
-140.49415055743185,84,2755487
-211.225704909573,143,2755630
-141.62893646307623,85,2755715
-103.69952532852729,75,2755790
-225.38163049816103,99,2755889
-150.4543277643079,111,2756000
-329.59934341211505,97,2756097
-444.23820970933593,120,2756217
-138.9473237462475,75,2756292
-87.1711833936006,70,2756362
-154.0827945723807,99,2756461
-261.800057624272,122,2756583
-106.97673939500781,71,2756654
-170.4263629796942,79,2756733
-113.66938735992103,63,2756796
-394.3945111878737,94,2756890
-108.23381240506862,70,2756960
-136.7235787774647,115,2757075
-245.82374702690421,80,2757155
-192.86235887236336,101,2757256
-90.80766020914885,66,2757322
-169.89502739005275,65,2757387
-83.0301246290145,70,2757457
-48.11079118001008,147,2757604
-329.8309283118759,125,2757729
-76.91664005670049,63,2757792
-84.08957947972132,61,2757853
-29.24632880689107,102,2757955
-132.87162514009066,122,2758077
-169.83440471075136,63,2758140
-111.69858075240518,93,2758233
-212.51805465058916,129,2758362
-183.10192281674722,111,2758473
-66.15119512430675,71,2758544
-72.29742609495608,85,2758629
-97.9537236721549,80,2758709
-102.17520785545499,107,2758816
-101.23136817639289,109,2758925
-131.22859117166837,91,2759016
-164.35299235551244,85,2759101
-95.77861735204945,66,2759167
-185.61716483618517,66,2759233
-121.01536088209994,99,2759332
-187.44456147240612,71,2759403
-117.99158750774191,70,2759473
-151.23533748652724,79,2759552
-109.7532846076411,75,2759627
-89.57395376638749,69,2759696
-87.69304428711014,61,2759757
-78.75453559352793,61,2759818
4.077185061648777,148,2759966
-94.80204546048058,65,2760031
-121.95325517722313,80,2760111
-307.89280623636057,93,2760204
-179.95524504161682,95,2760299
-154.68381547745773,120,2760419
-175.10787939764748,80,2760499
-372.2181629890812,96,2760595
-114.14372617190722,123,2760718
-155.37741675116035,80,2760798
-129.261230216486,64,2760862
-103.83958679018185,60,2760922
-333.7534728150928,94,2761016
-118.51910076789042,118,2761134
-132.3453509175955,89,2761223
-200.0755898645864,81,2761304
-339.2318189780891,107,2761411
-252.73233233184584,92,2761503
-101.86805574071252,60,2761563
-297.9960634427488,73,2761636
-114.18938309591015,116,2761752
-324.16466250946087,86,2761838
-67.91128265439178,70,2761908
-286.3668195111002,123,2762031
-326.4999300549933,74,2762105
-229.52135986026394,85,2762190
-280.7418535419281,134,2762324
-314.59164735801596,97,2762421
-174.6895635397098,100,2762521
-85.52771903687503,96,2762617
-69.6374306254631,67,2762684
-149.16492067901777,78,2762762
-128.2576210901918,94,2762856
-124.88935945457133,69,2762925
-90.65490523460414,61,2762986
-98.90704502597549,61,2763047
-455.4031859046284,92,2763139
-128.98003145151853,78,2763217
-461.91894419011084,106,2763323
-88.94468759451729,91,2763414
-127.00874162717523,67,2763481
-16.958941473696,77,2763558
-164.74300396412934,69,2763627
-45.63039335451879,77,2763704
-121.62787427870884,79,2763783
-291.9807293905005,92,2763875
-80.68635647336677,86,2763961
-120.7970982587631,90,2764051
-106.80057980647798,64,2764115
-125.77302335403388,103,2764218
-139.53756863806635,80,2764298
-133.95464929617876,93,2764391
-89.11432100185753,111,2764502
-134.72726899948378,134,2764636
-112.78560148585228,76,2764712
-111.40310816807828,111,2764823
-76.98182765581333,86,2764909
-232.74470828780545,82,2764991
-220.84896102573748,107,2765098
-103.56689865017097,74,2765172
-107.65265327424558,95,2765267
-141.3169920939364,126,2765393
-140.55356625494164,83,2765476
-116.75815902840573,59,2765535
-278.424330632148,82,2765617
-427.9453172177077,77,2765694
-151.25285620665187,103,2765797
-86.6404365664743,70,2765867
-2.3651154003135133,95,2765962
-95.22251637263527,62,2766024
-355.2326911915692,94,2766118
-97.80250297676987,59,2766177
-397.17163384815666,96,2766273
-304.12599926960473,103,2766376
-144.70238031774556,79,2766455
-266.4025100177565,74,2766529
-104.29387784211157,81,2766610
-80.14745325183252,81,2766691
-112.68342900850713,94,2766785
-121.95278979982785,120,2766905
-136.68622590690862,89,2766994
-74.14430276366343,83,2767077
-154.153041630129,98,2767175
-102.16682327464483,108,2767283
-174.43994711385707,104,2767387
-447.92872342562566,84,2767471
-91.55864294891325,100,2767571
-115.53828173446094,75,2767646
-196.88374510740016,84,2767730
-279.6211369308089,96,2767826
-94.97534073313462,73,2767899
-102.34197095410933,100,2767999
-269.14062036134527,69,2768068
-59.837789692030285,119,2768187
-118.18637362589233,80,2768267
-207.09353990369283,75,2768342
-166.9841930848835,110,2768452
-127.08835884484935,89,2768541
-107.51835970129802,66,2768607
-472.01156276180427,111,2768718
-60.59170995364123,66,2768784
-116.8641092309689,78,2768862
-371.95584331163826,111,2768973
-231.391222707253,89,2769062
-97.51679360636801,99,2769161
-213.86329819481324,105,2769266
-134.8511130110282,94,2769360
-427.4444836164903,105,2769465
-136.26954252414492,104,2769569
-97.00467463846195,125,2769694
-450.6994789826541,86,2769780
-391.2011578081375,65,2769845
-362.0904645879609,118,2769963
-139.81884481588997,67,2770030
-371.8052304472792,92,2770122
-145.20908221023558,141,2770263
-80.51447093994094,78,2770341
-173.05753972749406,105,2770446
-97.94938296480808,68,2770514
-104.60085535396678,84,2770598
-429.4503863372252,100,2770698
-66.47987406086044,135,2770833
-436.01802240995096,106,2770939
-192.33355137024284,71,2771010
-366.62427057558307,76,2771086
-122.06661697900059,74,2771160
-179.34892349275464,74,2771234
-520.0307071474266,88,2771322
-139.19775371340552,78,2771400
-310.6524017170844,83,2771483
-106.22689587047466,93,2771576
-116.18378194904163,131,2771707
-226.85958860562522,81,2771788
-121.3991734084467,92,2771880
-178.9314735238147,125,2772005
-92.35550849090224,60,2772065
-66.55652304367167,125,2772190
-113.28048199505788,93,2772283
-144.79511726897482,107,2772390
-297.40614113209955,121,2772511
-260.66632151923295,92,2772603
-85.71000448033766,169,2772772
-255.84624159013848,114,2772886
-179.83815364273843,114,2773000
-276.8461531897922,93,2773093
-336.40173645974767,97,2773190
-136.55327598271248,95,2773285
-22.481638410603978,104,2773389
-122.95662901825126,74,2773463
-125.23535670380164,116,2773579
-114.91887160833083,59,2773638
-404.1409785186489,108,2773746
-85.04336284752088,60,2773806
-196.28208690776438,81,2773887
-158.42483020417404,116,2774003
-92.31248069628096,65,2774068
-130.5268615407648,109,2774177
-202.30128172539497,90,2774267
-182.09020027853555,109,2774376
-187.2954514691404,74,2774450
-288.0761384227499,88,2774538
-270.8400265556092,77,2774615
-118.68220330818966,79,2774694
-154.44775069580254,59,2774753
-365.7093566716436,108,2774861
-330.9858547348505,110,2774971
-228.99634496545244,69,2775040
-93.89634310251748,101,2775141
-148.73593181481357,65,2775206
-99.97831615324316,82,2775288
-102.51814611766581,89,2775377
-93.0929320939597,97,2775474
-212.42383483059814,76,2775550
-103.22473729030717,85,2775635
-109.57901850646229,74,2775709
-255.43586294322233,83,2775792
-119.89348524267018,87,2775879
2.6608251576695636,129,2776008
-163.20038601888012,98,2776106
-373.0844965792434,84,2776190
-193.40560248753744,93,2776283
-114.21995781940487,70,2776353
-169.0092485056552,96,2776449
-134.01869363228897,123,2776572
-42.410228326769044,78,2776650
-48.22827818926292,85,2776735
-127.17854779845354,76,2776811
-120.86275251547696,80,2776891
-161.37894838562778,82,2776973
-382.4145154922085,137,2777110
-217.43347627367905,81,2777191
-86.18998871344718,67,2777258
-88.9884056535105,67,2777325
-348.26720035186526,93,2777418
-124.01283040821144,68,2777486
-261.51705428679975,93,2777579
-110.48664088246667,69,2777648
-115.92390650156416,96,2777744
-120.89228008378619,92,2777836
-96.44429607528028,71,2777907
-104.11108382547786,78,2777985
-6.408977802448888,138,2778123
-199.51259431585004,65,2778188
-127.72281452108143,110,2778298
-118.30790720319986,63,2778361
-237.13161823905463,108,2778469
-101.07626620824007,126,2778595
-3.089293445781607,66,2778661
-390.0096564760495,101,2778762
-86.01364631189958,81,2778843
-84.27987397858404,79,2778922
-163.1721033381186,135,2779057
-206.95473573890484,111,2779168
-102.77331853212941,97,2779265
-89.83046387291122,105,2779370
-94.67365114791887,74,2779444
-115.1120572376525,84,2779528
-117.94519282531057,70,2779598
-313.19559004650307,135,2779733
-330.5289068054379,95,2779828
-112.77553429294177,118,2779946
-371.72107506357145,97,2780043
-201.53023680994764,112,2780155
-607.7558008765943,116,2780271
-242.77610853400546,74,2780345
-296.56349834491243,103,2780448
-300.31373872683696,95,2780543
-385.26179063206854,93,2780636
-346.8033836521773,97,2780733
-152.50198876694407,65,2780798
-336.42587546142596,138,2780936
-377.6448970558367,90,2781026
-98.61696507342722,112,2781138
-144.21267291281265,69,2781207
-106.0863417456394,129,2781336
-93.98100931589643,123,2781459
-249.82178718784246,80,2781539
-151.65549631829703,160,2781699
-437.8525669465889,104,2781803
-224.63862468051806,114,2781917
-449.8785500036182,113,2782030
-123.07480050525257,72,2782102
-92.76456170484522,70,2782172
-544.2917798507642,106,2782278
-255.66483134682105,73,2782351
-419.13306172140494,122,2782473
-297.11472329718237,114,2782587
-388.3559353049503,94,2782681
-183.7930872705311,118,2782799
-104.90558139323973,114,2782913
-268.4725472365003,107,2783020
-303.66785702471293,84,2783104
-22.81618631737608,71,2783175
-166.90070546647684,74,2783249
-345.3096275490476,117,2783366
-200.20925023956846,89,2783455
-134.68784613530414,105,2783560
-146.56141757148748,67,2783627
-121.38464859963453,76,2783703
-150.1905324543764,108,2783811
-87.70873859904155,72,2783883
-378.3206094388886,105,2783988
-130.034771845963,93,2784081
-346.9336365859142,96,2784177
-80.58937698047355,60,2784237
-458.4311838277617,87,2784324
-254.4739322190363,99,2784423
-67.72873767115169,72,2784495
-70.49742861829336,67,2784562
-62.71882908060685,84,2784646
-144.0242480389756,89,2784735
-171.537065921846,126,2784861
-146.4978315491468,139,2785000
-189.6401792755144,124,2785124
-115.1150224845467,81,2785205
26.603912126477695,74,2785279
-129.6214527375261,93,2785372
-103.22126473512475,63,2785435
28.68152448596868,75,2785510
-468.1274887302481,108,2785618
-581.7000776481276,114,2785732
-79.98997142234965,70,2785802
-76.00878793927774,100,2785902
-154.27381217268695,101,2786003
-110.97341503259442,67,2786070
-129.1200196293318,110,2786180
-96.44954824208993,119,2786299
-153.94204834034295,114,2786413
-372.38600994229614,86,2786499
-115.60906831436246,93,2786592
-86.85258081267297,116,2786708
-229.98479749145028,116,2786824
-258.8496137630125,98,2786922
-228.85199512554493,80,2787002
-72.49440468915179,132,2787134
-131.42754795896647,84,2787218
-130.1843588177369,68,2787286
-111.19048003913937,78,2787364
-480.2426440296616,83,2787447
-421.87113421937096,82,2787529
-142.00181342934934,125,2787654
-82.30120617929852,108,2787762
-223.1694756656118,67,2787829
-109.05155832100077,77,2787906
-180.6536967067259,137,2788043
-108.54240650565593,60,2788103
-123.40783329757923,119,2788222
-429.1533812577355,126,2788348
-450.6911286719267,127,2788475
-278.8616279302179,104,2788579
-107.10642381482833,79,2788658
-107.23970631669434,73,2788731
-110.92566557696342,95,2788826
-373.9623793440374,100,2788926
-81.73888497234637,65,2788991
-155.54819994569948,91,2789082
-241.40733989046012,110,2789192
-95.87037446922177,68,2789260
-134.44198061906962,61,2789321
-162.1541954983283,62,2789383
-262.5892576187965,80,2789463
-115.39421095789952,74,2789537
-410.2714523419777,95,2789632
-153.69047230473333,83,2789715
-152.26508352578566,66,2789781
-271.96681293766744,103,2789884
-120.28608596826501,94,2789978
-178.2687012411747,65,2790043
-76.38515457138018,104,2790147
-243.0081070305643,95,2790242
-18.647363830957687,100,2790342
-90.29236764934167,81,2790423
-89.20859783455857,69,2790492
-122.33150322887647,89,2790581
-140.30523901465122,89,2790670
-261.6276897481872,133,2790803
-282.6916982339643,106,2790909
-89.51504015829477,71,2790980
-190.78457222411933,72,2791052
-153.6217944362099,120,2791172
-169.52214209170302,89,2791261
-110.39893964844316,63,2791324
-176.95576512481932,109,2791433
-93.9869601420306,122,2791555
-192.40428941792825,86,2791641
-82.67705590710644,67,2791708
-182.88014886790964,141,2791849
-287.46265529854116,83,2791932
-183.68790178856477,100,2792032
-142.0377222419931,99,2792131
-193.1430328370725,68,2792199
-147.36854775334265,70,2792269
-280.11821561994395,82,2792351
-85.67644860010967,64,2792415
-231.46810380539102,66,2792481
-148.4829662144582,103,2792584
-186.8241310303241,71,2792655
-194.46773244919387,84,2792739
-47.229675946466216,124,2792863
-71.35742596926545,67,2792930
-276.04985133730816,124,2793054
-59.971694553064744,60,2793114
-274.6406336317877,81,2793195
-499.6202715612333,90,2793285
-329.06631566115476,90,2793375
-93.80837722678494,88,2793463
-119.38140260626693,106,2793569
-91.51317758063931,74,2793643
-213.91628782596166,69,2793712
-0.16352184665618097,112,2793824
-98.43856625613651,78,2793902
-24.652781242625025,115,2794017
-392.0700315857429,87,2794104
-74.55445637180384,104,2794208
-108.84086545272372,80,2794288
-129.16909602641854,63,2794351
-417.5881999072047,104,2794455
-219.6692181939686,85,2794540
-122.66910481441164,73,2794613
-504.61125870032447,94,2794707
-85.75286583265019,59,2794766
-286.39574188637727,98,2794864
-1.4543190631085139,108,2794972
-221.20425129685978,81,2795053
-94.80285663556317,86,2795139
-298.71482410497333,98,2795237
-316.3492744378284,110,2795347
-133.23759681490526,98,2795445
-125.42316639344918,88,2795533
-287.9344804261495,120,2795653
-273.82155385368753,112,2795765
-124.43661124595108,60,2795825
-114.45677736057068,64,2795889
-92.0586805914394,66,2795955
-184.43062138405327,151,2796106
-315.69878556545973,110,2796216
-80.32621763544137,69,2796285
-264.35855941258626,74,2796359
-63.711973130781985,71,2796430
-133.65874804949507,126,2796556
-82.08697922942653,78,2796634
-281.2456547192726,88,2796722
-116.34438688181805,83,2796805
-248.7407365964535,137,2796942
-83.8325713319276,65,2797007
-131.93479284616956,76,2797083
-215.04636169554811,125,2797208
-178.72725760445275,129,2797337
-82.2503402682292,56,2797393
-103.6257255878684,111,2797504
-106.21653012525027,76,2797580
-151.8918172164445,80,2797660
-31.95803815813848,102,2797762
-117.92875615571529,74,2797836
-114.5972735909574,90,2797926
-158.49213204955106,108,2798034
-312.95888904531466,66,2798100
-313.5057719853912,86,2798186
-132.9083817116162,83,2798269
-129.5370874123217,71,2798340
-140.39860459580837,100,2798440
-110.33487111386171,94,2798534
-170.12777019975124,69,2798603
-96.85672177082743,83,2798686
-212.22483132803984,138,2798824
-91.9391031735104,66,2798890
-106.44314552005426,127,2799017
-123.71164653740719,107,2799124
-109.6220149510697,113,2799237
-312.4230793510685,95,2799332
-55.26614427614532,113,2799445
-153.67786401498864,108,2799553
-83.26042955047768,113,2799666
-119.19409070907653,121,2799787
-130.44544556823845,74,2799861
-225.0200407169139,101,2799962
-87.86123296462978,61,2800023
-115.70692881670647,84,2800107
-149.74253122561208,109,2800216
-211.0077180095817,106,2800322
-194.61722884366333,76,2800398
-123.6863078620059,102,2800500
-108.36048680576464,88,2800588
-135.73196843254343,82,2800670
-261.10598749294866,71,2800741
-55.278478722636,62,2800803
-183.13962991931652,78,2800881
-146.2095024510554,105,2800986
-74.79010741504113,92,2801078
-128.81035056960653,143,2801221
-234.14832606435579,113,2801334
-42.65907082023786,70,2801404
-139.47689411976322,86,2801490
-92.40382844084071,98,2801588
-318.52918921108557,100,2801688
71.84912785116961,1000,2802688
-118.55293109278145,74,2802762
-154.55560792683704,77,2802839
-238.2179826508473,82,2802921
-199.24793065029485,90,2803011
-311.78904909218744,98,2803109
-184.2374232096147,72,2803181
-304.16116629873034,81,2803262
-114.78316039084291,77,2803339
-76.53371659581364,66,2803405
-53.503756042038155,87,2803492
-147.78360767799575,95,2803587
-130.2996472631288,67,2803654
-292.95028606681984,91,2803745
-252.69459171117975,103,2803848
-131.68661211788475,79,2803927
-104.67230343843515,132,2804059
-79.19783051038974,84,2804143
-231.41376193836305,106,2804249
-118.1748100958637,83,2804332
-417.63703751449765,118,2804450
-129.54335498918232,83,2804533
-6.414160592733197,81,2804614
-94.99422980415144,80,2804694
-220.8020283978733,62,2804756
-126.72716022716521,128,2804884
-285.80512642336646,98,2804982
-108.44444539335628,80,2805062
-86.33354016987434,123,2805185
-86.03047454137896,73,2805258
-207.02478152203327,68,2805326
-168.00562529693025,65,2805391
-261.8492286239783,133,2805524
-69.23114743508837,68,2805592
-215.95324989675754,87,2805679
-174.60375239629866,94,2805773
63.89456326697223,80,2805853
-291.1881357908611,100,2805953
-22.589464274802836,76,2806029
-125.41495977776384,94,2806123
-89.59101175008124,65,2806188
-313.38179800419016,116,2806304
-258.1427518476187,89,2806393
-399.95051069189117,95,2806488
-85.07030523783271,77,2806565
-58.50799531844565,86,2806651
-264.84037891788273,114,2806765
-78.19771293997954,64,2806829
-316.7132692951485,81,2806910
-160.04075338121964,90,2807000
-263.2774718145211,90,2807090
-121.52842897536163,99,2807189
-101.9541764915694,98,2807287
-90.41683374195618,74,2807361
-185.4786613715852,65,2807426
-93.26436968207388,122,2807548
-11.26050132672566,118,2807666
-451.5394078992516,107,2807773
-149.86557958848852,91,2807864
-334.3810775739442,89,2807953
-70.6349455171751,69,2808022
-301.9122427178651,119,2808141
-110.62289567299476,78,2808219
-268.2113704699474,93,2808312
-270.17267143775007,99,2808411
-81.83555065924475,60,2808471
22.041421199964844,81,2808552
-405.15078703010937,98,2808650
-102.5248977889931,93,2808743
-93.92291258507736,70,2808813
-458.2662397719529,107,2808920
-120.56684465807734,75,2808995
-108.25815548356414,66,2809061
-325.6558381811236,83,2809144
-218.262769395534,121,2809265
-91.66303399379339,62,2809327
-127.11099855465223,91,2809418
-92.10647981042045,87,2809505
-97.15183060339126,77,2809582
-199.73590701055025,122,2809704
-85.46542460551596,55,2809759
-276.5561854798475,117,2809876
-140.89419469472492,79,2809955
-88.58524099468613,74,2810029
-251.60715606058716,73,2810102
-273.17246053236425,87,2810189
-165.94128171127608,112,2810301
-104.0642377430632,75,2810376
-147.41049259444947,86,2810462
-114.03537643091036,83,2810545
-92.73953176706301,94,2810639
-198.6290897400703,102,2810741
-76.4419251625414,126,2810867
-64.66072165130481,74,2810941
-145.4935081365309,107,2811048
-347.07247275620114,89,2811137
-103.95442908638125,76,2811213
-159.31377841736378,122,2811335
-278.15603934431385,114,2811449
-82.78501592186494,73,2811522
-319.4182104801406,82,2811604
-142.67149684973938,115,2811719
-118.41264117471131,89,2811808
-102.85840863920706,62,2811870
-343.61836054081164,103,2811973
-247.10018991817668,86,2812059
-439.82032799936746,109,2812168
-30.800343379473418,101,2812269
-367.85091700685985,85,2812354
-121.92259412031024,108,2812462
-262.673236176679,95,2812557
1.4331549095747533,108,2812665
-302.0488019606617,96,2812761
-145.96419473506862,107,2812868
-364.28392583190214,105,2812973
-137.57692497858324,100,2813073
-224.14202335553972,117,2813190
-16.166607932455193,105,2813295
-347.05648447850115,147,2813442
-206.24919440604555,95,2813537
-123.70314643707621,109,2813646
-417.6454652112702,91,2813737
-92.71912955678596,105,2813842
-148.36086252688426,105,2813947
-116.66537640130015,100,2814047
-227.96336832470854,87,2814134
-100.61509748166758,71,2814205
-304.68346667153224,123,2814328
-123.29849964188196,59,2814387
-62.83875726254729,60,2814447
-186.01348168856987,100,2814547
-270.2665454478733,91,2814638
-92.86157138897663,103,2814741
-102.06495745607029,71,2814812
-107.35292673888888,81,2814893
-203.19644267391683,119,2815012
-457.71513061506386,103,2815115
-273.1834353992966,116,2815231
-203.28979186079775,122,2815353
-127.82594605903165,63,2815416
-114.41151494546826,94,2815510
-127.07686624371064,63,2815573
-106.57559415890444,74,2815647
-312.9583774477785,126,2815773
-262.94072993975647,119,2815892
-164.9732667114896,99,2815991
-233.7451513778032,117,2816108
-100.994544519539,119,2816227
-110.05315538366621,115,2816342
-124.62691887707814,106,2816448
-125.70592302279528,68,2816516
-173.81497742557337,95,2816611
-158.56672032010036,74,2816685
-177.10601682454651,126,2816811
-145.33474776789444,99,2816910
-262.15444174655244,96,2817006
-177.9464729279064,70,2817076
2.328220028319137,102,2817178
-441.1120139515243,77,2817255
-156.32280054705188,75,2817330
-162.73329542400833,64,2817394
-66.62465788993464,66,2817460
-214.2646187707088,82,2817542
-120.99301515924333,108,2817650
-92.33008933907661,64,2817714
-118.55157309631602,64,2817778
-427.2668856254724,95,2817873
-99.80287100082893,72,2817945
-259.654484032578,90,2818035
-388.97022919791954,88,2818123
-105.58120923040647,61,2818184
-347.7648196988782,97,2818281
-211.13493742226808,84,2818365
-395.43617914301433,165,2818530
-301.91771664470747,89,2818619
-196.93484321630865,66,2818685
-295.57258868008216,80,2818765
-211.7213979075465,123,2818888
-80.27424837214767,73,2818961
-166.87789421571028,101,2819062
-236.40477935115436,79,2819141
-101.46340918809744,93,2819234
-105.01184039569254,55,2819289
-196.81056567953596,78,2819367
-216.3516597226631,87,2819454
-158.01372309696887,129,2819583
-343.74440282021936,156,2819739
-169.72756484965532,79,2819818
-75.54672949895848,67,2819885
-280.82688916890015,122,2820007
-138.12864546744592,65,2820072
-346.4173448067546,86,2820158
-80.18855540735838,75,2820233
-117.78990848272588,105,2820338
-104.3423033718875,59,2820397
-129.84978641995014,82,2820479
-100.33234713594571,76,2820555
-289.28771420373675,100,2820655
-167.11230949906937,77,2820732
-64.46633408129222,62,2820794
-161.49894021890515,57,2820851
-93.400377234971,62,2820913
-373.05046788631637,76,2820989
-101.05060124021402,83,2821072
-315.39916187267687,96,2821168
-219.87593881440017,72,2821240
-179.84826763347735,115,2821355
-103.83994026221397,78,2821433
-83.91523952443919,110,2821543
-202.57756134945964,68,2821611
-298.9762556165399,102,2821713
-109.06475963701735,130,2821843
-424.56310154756284,93,2821936
-109.24275304224976,83,2822019
-380.15476986113015,99,2822118
-125.92708255412273,87,2822205
-110.29297997195478,91,2822296
-139.1137255975591,75,2822371
-449.08866790428243,116,2822487
-339.39928808627667,132,2822619
-196.59023875930666,72,2822691
-207.71861437139373,91,2822782
-103.6496222022727,65,2822847
-245.4142995073917,114,2822961
-159.49491805588292,67,2823028
-107.57507669837948,58,2823086
-100.42516500890025,82,2823168
-107.84229225847497,70,2823238
-81.80613252865868,69,2823307
-125.71341262790698,123,2823430
-94.37217765877804,71,2823501
-210.3706508469599,129,2823630
-253.97427290206454,79,2823709
-374.1709751934453,120,2823829
-301.73828507240455,83,2823912
-47.0227581881709,95,2824007
-169.8610190151499,61,2824068
-97.38211601950584,104,2824172
-423.81090573913843,121,2824293
-77.30851847979808,103,2824396
-358.61076727209445,83,2824479
-96.2677537166741,62,2824541
-114.34725274231714,90,2824631
-82.5167649726018,81,2824712
-289.71086761453216,133,2824845
-301.72667690819407,127,2824972
-60.38397733825853,74,2825046
-143.1314447980719,83,2825129
-165.54993517424043,110,2825239
-121.40206933910278,84,2825323
-200.46560472380645,95,2825418
-76.20944130741903,105,2825523
-186.7946487294834,104,2825627
-101.9670607297658,120,2825747
-214.27555667199184,112,2825859
-41.87450913370404,96,2825955
-136.554627738252,88,2826043
-240.93855690316357,115,2826158
-56.588740161130104,80,2826238
-176.72987294357296,74,2826312
-330.57040280374775,87,2826399
-178.79765351204185,100,2826499
-95.31884553468302,61,2826560
-263.8530246080813,106,2826666
-111.72161490813004,93,2826759
-109.02003478487462,89,2826848
-99.36423701271617,58,2826906
4.918241129709514,84,2826990
-144.2439527821511,60,2827050
-102.34604025010793,78,2827128
-196.25444475136652,102,2827230
-92.7283057496728,68,2827298
-226.06067463524022,79,2827377
-155.64891247808043,104,2827481
-395.6765560474723,109,2827590
-154.19886852034494,117,2827707
-321.1694932472998,107,2827814
-381.36884053851315,173,2827987
-218.19686814311976,103,2828090
-266.1623176129402,97,2828187
-134.78401393856922,96,2828283
-167.59813066290494,87,2828370
-358.9386623050454,87,2828457
-43.31929165212004,86,2828543
-69.20852876505023,72,2828615
-161.31337150687972,86,2828701
-176.6649093064315,74,2828775
-378.5457055755555,78,2828853
-103.32889398074973,68,2828921
33.649879422201366,82,2829003
-332.30313428787457,91,2829094
-72.26013017058236,84,2829178
-62.557850815353945,83,2829261
-171.9042232060001,85,2829346
-107.00528238989806,114,2829460
-66.58764925556531,70,2829530
-154.2669094588513,100,2829630
-356.79186129446595,88,2829718
-244.29956225678825,91,2829809
-344.11184048119935,135,2829944
-13.454363219552121,102,2830046
-210.96409928218276,102,2830148
-208.04992075808954,106,2830254
-110.8023359642624,56,2830310
-411.75621822312223,109,2830419
-100.309567405556,130,2830549
-128.65003652658135,111,2830660
-298.2683726682021,92,2830752
-132.5905021699446,70,2830822
-127.59525120315826,109,2830931
-374.0290039387893,86,2831017
-364.0098513146682,117,2831134
-334.64323062961313,105,2831239
-83.33915434632833,63,2831302
-410.09757328983983,103,2831405
-91.42906431192152,77,2831482
-94.73017521959082,73,2831555
-295.4516928952179,130,2831685
-153.98805108751208,63,2831748
1.9817841747593974,113,2831861
-223.44267703834728,70,2831931
-303.6723409392657,114,2832045
-126.90253402926538,110,2832155
-194.22644669959192,104,2832259
-81.610727518284,74,2832333
-353.76169863881,100,2832433
-71.0662894411013,65,2832498
-40.530892043807754,128,2832626
-102.03777309519167,124,2832750
-109.10560670345559,70,2832820
-332.0271874978278,99,2832919
-180.61815284794358,95,2833014
-145.17230839174533,68,2833082
-143.4669431534581,113,2833195
-70.51605999385663,60,2833255
-194.95071847380987,63,2833318
-239.5373078688994,83,2833401
-103.98585552447963,93,2833494
-297.67184033630724,123,2833617
-142.34839672289178,108,2833725
-75.50317194959294,73,2833798
-122.04277407940283,94,2833892
-166.58000853477753,72,2833964
-62.70235399806691,62,2834026
-122.77258304313321,95,2834121
-270.2411463622813,111,2834232
-403.5047011366354,102,2834334
-329.9478684657586,91,2834425
-129.07994020470335,76,2834501
-203.7964175513969,88,2834589
-359.675175169647,114,2834703
-92.44894755536608,76,2834779
-184.6366468699922,87,2834866
-191.72472815484483,76,2834942
-86.9283072780444,63,2835005
-115.52295175861536,94,2835099
-74.41616208889673,62,2835161
-115.34719031694588,97,2835258
-172.2517162326854,81,2835339
-77.74848000038747,68,2835407
-172.7438826338476,85,2835492
-94.50252441078422,72,2835564
-90.66679508652979,74,2835638
-251.85284491686025,91,2835729
-321.53432522661035,100,2835829
-174.87782769875452,85,2835914
-279.25224599637846,104,2836018
-227.2377877937289,90,2836108
-155.0017666403376,138,2836246
-165.29020730432484,66,2836312
-111.54358448497915,58,2836370
-305.5273364822526,116,2836486
-216.0216468815207,66,2836552
-181.8490239160202,70,2836622
-278.5610679529378,97,2836719
-150.1932588278372,99,2836818
-115.6095713219232,89,2836907
-130.70519373354756,118,2837025
-99.34589490883792,79,2837104
-257.2929362851539,94,2837198
-272.01551103597535,111,2837309
-105.27449801404667,116,2837425
-132.7873333941549,96,2837521
-267.1947511397472,98,2837619
-239.07473800023612,121,2837740
-73.90104736883956,66,2837806
-189.79794931907304,94,2837900
-249.1467013643633,129,2838029
-320.45611922277044,57,2838086
-84.9938293468161,64,2838150
-258.2263343719315,118,2838268
-302.04498622729227,70,2838338
-101.1532390029312,66,2838404
-257.1295189941866,90,2838494
-136.96318786340126,81,2838575
-259.61114891170155,73,2838648
-361.2348567605974,94,2838742
-89.3120514123303,71,2838813
-181.15967815410522,104,2838917
-112.02282784293399,72,2838989
-123.73483774015543,68,2839057
-102.57027470123853,97,2839154
-256.2676785151391,110,2839264
-75.02401148819817,133,2839397
-40.07011677662116,60,2839457
-134.37982911635353,94,2839551
-113.32486569424492,67,2839618
-334.39890423491136,102,2839720
-119.84414621085976,62,2839782
-136.40495153512495,88,2839870
-273.848874155046,94,2839964
-454.0415744870738,97,2840061
-110.55701270936707,81,2840142
-160.65268123104954,71,2840213
-222.10878473313997,107,2840320
-136.84570070180098,83,2840403
-109.24685257230718,77,2840480
-324.3249384918315,111,2840591
-93.91341181861915,91,2840682
-453.9640016486468,94,2840776
-298.20805668621847,115,2840891
-115.44104897563821,107,2840998
-393.4166256555253,102,2841100
-390.70386341496095,104,2841204
-376.239778509932,104,2841308
-393.6243167346059,126,2841434
-111.1875139338373,105,2841539
-121.6137032731307,79,2841618
-130.19101629115778,68,2841686
-175.47672289882127,67,2841753
-289.266359615808,118,2841871
-348.28696800424774,125,2841996
-121.8612491638612,85,2842081
-63.46775190494742,64,2842145
-207.08317069539038,85,2842230
-269.8667407849334,131,2842361
-146.6472041624868,143,2842504
-159.65615959113057,109,2842613
-92.1761993002776,75,2842688
-122.00981023229815,92,2842780
-116.35193631556544,97,2842877
-336.2834115263878,79,2842956
-186.81515290052076,91,2843047
-111.62942100600732,87,2843134
-180.5929920127006,119,2843253
-245.4626615966552,105,2843358
-131.4424175913648,85,2843443
-73.4698005699874,114,2843557
-122.50800652652458,70,2843627
-92.20055296888938,65,2843692
-174.6859850419582,97,2843789
-361.6904814902647,90,2843879
-88.79490952712166,73,2843952
-118.07426944957913,65,2844017
-129.40808516436925,65,2844082
-173.14113154769265,60,2844142
-117.32120077571243,63,2844205
-100.57527250205283,55,2844260
-127.88248363044684,84,2844344
-499.04766676068516,101,2844445
-286.0100990247588,94,2844539
-446.36018510405506,87,2844626
-207.26080579456726,112,2844738
-101.60189787453396,76,2844814
-287.8810580677349,140,2844954
-134.23901519233337,104,2845058
-279.557670328834,66,2845124
-257.68570839113534,104,2845228
-67.41803313134895,63,2845291
-123.83981525109215,80,2845371
-185.35500618133813,95,2845466
-136.19337507674243,106,2845572
-92.18143132067802,94,2845666
-185.64124562923217,103,2845769
-103.64435421099434,78,2845847
-228.7295623415021,134,2845981
-310.40025003110696,100,2846081
-134.18537758166846,119,2846200
-205.8823259446728,94,2846294
-318.24522842330293,99,2846393
-339.4477082667014,107,2846500
-416.10102224225216,121,2846621
-141.05864306088003,67,2846688
-238.66235690922144,66,2846754
-80.66407683991224,123,2846877
-58.759994859657986,67,2846944
-263.5637043519917,68,2847012
-109.70680069211238,60,2847072
-81.94465821705745,105,2847177
-144.16807940265622,84,2847261
-130.13745780917156,79,2847340
-241.21884799262568,142,2847482
-123.27859061163397,112,2847594
-103.12047714393799,104,2847698
-392.62312456898604,94,2847792
-312.6184008639948,70,2847862
-169.86400708107288,67,2847929
-220.6427800630663,99,2848028
-104.68009722097521,63,2848091
-40.086424900010144,104,2848195
-77.89581339895909,65,2848260
-252.12136108689162,107,2848367
-219.280180086473,103,2848470
-118.05138231887275,94,2848564
-54.6769377335433,74,2848638
-343.5578946291092,82,2848720
-82.90481940079502,93,2848813
-177.47910058224966,104,2848917
-370.0538549789761,101,2849018
-103.79106705504246,95,2849113
-110.87068328359473,65,2849178
-111.90992787895146,83,2849261
-193.80793620724955,113,2849374
-98.83196422707458,87,2849461
-99.32791111100758,124,2849585
-102.79965148618203,96,2849681
-119.70744383397118,72,2849753
-182.6469488103774,137,2849890
-135.6078501913264,102,2849992
-121.82203133002001,73,2850065
-334.30194118258294,89,2850154
-399.01447802152745,96,2850250
-133.05613296131935,86,2850336
-146.93683385156186,88,2850424
-240.14605739652154,111,2850535
-100.16969901226797,79,2850614
-70.19912380607714,86,2850700
-123.03569610568955,64,2850764
-101.13680412141463,79,2850843
-185.77689552274796,73,2850916
-288.5592328381106,74,2850990
-119.31896126246389,104,2851094
-73.64111675149776,67,2851161
-149.55724705461486,91,2851252
-101.2150646037874,67,2851319
-222.10013074316538,80,2851399
-81.76827652942622,70,2851469
-248.94713102524648,108,2851577
-105.98526849174857,58,2851635
-103.75882315364306,78,2851713
-94.28497589016726,68,2851781
-17.482091272913877,85,2851866
-105.46894448436514,90,2851956
-82.92742446463947,85,2852041
-261.57931023869304,120,2852161
-247.25309185373362,97,2852258
-386.80754483701685,111,2852369
11.090874566746379,67,2852436
-324.50319995829534,111,2852547
-195.26851292119193,88,2852635
-438.53934413572335,98,2852733
-47.0383586950896,92,2852825
-48.61963431513557,65,2852890
-175.04742037767915,70,2852960
-322.1903178324691,113,2853073
-63.794967258514596,79,2853152
-72.00850003513378,69,2853221
-104.98404921882982,133,2853354
-380.6323634459258,109,2853463
-118.2436050085912,72,2853535
-114.58579140332611,127,2853662
-160.4632001741042,97,2853759
-404.4213646471772,95,2853854
-271.67604915040744,91,2853945
-193.4568843054276,96,2854041
-392.5112088156747,135,2854176
-128.13763446691445,103,2854279
-58.96091667839667,104,2854383
-313.8425990797091,96,2854479
-296.0418877252595,99,2854578
1.4847221653826637,135,2854713
-171.17818095779586,95,2854808
-219.73073994784198,112,2854920
-306.99509318238916,109,2855029
-240.8693388497721,102,2855131
-151.24800425370978,70,2855201
-128.48945329481666,71,2855272
-94.21995165696987,106,2855378
-200.04555090466005,87,2855465
-115.99779118708615,71,2855536
-193.78917212791103,136,2855672
-309.7546548199151,87,2855759
-329.76166480394267,122,2855881
-199.76262041228915,94,2855975
-315.0945400587583,100,2856075
-164.08066039110366,127,2856202
-153.33128007232074,94,2856296
-234.75988694854493,86,2856382
-81.86986500181412,82,2856464
-109.01381439786587,78,2856542
-101.95580368622517,61,2856603
-113.67780747623384,60,2856663
-122.79370065535659,63,2856726
-164.79815485993106,96,2856822
-144.67713685734998,78,2856900
-93.23608306169812,86,2856986
-103.30937496958295,140,2857126
-117.18804368261702,97,2857223
-147.75641231762103,68,2857291
-208.32754360025146,73,2857364
-97.31903329708273,85,2857449
-109.06301450278961,92,2857541
-368.84003148266004,122,2857663
-127.05448485955593,60,2857723
-83.42957332855384,80,2857803
-407.13867292607597,102,2857905
-245.89242194505286,67,2857972
-71.96067865935038,76,2858048
-105.27514216843588,87,2858135
-99.03554128782027,97,2858232
-108.9208910308327,60,2858292
-365.0586573691778,102,2858394
-248.15891727647178,84,2858478
-89.6988692595069,55,2858533
-137.91779530067805,72,2858605
-57.86993122988679,65,2858670
-286.8129373925743,98,2858768
-169.7340916159298,93,2858861
-207.73490648893684,101,2858962
-6.997040303615748,83,2859045
-248.10919271485523,64,2859109
-200.80004959054506,115,2859224
-93.22187377219855,99,2859323
-25.703438384192637,75,2859398
-140.0546658528387,102,2859500
-100.37889908699357,65,2859565
-128.81377573680112,104,2859669
-354.3596148948873,85,2859754
-127.20008485156441,61,2859815
-190.9397868620252,117,2859932
-300.63258625723313,94,2860026
-135.6889573727977,99,2860125
-173.4663029908465,114,2860239
-148.20633768065954,90,2860329
-134.22209745824563,63,2860392
-234.01062257636846,116,2860508
-90.96922276600002,68,2860576
-233.89334369874686,81,2860657
-102.2901012263535,79,2860736
-102.44210614294659,82,2860818
-159.12046279454938,64,2860882
-485.33182649451834,120,2861002
-103.81341523465385,131,2861133
-105.32614070039489,100,2861233
-8.948122967050125,83,2861316
-104.99907886094918,85,2861401
-102.85565401708891,125,2861526
-71.39913552163078,67,2861593
-184.14579587218785,104,2861697
-43.460291968304645,66,2861763
-134.72953927115373,86,2861849
-175.65220869941766,112,2861961
-438.33575153205106,107,2862068
-26.525904225971928,101,2862169
-122.25128181117799,113,2862282
-223.65312097897265,85,2862367
-89.53524202080074,72,2862439
-338.9667532740035,91,2862530
-407.3596356781148,83,2862613
-382.72933123643077,104,2862717
-90.32645735777027,69,2862786
-127.98942154822404,98,2862884
-209.84660740472822,160,2863044
10.162553014245688,129,2863173
-81.51188860984212,62,2863235
-129.80210772676753,84,2863319
-384.01973732730096,104,2863423
-12.558560999007057,120,2863543
-123.37783092022912,85,2863628
-93.6172291880611,78,2863706
-133.15271093411712,62,2863768
-116.75380204704359,65,2863833
-134.40484488673934,102,2863935
-149.82048206492195,79,2864014
-424.55497436691707,93,2864107
-125.01192181834352,81,2864188
-269.9561296211689,120,2864308
-94.06907005878324,70,2864378
-100.4338315577766,69,2864447
-373.69218384744886,88,2864535
-366.47327660237534,70,2864605
-375.15978732315574,108,2864713
-67.62226599024027,65,2864778
-512.2067003355875,109,2864887
-121.73300615541322,81,2864968
-97.28712721106452,94,2865062
-431.65880593122534,93,2865155
-82.70032511312226,82,2865237
-107.82687200021634,75,2865312
-173.73099979277455,80,2865392
-133.8810367831877,65,2865457
-253.68326180530485,109,2865566
-515.3504246470576,91,2865657
-308.9015942861066,75,2865732
-161.83122860614645,70,2865802
-106.64797806924797,64,2865866
-93.30320869931707,114,2865980
-75.46449503726562,67,2866047
46.02923277456529,105,2866152
-221.72428826939793,118,2866270
-118.16165931863083,86,2866356
-323.26182704604935,88,2866444
-113.51908158918597,104,2866548
-115.014735832344,70,2866618
-81.67445228265285,111,2866729
-90.63732837091574,88,2866817
-109.24775217688428,76,2866893
-224.55208840788833,100,2866993
-195.30464043442123,71,2867064
-154.8825113782142,91,2867155
-23.231171891348836,98,2867253
-32.24590601840629,125,2867378
-116.8649316677066,104,2867482
-204.7516587767479,124,2867606
-240.2651207645871,78,2867684
-111.2534253275341,104,2867788
-166.75595267329524,118,2867906
-79.15760242652607,68,2867974
-404.49080585060545,104,2868078
-27.21615274995257,102,2868180
-183.72507090102454,93,2868273
-267.50744423775194,98,2868371
-349.9108504661354,111,2868482
-227.79586051673414,121,2868603
-244.87780179274185,103,2868706
-115.82057114592277,79,2868785
-147.4266828368339,93,2868878
-46.549571568306774,68,2868946
-349.3662407192621,86,2869032
-123.04320174180585,69,2869101
-108.36237768991303,81,2869182
-199.70278072979403,66,2869248
-0.23676532954955576,83,2869331
-90.73162841469927,64,2869395
-183.67933375813314,103,2869498
-74.81827039166959,72,2869570
-189.99268746396444,98,2869668
-110.30174431691626,74,2869742
-136.57432741261277,133,2869875
-161.77560519595283,66,2869941
-121.35832308809292,105,2870046
-182.3952555387397,61,2870107
-87.11009998475919,61,2870168
-190.07357096302496,66,2870234
-464.69700928412544,117,2870351
-97.34968203017867,72,2870423
-59.98248926098337,111,2870534
-182.73582302998983,110,2870644
-462.6346604475827,113,2870757
-198.97905155017435,81,2870838
-285.1117667349614,93,2870931
-203.45745921385196,99,2871030
-260.86832282754136,96,2871126
-150.41210601649198,93,2871219
-192.06430754455226,72,2871291
-561.2144186896238,111,2871402
-275.7322212549615,82,2871484
-107.90965373752653,85,2871569
-337.6778924772984,124,2871693
-80.02704433016089,90,2871783
-116.30403230094502,96,2871879
-243.73693340296262,100,2871979
-155.24561262216434,73,2872052
-217.27287799442192,69,2872121
-119.15677203106617,74,2872195
-106.8950821045,68,2872263
-74.72030410999926,59,2872322
-54.33449568408527,100,2872422
-264.9489622511382,90,2872512
-210.15543220520283,61,2872573
-100.30631914545769,91,2872664
-298.53020892432403,96,2872760
-138.11376575553751,87,2872847
-246.11464935470764,114,2872961
-133.94048166697183,57,2873018
-134.05271291589483,82,2873100
-134.18525982553638,67,2873167
-128.36566185232164,91,2873258
-70.7801419275906,58,2873316
-399.4091808719902,90,2873406
-290.5081558664456,115,2873521
-38.028898964031114,103,2873624
-253.09537556909916,130,2873754
-52.945471845770356,74,2873828
-195.61091924555922,66,2873894
-142.77886498336917,91,2873985
-130.98852793349954,100,2874085
-137.9461889473792,90,2874175
-109.75699488661853,114,2874289
-84.66382037566584,76,2874365
-450.0382996794357,121,2874486
-361.84200445686207,95,2874581
-65.03632467775715,65,2874646
-496.3263333333632,99,2874745
-366.99651308936666,121,2874866
-143.3159133703561,136,2875002
-150.82119333689246,90,2875092
-222.87520893557507,127,2875219
-255.08603349167868,94,2875313
-98.5055825899831,86,2875399
-86.947232072621,147,2875546
-110.946771313269,86,2875632
-147.51668741293693,100,2875732
-129.26519833585084,65,2875797
-143.29343230589683,104,2875901
-135.4030961425123,83,2875984
-181.80247213755675,100,2876084
-376.0120038847789,78,2876162
-332.3735022358575,116,2876278
-199.234410728203,107,2876385
-157.34357243844465,109,2876494
-171.25565710288407,95,2876589
-89.96977083291515,62,2876651
-120.79737217288033,96,2876747
-87.10765345966252,68,2876815
-101.51138148776951,68,2876883
-85.44059380744469,70,2876953
-146.0506522053077,92,2877045
-414.91547735610976,93,2877138
-174.89690729140756,106,2877244
-258.8116823541974,72,2877316
-189.9655033019739,70,2877386
-140.60693226718797,92,2877478
-152.60049810902512,103,2877581
-198.7462213067016,80,2877661
-258.7312525473908,127,2877788
-95.91659753542686,65,2877853
-125.24190008350176,91,2877944
-227.44277689132707,95,2878039
-320.92087788985486,88,2878127
-111.95716860933136,75,2878202
-116.72105496012779,76,2878278
-130.88482895010992,68,2878346
-416.41103840653903,101,2878447
-116.99972684407811,117,2878564
-163.77099950025206,137,2878701
-215.8458259074115,95,2878796
-195.25648907073972,90,2878886
-331.52984743760254,95,2878981
-152.17820407567552,70,2879051
-94.36842816046607,73,2879124
-92.66913553482719,75,2879199
-127.74584953471583,101,2879300
-140.78851284422348,83,2879383
-190.0101774015494,103,2879486
-138.89539042911974,59,2879545
-216.75407897385188,82,2879627
-98.48396203773964,67,2879694
20.848011765736516,84,2879778
-115.13266947562228,84,2879862
-72.82674029613418,76,2879938
-102.70724948325567,75,2880013
-224.72324512976633,95,2880108
-342.6958916112528,96,2880204
-191.66574407049126,91,2880295
-262.3404408701174,110,2880405
-155.4535709068503,67,2880472
-356.8017917558314,93,2880565
-285.16502379097346,86,2880651
-103.95352925404222,75,2880726
-115.78394012388841,83,2880809
-95.78075332108477,64,2880873
-272.87238028333866,130,2881003
-100.48114479388326,83,2881086
-169.95306270677588,166,2881252
-292.54408168978216,104,2881356
-337.97811324342854,121,2881477
-113.91878129409511,64,2881541
-140.3808691464046,72,2881613
-255.97804072396028,90,2881703
-116.01392585915613,90,2881793
-92.5068673386504,114,2881907
32.80468741718437,97,2882004
-333.6106967340498,90,2882094
-406.06154248980243,108,2882202
-109.82276349162616,80,2882282
0.9461067544110051,142,2882424
-101.1428822664134,63,2882487
-331.19859448316504,82,2882569
-6.199457176095436,115,2882684
-297.00033760402493,93,2882777
-350.7093712777929,107,2882884
-92.32334524692506,81,2882965
-150.09626417895151,90,2883055
-231.46869943119594,64,2883119
-130.98470590520526,74,2883193
-170.5888833122773,125,2883318
-228.682678266541,105,2883423
-156.33436897360076,73,2883496
-74.29060772033978,83,2883579
-80.3741764558205,70,2883649
-208.65619434535455,68,2883717
-127.00258056063187,102,2883819
-82.57994334409483,119,2883938
-121.68590987189081,122,2884060
-99.58256434172304,92,2884152
-72.6875099284268,65,2884217
-44.962974473257624,116,2884333
-56.48127190257076,68,2884401
-194.64658129690676,123,2884524
-106.74056082541122,85,2884609
-209.45473911234063,78,2884687
-212.13758085270837,107,2884794
-128.69087876830082,128,2884922
-92.54648197871983,82,2885004
-72.9721524747228,67,2885071
-156.83052710692792,80,2885151
-448.6174372264282,133,2885284
-113.65205851799101,86,2885370
-138.23728214022668,83,2885453
-152.3517848757637,106,2885559
-90.44736884372166,62,2885621
-74.56100370418419,65,2885686
-242.55758279006852,82,2885768
-180.83504197617992,108,2885876
-123.1433355122326,113,2885989
-40.60429168392197,95,2886084
-321.4870235721904,91,2886175
-292.1873701992792,89,2886264
-95.38775399384667,111,2886375
-131.54472009727456,86,2886461
-160.84880599110943,81,2886542
-128.9836755987426,91,2886633
-113.05792257842248,64,2886697
-80.44096778024833,112,2886809
-109.33776457447769,74,2886883
-243.1065032962983,73,2886956
-317.5444343901655,105,2887061
-312.5971738259743,86,2887147
-127.02065852595442,85,2887232
-343.79171835554223,89,2887321
-63.72052628907663,83,2887404
-128.82122869467793,96,2887500
-431.18040335690125,93,2887593
-309.88848447181243,108,2887701
-53.151341514338796,66,2887767
-114.1667178410837,128,2887895
-220.35906477329854,106,2888001
-107.36858573675391,60,2888061
-114.09678081015284,110,2888171
-189.4096757098792,120,2888291
-270.4899671850973,92,2888383
-51.898157685718786,116,2888499
-46.858744318064154,84,2888583
-118.53058579602428,105,2888688
-222.28241133746286,99,2888787
-101.15058345968532,84,2888871
-315.15494657867566,84,2888955
-313.8067631445416,99,2889054
-459.43477258643543,92,2889146
-105.02864637837301,79,2889225
-309.3689490711147,105,2889330
-187.23296877281055,112,2889442
-117.91936652055084,73,2889515
-475.3821304155863,89,2889604
-82.7351892289401,144,2889748
-151.8502110005066,103,2889851
-222.2055910467339,66,2889917
-314.5654836239283,75,2889992
-130.4055682738179,105,2890097
-245.09326406900593,117,2890214
-104.2504642617195,67,2890281
-132.09087433621596,65,2890346
-241.08909432933274,73,2890419
-77.35352892627715,82,2890501
-239.81015262111436,80,2890581
-104.85918694803894,66,2890647
-145.12820738301457,95,2890742
31.93571193004044,77,2890819
-79.38953550532963,59,2890878
-439.6534346179686,94,2890972
-124.24744640806976,96,2891068
-338.6171371077531,68,2891136
-64.71503279948838,75,2891211
-188.10082891912458,84,2891295
-31.697389710983643,123,2891418
-157.918014465488,76,2891494
-116.31531377521316,65,2891559
-267.68050552787986,121,2891680
-165.84378186561827,107,2891787
-243.73101268188503,118,2891905
-125.16205021236065,80,2891985
-113.65004079781592,96,2892081
-225.51691589698225,86,2892167
-137.3284028752737,68,2892235
-119.47311016185952,95,2892330
-136.6462126592359,85,2892415
-214.60678320571776,80,2892495
-333.0973897207768,149,2892644
-264.6511493135972,112,2892756
-114.33915588135574,115,2892871
-173.44959894958112,68,2892939
-114.17009444346888,135,2893074
-114.24803501947211,63,2893137
-105.19072863476762,65,2893202
10.205924332692362,136,2893338
-107.09969125539128,68,2893406
-108.23676206655182,66,2893472
-362.7734249223701,92,2893564
-82.972225919754,101,2893665
-228.75136668835458,76,2893741
-333.8006212006944,107,2893848
-168.3967925229031,74,2893922
-389.0892127604003,102,2894024
-119.40006885060404,79,2894103
-204.39761753763787,73,2894176
-153.6013283316675,69,2894245
-116.12009112648921,80,2894325
-90.93646844891572,75,2894400
-252.41098655816285,86,2894486
-152.73875766927364,94,2894580
-297.0628798171913,112,2894692
-132.18893195746267,87,2894779
-158.31413678559392,104,2894883
-59.06143152401299,76,2894959
-337.0139731400212,95,2895054
-88.34909142116814,112,2895166
-129.35702885029178,94,2895260
-214.87536031315898,110,2895370
-126.78246316310464,71,2895441
-239.00650546820407,94,2895535
-133.37574824327476,123,2895658
-274.0718587924946,113,2895771
-157.79206663531568,105,2895876
-44.91667731541891,61,2895937
-159.82727545244575,70,2896007
-46.57064686750609,70,2896077
-278.51237855723764,97,2896174
-106.65108444727832,66,2896240
-466.20601532742717,106,2896346
-116.3185822495432,77,2896423
-83.72487843543536,73,2896496
-56.193904974908754,60,2896556
-85.67607807427423,73,2896629
-193.31722201576707,104,2896733
-219.7443104541161,88,2896821
-372.39954458614716,92,2896913
-127.12234218656755,68,2896981
-102.17571593397238,70,2897051
-99.31791124567656,66,2897117
-82.10076194687015,75,2897192
-119.52328501388509,98,2897290
-287.14891959117006,105,2897395
-348.6123516040068,112,2897507
-76.68831601392378,76,2897583
-393.42606323122413,83,2897666
-164.4935388347792,80,2897746
-101.82774608099587,78,2897824
-242.54197009869256,151,2897975
-180.08749070816629,80,2898055
-170.3252452864558,113,2898168
-218.92533084593148,57,2898225
-119.2089632802075,86,2898311
-71.4778192914437,70,2898381
-72.74566340381364,76,2898457
-226.9621985972604,141,2898598
-126.08797786882637,120,2898718
-262.12764094742124,127,2898845
-108.88928863137626,118,2898963
-12.276408419508797,130,2899093
-403.4358420832966,71,2899164
-77.78572786611065,84,2899248
-234.83689365249117,99,2899347
-156.86583405912592,98,2899445
-494.0536575086413,101,2899546
-127.72565224366352,85,2899631
-61.523332054228895,69,2899700
-254.06579581351127,78,2899778
-71.38069080246771,75,2899853
-257.9036051278619,72,2899925
-164.73216461215534,99,2900024
-185.21516032128667,98,2900122
-95.01268708958287,73,2900195
-177.71747469111952,97,2900292
-112.22470323009443,90,2900382
-167.81947515951092,71,2900453
-50.27808330545969,104,2900557
-92.47960857692703,70,2900627
-203.460778256048,112,2900739
-203.41775403544722,70,2900809
-144.05907774304134,114,2900923
-135.24599155498083,113,2901036
-85.18761256690317,57,2901093
-106.72766237388733,76,2901169
-120.8203246215998,74,2901243
-245.3706383812389,120,2901363
-312.7852966147385,102,2901465
-145.49900410567489,85,2901550
-184.0483934878731,94,2901644
-87.39222560547739,61,2901705
-186.5877375663201,94,2901799
-291.1188874471086,122,2901921
-86.9068699240681,102,2902023
-196.6392934469908,108,2902131
-276.4572795609739,155,2902286
-136.61187203412632,92,2902378
-102.93783852754237,64,2902442
-148.4094545704442,73,2902515
-253.3603991774868,98,2902613
-134.55988165477595,95,2902708
-76.59217862292891,63,2902771
-176.38057367063658,70,2902841
-66.20983167312909,129,2902970
-133.30836721873467,100,2903070
-160.72359300717622,100,2903170
-80.85501913883033,92,2903262
-168.60631308092755,142,2903404
-279.23313066049417,92,2903496
-94.27685121970718,110,2903606
-178.58398244215573,121,2903727
-272.84582195364237,75,2903802
-231.68054380572596,80,2903882
-312.79053146316517,78,2903960
-133.23574388854763,119,2904079
-234.1166709551489,74,2904153
-375.4445819132583,83,2904236
-145.76778828691073,129,2904365
-82.51081816638283,117,2904482
-81.35332039878286,64,2904546
-250.61642666548124,90,2904636
-63.071964756745906,64,2904700
-71.45424790553514,75,2904775
-222.54593871671196,118,2904893
-98.39366505540994,60,2904953
-183.8591062607894,81,2905034
-39.36039401321521,76,2905110
-130.07882045242343,68,2905178
-186.40152349061498,113,2905291
-171.50068075107237,122,2905413
-125.697303452476,60,2905473
-138.90399586807263,62,2905535
-130.7381555188246,71,2905606
-288.0254457291005,92,2905698
-109.35169002841612,78,2905776
-168.53210935512487,60,2905836
-277.2744825996582,103,2905939
-148.43388571916057,66,2906005
-255.99841507443935,86,2906091
-253.0064720962399,120,2906211
-263.63758458597783,100,2906311
-127.23574576293474,87,2906398
-461.2470972557939,88,2906486
-144.09338198206052,68,2906554
-66.21173224426812,68,2906622
-93.36472143040513,68,2906690
-194.3201120804358,78,2906768
-159.7567143343785,124,2906892
-190.93202128505789,102,2906994
-368.84779844961196,91,2907085
-218.1701875921708,83,2907168
-246.95264260083835,74,2907242
-203.2678269232726,66,2907308
-74.83070633072703,96,2907404
-86.84725624848843,77,2907481
-125.83486783742605,67,2907548
-334.0828802304227,106,2907654
-187.4926420277322,102,2907756
-115.34698596063717,69,2907825
-266.2995782410243,88,2907913
-142.86422257550691,71,2907984
-123.16142925482151,97,2908081
-107.17375303621289,107,2908188
10.309378624856166,71,2908259
-135.27422208439995,108,2908367
-109.53614517077655,116,2908483
-154.83940634780515,82,2908565
-139.05150757613316,65,2908630
-200.15611326302633,65,2908695
-233.03971184304703,74,2908769
-125.04330558906727,99,2908868
-72.03134318349959,65,2908933
-74.93832743732938,116,2909049
-90.05453169808189,67,2909116
-108.87869384475907,102,2909218
-401.8605032686748,84,2909302
-324.888991993864,74,2909376
-81.70553052606283,100,2909476
-228.43445803668385,114,2909590
-111.40535889827036,87,2909677
-272.8252156919571,114,2909791
-188.31410471989702,102,2909893
-101.33822503249091,76,2909969
-123.75089649500177,78,2910047
-80.49913179068535,65,2910112
-20.572512425644803,73,2910185
-368.7686163102962,114,2910299
-132.81517338118192,150,2910449
-96.56892902765946,75,2910524
-91.02700887224391,72,2910596
-80.22972047781036,114,2910710
-360.0814978853743,89,2910799
-77.73906984259733,77,2910876
-190.26309067507657,101,2910977
-288.91954315493274,113,2911090
-87.04691499373034,65,2911155
-205.5856784896593,98,2911253
-125.09627465826279,86,2911339
-131.3051864938012,78,2911417
-171.77535800383293,117,2911534
-187.62871096146236,78,2911612
-156.9572298201601,109,2911721
-62.10268167080014,69,2911790
-126.04616310034706,96,2911886
-107.15283731101206,70,2911956
-106.99014854524316,67,2912023
-114.6935168706079,71,2912094
-117.14397605728803,117,2912211
-68.49056991175974,67,2912278
-216.30574353819108,101,2912379
-246.28522145724503,74,2912453
-286.8782378546432,117,2912570
-125.01530274668795,111,2912681
-76.30869630603318,101,2912782
-86.5235891978733,116,2912898
-35.760247863032106,97,2912995
-205.76538516912967,128,2913123
-143.36693275589997,68,2913191
-120.34331125374857,75,2913266
-93.60573063842963,57,2913323
-407.1330127027315,115,2913438
-357.43897205059784,98,2913536
-89.73738479101947,62,2913598
-131.77158725625227,90,2913688
-126.04126505262819,107,2913795
-298.7052942908855,99,2913894
-107.10452746100485,74,2913968
-173.10710753078365,96,2914064
-216.16565730818257,66,2914130
6.519642872718379,81,2914211
-67.8152680754482,66,2914277
-92.205847102972,69,2914346
-98.79053975525144,61,2914407
-80.07723733254186,66,2914473
-327.6525175126163,76,2914549
-156.59398799445614,85,2914634
-133.77341123661586,56,2914690
-129.23333321454467,106,2914796
-368.4092910476111,80,2914876
-350.7668639924601,92,2914968
-306.8515766823119,107,2915075
-79.37606474548755,60,2915135
-473.5946797670421,113,2915248
-103.67835737999013,71,2915319
-67.9742037252247,68,2915387
-203.46277652433014,123,2915510
-81.27201145655843,91,2915601
-130.98118021682274,68,2915669
-61.55970150867892,75,2915744
-265.95267505085747,97,2915841
-277.5073363114547,90,2915931
-349.4481222261101,89,2916020
-225.31417027387255,74,2916094
-254.6488744440747,88,2916182
-88.20210207860521,63,2916245
-302.58898709959334,148,2916393
-130.948137481533,71,2916464
-309.5760019532877,61,2916525
-204.07275267961597,96,2916621
-129.55162055967617,110,2916731
-115.56580470965262,91,2916822
-74.02614852021647,118,2916940
-119.55110877100174,76,2917016
-108.65319556737902,94,2917110
-115.69010683963313,67,2917177
-206.8654674076324,121,2917298
-218.94464534779047,78,2917376
-98.93742821835198,128,2917504
-269.58263007589494,80,2917584
-118.17636220665845,66,2917650
-303.71599563314965,97,2917747
-110.9845752895219,83,2917830
13.00221180584606,78,2917908
-151.63904270127483,148,2918056
-72.85621878362223,62,2918118
-125.26836729730753,101,2918219
-500.18626718252386,100,2918319
-51.86204992579853,64,2918383
-98.77051412748561,106,2918489
-129.12837196040664,74,2918563
-100.54165980448333,120,2918683
-169.13480757346645,72,2918755
-218.11427144277275,71,2918826
-103.34751837629932,75,2918901
-284.24696030148573,94,2918995
-99.27346907589714,86,2919081
-273.25582196049015,90,2919171
-18.383049399655633,80,2919251
-97.34741701249077,83,2919334
-256.3236253903934,125,2919459
-263.9420636862519,115,2919574
-115.18049088186397,62,2919636
-122.90629584031548,115,2919751
-392.35777981432585,100,2919851
-222.31317942447498,107,2919958
-148.7705852216236,86,2920044
-76.96696342319905,109,2920153
-157.40875421324952,66,2920219
-237.67660290756754,98,2920317
-297.2647555782824,82,2920399
-98.69875334285534,92,2920491
-75.812283810585,112,2920603
-139.8250033437872,82,2920685
-100.06117905461782,68,2920753
-96.39668092897192,74,2920827
-238.54042616562242,88,2920915
-236.24267601565802,70,2920985
-136.01002703106636,116,2921101
-128.2677843564362,95,2921196
-266.55457356371346,110,2921306
-99.87922855187675,84,2921390
-132.013111267692,75,2921465
-153.72696266877358,109,2921574
-150.54268645407404,130,2921704
-211.72966106157892,126,2921830
-303.725000483356,89,2921919
-77.80289888600973,67,2921986
-396.3608061885099,94,2922080
-309.30264085276514,109,2922189
-226.6312624951065,109,2922298
-97.32600362564378,107,2922405
-110.3430990224991,90,2922495
-127.08370477115514,100,2922595
-88.31836290287691,62,2922657
-143.42831199244722,105,2922762
-242.45000769781907,73,2922835
-41.26112061381532,96,2922931
-42.20721839613665,91,2923022
-203.97076471948247,92,2923114
-177.9287303015132,78,2923192
-111.4123802738006,62,2923254
-80.91179476973964,64,2923318
-203.25547993794876,99,2923417
-80.88587117315672,87,2923504
-191.6085351115247,97,2923601
-133.36038120238072,89,2923690
-139.98685003268713,103,2923793
-281.35860531073,97,2923890
-62.167265327452284,119,2924009
-110.3460523778002,60,2924069
-169.52593439720445,60,2924129
-93.32852683708161,69,2924198
-240.80452344519506,87,2924285
-148.3854254469203,110,2924395
-86.12772432711836,60,2924455
-340.0909706047197,128,2924583
-389.586207626924,129,2924712
-119.64187279209607,74,2924786
-254.23465785163035,116,2924902
-133.828562145373,84,2924986
-97.02168653057332,102,2925088
-190.69761081170378,85,2925173
-87.89168997332584,68,2925241
-202.43383562577125,68,2925309
-381.4786115210546,145,2925454
-275.2511380942441,65,2925519
-265.27006060538605,84,2925603
2.5643788887765737,105,2925708
-400.5168840379885,121,2925829
-94.78533514951057,70,2925899
-284.3861742119234,96,2925995
-185.26427775500852,119,2926114
-98.62888771285269,107,2926221
-426.4992366489859,84,2926305
-397.90511545657864,109,2926414
-158.3192346936694,81,2926495
-173.9743890936187,104,2926599
-198.40339928094795,94,2926693
-90.15517302318004,55,2926748
-314.96172262219466,120,2926868
-302.01494821328777,100,2926968
-162.3367121736499,72,2927040
-165.52906949827803,147,2927187
-61.891423734959886,85,2927272
-141.3753623069585,92,2927364
-498.8456421038943,103,2927467
-139.95317302025825,89,2927556
-108.61821632924554,117,2927673
-335.3329763790363,93,2927766
-347.144058595102,109,2927875
-87.41074166902665,68,2927943
-88.9248737873531,61,2928004
-278.60520662633826,91,2928095
-158.37180870778758,86,2928181
-82.70444062210791,97,2928278
-329.002804879756,97,2928375
-250.7681458363852,96,2928471
-5.035840228692052,114,2928585
-183.1809490965635,92,2928677
-145.53720757700466,102,2928779
-240.9234879517363,84,2928863
-306.6278742791165,100,2928963
-266.83197823803675,94,2929057
-103.31578112702813,113,2929170
-204.13614980247445,113,2929283
-108.61223250995019,118,2929401
-97.42175776302761,79,2929480
-159.06224514373605,90,2929570
-154.9716300680618,101,2929671
-149.38857476406193,93,2929764
-72.92888800620626,63,2929827
-140.2468123415445,107,2929934
-112.3718381028983,103,2930037
-219.322321446675,111,2930148
-224.0787975943156,76,2930224
-125.16254236966228,62,2930286
-92.90217916852336,71,2930357
-145.69810463531363,99,2930456
-79.2509392144451,77,2930533
-294.9081041947751,119,2930652
-113.21543697428137,91,2930743
-196.51404044215695,98,2930841
-130.38203459573862,134,2930975
-143.6335195877967,88,2931063
-114.19309451352217,67,2931130
-95.80355471224726,67,2931197
-51.0938458625204,78,2931275
-306.25419944289933,107,2931382
-107.3904688560013,62,2931444
-126.90766325158597,65,2931509
-242.10497735378402,71,2931580
-239.56892823955758,92,2931672
-136.79420614632824,63,2931735
-18.519426557412217,78,2931813
-310.08872152490767,101,2931914
-468.7851184286156,110,2932024
-126.32339345570949,93,2932117
-139.5001173258754,102,2932219
-70.98109868749287,57,2932276
-145.16641505168826,98,2932374
-130.04820579978315,96,2932470
-274.47026577399043,147,2932617
-359.2680868450558,138,2932755
-293.60505072007027,72,2932827
-86.87810678899233,86,2932913
-300.54829009285845,79,2932992
-115.36900945757662,89,2933081
-64.80526103386572,80,2933161
-141.0247593098562,61,2933222
-345.7480765023189,100,2933322
-341.0087460806235,101,2933423
-118.87775611029906,124,2933547
-113.68535534772728,79,2933626
-132.03818422732672,101,2933727
-278.51484975951786,98,2933825
-165.56583580404498,65,2933890
-386.30422672719436,118,2934008
-494.38797493491654,91,2934099
-133.18849313782522,97,2934196
-147.58282792435242,116,2934312
-334.9706418875276,94,2934406
-80.01774683137566,69,2934475
-97.48537480502073,78,2934553
-371.45820919769784,99,2934652
-65.3053882962338,77,2934729
-101.65381545383396,117,2934846
-125.1671543391716,67,2934913
-269.7892586657995,102,2935015
-442.59090293591123,128,2935143
-148.00516142314748,111,2935254
-439.3844319054308,89,2935343
-126.54479435237877,91,2935434
-247.64254361115255,77,2935511
-92.5740336361717,69,2935580
-216.9538288792474,82,2935662
-181.3664071982324,112,2935774
-90.8067862671144,69,2935843
-93.27653457302553,118,2935961
-382.6657922889013,89,2936050
-146.657896655261,128,2936178
-234.27407264058937,106,2936284
-35.33728387734314,68,2936352
-247.87205776060478,100,2936452
-238.84987336212706,112,2936564
-262.70412743626895,88,2936652
-315.3922330461929,79,2936731
-259.87523424593803,72,2936803
-223.85840689663132,88,2936891
-125.91375524689359,92,2936983
-166.12433424106632,64,2937047
-93.56440754288441,89,2937136
-234.82575839205015,77,2937213
-95.48020675224572,80,2937293
-25.17755272398368,133,2937426
-122.64552767508613,63,2937489
-361.3473170701482,112,2937601
-96.64545461320506,68,2937669
-260.67002588119806,71,2937740
-189.9016118109694,63,2937803
-267.0581665855551,95,2937898
-78.21385953504335,76,2937974
-302.20086692276163,78,2938052
-374.55978988173484,126,2938178
-333.7718594139402,86,2938264
-384.01681141987837,81,2938345
-70.42270556906065,111,2938456
-110.68534456149254,72,2938528
-357.18133826536933,93,2938621
-83.4726688945828,91,2938712
-95.76906589240163,62,2938774
-92.00753929317892,109,2938883
-102.41143918123373,96,2938979
-244.56863838407799,96,2939075
-105.3817034706467,74,2939149
-285.1622395205291,95,2939244
-87.78754489110045,65,2939309
-94.2549119019544,83,2939392
-106.34609123424264,96,2939488
-255.50340772658524,84,2939572
-95.85968216943506,93,2939665
-121.02493088319044,91,2939756
-137.62052400661446,65,2939821
-117.758382643837,92,2939913
-480.9854627684568,102,2940015
-317.97061300581714,88,2940103
-263.04451050649175,77,2940180
-127.07212145727846,108,2940288
-48.97539289410216,101,2940389
-85.30629793033788,93,2940482
-104.21918407381492,108,2940590
-63.193726536981444,69,2940659
-130.38373697799858,91,2940750
-213.6961596023939,71,2940821
-246.33315897631473,109,2940930
-101.73141155022016,84,2941014
-225.4895958197236,104,2941118
20.864576334488362,94,2941212
-280.73756275364326,111,2941323
-83.5997208854763,77,2941400
-90.37289432277896,77,2941477
-109.98526309011203,81,2941558
-87.62375954807679,83,2941641
-109.78853356866742,107,2941748
-258.23681101770484,112,2941860
-219.91187946588317,82,2941942
-146.4886540482914,61,2942003
-150.55430039706897,71,2942074
-364.1972602247577,93,2942167
-288.5045532760025,96,2942263
-428.1487096274869,83,2942346
-103.49956025988352,63,2942409
-75.60471657941913,88,2942497
-473.7076446708513,77,2942574
-81.01976365559935,74,2942648
-74.95021308292812,79,2942727
-87.54035188125117,70,2942797
-266.6745620540953,76,2942873
-174.9027951194983,110,2942983
-280.7398608333294,67,2943050
-106.39097224214123,119,2943169
-244.96804343416122,79,2943248
-110.25760706633076,73,2943321
-347.8642659884507,99,2943420
-81.98979402075284,60,2943480
-212.6499581611846,76,2943556
-109.6055251564415,62,2943618
-408.7255302880337,106,2943724
6.595521116925099,75,2943799
-100.53434713995982,92,2943891
-160.53225522438873,108,2943999
-243.0473337295081,97,2944096
-297.05695389839434,102,2944198
-183.51544733877904,103,2944301
-140.0042312209021,62,2944363
-135.79491180085077,77,2944440
-69.44345795974351,76,2944516
-227.5760966202691,93,2944609
-146.8202313770652,110,2944719
-12.983289573742894,95,2944814
-318.58766772118537,105,2944919
-290.5541292362327,102,2945021
-143.81092124129677,103,2945124
-101.17815453874036,67,2945191
-88.90984783091525,64,2945255
-300.68219773360545,85,2945340
-123.64175575668385,95,2945435
-455.8972719478167,115,2945550
-252.13986621575452,99,2945649
-90.00578195510414,105,2945754
-136.7465781805709,114,2945868
-329.77950382221775,66,2945934
34.175058529103154,1000,2946934
-280.90294961473376,97,2947031
-169.57690383708132,74,2947105
-219.42980406381224,90,2947195
-356.1205749596314,103,2947298
-121.41777326009588,87,2947385
-212.4764700670417,102,2947487
-108.6211934190208,67,2947554
-215.15488887682466,80,2947634
-104.70683493601385,69,2947703
-117.62564580640938,96,2947799
-92.32890049453567,136,2947935
-129.80879152825656,69,2948004
-126.69633340006003,89,2948093
-143.81640191009666,93,2948186
-106.5583006523942,107,2948293
-218.88621389501554,141,2948434
-156.38711815078142,137,2948571
-169.05029052278252,75,2948646
-336.31301858886036,101,2948747
-302.65142474541426,88,2948835
-119.96023563951346,93,2948928
-142.15228790592542,104,2949032
-116.95161909654108,90,2949122
-125.4461209407373,109,2949231
-251.3838441725673,80,2949311
-115.84892727438324,61,2949372
-117.0099824993674,72,2949444
-135.77431611933213,117,2949561
-297.0137352516423,88,2949649
-86.87681385097632,109,2949758
-336.6446492411484,100,2949858
-188.65137908524287,80,2949938
-464.3237006028955,96,2950034
-77.50379136409708,86,2950120
-360.9069230050747,68,2950188
-172.16480260216974,107,2950295
-114.76149749677256,61,2950356
-424.2507094494767,82,2950438
-212.26702523894974,72,2950510
-87.77924048469612,126,2950636
-248.70441567866305,114,2950750
-66.59267831656187,60,2950810
-266.08426833478313,67,2950877
-124.39751080189697,106,2950983
-100.98378743791973,74,2951057
-140.9619536179497,63,2951120
-92.06439349519974,77,2951197
-175.8896246041698,89,2951286
-21.667381871655635,64,2951350
-138.56931928284166,94,2951444
-208.39213915803802,94,2951538
-135.8305717528647,123,2951661
-300.5309771560492,120,2951781
-174.48644455314258,116,2951897
-166.19351475344808,94,2951991
-286.3022515314448,96,2952087
-214.85642131903953,121,2952208
-90.68978021619559,67,2952275
-143.75312099318052,97,2952372
-84.7288369013868,60,2952432
-183.07825906353915,86,2952518
-436.65760682303153,88,2952606
-96.08416811221608,79,2952685
-159.91709586066446,74,2952759
-78.3896208232186,65,2952824
-101.33313106307602,85,2952909
-134.97409367302137,73,2952982
-152.10908618999292,84,2953066
-100.94703362180917,67,2953133
-136.0277550251674,66,2953199
-341.9284041241551,86,2953285
-109.33754214437003,64,2953349
-249.68091701344122,102,2953451
-175.8950317230162,93,2953544
-118.43178056189723,95,2953639
-84.5111147881114,66,2953705
-129.4501833489557,98,2953803
-367.54978353545204,80,2953883
-71.59192006291362,71,2953954
-104.33977698270273,68,2954022
-68.32092398289474,60,2954082
-46.61307053578031,92,2954174
-303.1507803991841,103,2954277
-110.98392293236101,89,2954366
-130.97136983379895,103,2954469
-306.9496381962641,71,2954540
-97.97643111927601,60,2954600
-314.8999327603427,111,2954711
-252.3839200086941,83,2954794
-189.1166055442644,102,2954896
-197.56826800075123,109,2955005
-302.10179885210846,79,2955084
-287.4504238853972,104,2955188
-138.82491933931215,107,2955295
-85.92675786173892,91,2955386
-79.4667256947908,80,2955466
-134.12932262070854,133,2955599
-316.21936575287407,92,2955691
-105.68339943581621,104,2955795
-126.9963339650197,103,2955898
-179.32272350203374,120,2956018
-131.84000012446234,89,2956107
-6.624890624805971,122,2956229
-448.63594781206007,100,2956329
-187.732979841644,105,2956434
-44.1067990269831,61,2956495
15.909109466133245,89,2956584
-147.8389221650579,85,2956669
-339.11652618243227,89,2956758
-149.72955110510384,111,2956869
-212.91660452195373,80,2956949
-343.2608153554671,112,2957061
-85.24254154143165,65,2957126
-255.87280620936326,79,2957205
-121.52734877722668,114,2957319
-195.46186295516296,104,2957423
-102.6418631687707,100,2957523
-302.5488820505699,91,2957614
-350.0641077275195,105,2957719
-262.5455758517228,65,2957784
-47.72278715475341,67,2957851
-103.4398467466932,67,2957918
-296.60526208552096,134,2958052
-81.55538635884248,79,2958131
-114.8714948343723,122,2958253
-276.8725780952023,93,2958346
-191.22062832396628,68,2958414
-184.64190785034026,79,2958493
-110.1070941605285,98,2958591
-160.55520792153408,111,2958702
-66.99408507138382,57,2958759
-190.86386975918276,91,2958850
-114.20009080988872,122,2958972
-139.38721124968777,87,2959059
-69.09936217040203,85,2959144
-220.14542495232354,116,2959260
-185.97624068054316,82,2959342
-102.40747637415524,77,2959419
-107.54139648139717,75,2959494
-66.77467283558285,67,2959561
-259.0978610180898,84,2959645
-7.793428660718774,71,2959716
-91.90216339623416,106,2959822
-128.47685825868624,123,2959945
-223.818456334548,74,2960019
-149.66848212942614,67,2960086
-276.1436810717033,102,2960188
-108.73761043293521,88,2960276
-11.430140333024113,94,2960370
-97.42802400007311,79,2960449
-135.69504783947218,115,2960564
-239.2642304912874,86,2960650
-110.01822278174919,89,2960739
-124.95270683964473,89,2960828
-180.76936930587615,96,2960924
-182.06041753353378,124,2961048
-343.5757903824555,87,2961135
-56.236087403950776,63,2961198
-380.2746292571983,108,2961306
-89.62542014290158,93,2961399
-136.09485372317158,125,2961524
-119.8584910136957,108,2961632
-113.5474860341571,86,2961718
-217.90560491552253,63,2961781
-288.95524508046,97,2961878
-124.66672199460666,79,2961957
-9.827017162075208,125,2962082
-87.57483076776234,62,2962144
-332.53027367679204,123,2962267
-354.33159849183,117,2962384
-129.20702412985304,80,2962464
-214.32786418126835,136,2962600
-14.752042204958215,106,2962706
-61.397671514279466,67,2962773
-36.005297735182126,68,2962841
-349.89246506508846,94,2962935
-116.94368817757734,71,2963006
-273.44306461788176,108,2963114
-322.57323233654756,95,2963209
-312.0986449502696,131,2963340
-164.33412844669982,91,2963431
-278.0702627050108,71,2963502
-6.103871804320676,103,2963605
-163.13254489092873,119,2963724
-165.81150270254895,74,2963798
-186.97263401097626,61,2963859
-137.35442650060452,63,2963922
-69.41931353896153,68,2963990
-373.7984452012783,96,2964086
-128.82910438605626,94,2964180
-437.427202865646,88,2964268
-268.2235921944367,105,2964373
-125.08426615070563,86,2964459
-189.89247212622297,100,2964559
-177.79821066164,102,2964661
-61.79676307512444,73,2964734
-150.09782495118162,80,2964814
-182.3098767627119,93,2964907
-498.00517457694957,103,2965010
-62.49859719256979,143,2965153
-91.1133227467636,74,2965227
-261.00883478511344,121,2965348
-274.56694551163173,93,2965441
-168.15344949098773,70,2965511
6.316129678332217,70,2965581
-257.7222451570061,100,2965681
-315.05363059342517,79,2965760
-198.27091151859963,119,2965879
-159.60045813909971,71,2965950
-316.67943895490254,81,2966031
-90.34279713938803,68,2966099
-415.39630506620875,111,2966210
-123.09295387035048,97,2966307
-115.19546242999022,61,2966368
-75.13884303789004,80,2966448
-282.57340343886005,118,2966566
-403.4253931354141,82,2966648
-226.0766593451596,77,2966725
-106.27276774181692,66,2966791
-201.5351680320641,87,2966878
-135.45772775507203,105,2966983
-232.26280563586224,74,2967057
-103.80393242104205,89,2967146
-135.07606315253759,75,2967221
-82.86209256707416,74,2967295
-107.0806680641125,74,2967369
-106.06668593041978,109,2967478
-275.59688334516926,90,2967568
-375.9357249106016,112,2967680
-70.86471703513294,99,2967779
-413.0494943672787,95,2967874
-76.12087771321069,73,2967947
-398.54655621200914,90,2968037
-149.25308010711717,125,2968162
-82.40685423981326,69,2968231
-221.0894178165694,75,2968306
-115.6136309627815,109,2968415
-356.0408900448195,105,2968520
-131.57477840429328,77,2968597
-140.45484889033784,81,2968678
-97.83107234972424,87,2968765
-144.86249676549053,124,2968889
-38.463275314275094,96,2968985
-220.27201158396232,67,2969052
-93.0434311242006,77,2969129
-438.9684622880063,96,2969225
-322.19483807830295,111,2969336
-288.63654366243634,78,2969414
-199.67558794372803,83,2969497
-272.47576995059666,79,2969576
-211.9488863281819,90,2969666
-446.0642787907483,106,2969772
-136.00723597917886,63,2969835
-198.55433437612416,75,2969910
-172.96952951964994,67,2969977
-446.4547465494911,133,2970110
-147.62224401961072,66,2970176
-115.22125874479183,93,2970269
-105.77416397865382,123,2970392
-192.12639662794885,94,2970486
-120.56586360323666,76,2970562
-408.65503741986925,84,2970646
-356.55348508362965,82,2970728
-242.49269730648484,102,2970830
-62.038773412558335,85,2970915
-99.79985503512326,63,2970978
-131.87081027348268,113,2971091
-86.8497813002301,79,2971170
-108.57486295963902,71,2971241
-122.16074404670107,109,2971350
-85.77349916020404,61,2971411
-167.9136308958432,77,2971488
-124.91465010020819,82,2971570
-71.84453149829945,68,2971638
-343.04655531373254,86,2971724
-197.033524750575,60,2971784
-164.40383877432197,118,2971902
-251.26849433571627,84,2971986
-154.39893736275192,59,2972045
-153.22392290087635,97,2972142
-109.69268931723823,70,2972212
-259.8668989883347,102,2972314
-185.92861763898742,96,2972410
-55.395427420495835,103,2972513
-95.74418650056863,63,2972576
28.16973591989725,116,2972692
-227.20924664611124,72,2972764
9.485793908248866,68,2972832
-307.59950781351097,153,2972985
-116.06901703187212,120,2973105
-166.140634851712,111,2973216
-312.1574165421252,92,2973308
-95.84117954458796,90,2973398
-465.5840722285312,89,2973487
-122.8320331532893,108,2973595
-107.80993097720756,101,2973696
-451.59197088864266,104,2973800
-90.24527344734071,67,2973867
-331.18797984450885,114,2973981
-87.66408814664698,61,2974042
-283.29099042462366,91,2974133
-166.84580122800674,60,2974193
-75.76903332130212,115,2974308
-108.92098124788413,67,2974375
-54.45892918721672,135,2974510
-106.71170125649184,71,2974581
-105.172948253049,127,2974708
-99.91322725605988,126,2974834
-308.5047663622097,103,2974937
-150.50555010442912,115,2975052
-107.63331592688097,65,2975117
-22.129259294007696,105,2975222
-243.18475656435038,88,2975310
-194.97356533040738,117,2975427
-338.7026142604303,112,2975539
-313.15875880908317,78,2975617
-145.1289543999965,119,2975736
-109.93946195748536,65,2975801
-99.93679681486634,73,2975874
-66.29077635278995,80,2975954
-87.20894965877027,59,2976013
-93.10823274720312,79,2976092
-259.2882638282298,127,2976219
-109.6180984336206,124,2976343
-129.63609471063782,114,2976457
-38.24279268124608,79,2976536
-352.7483775585167,101,2976637
-124.30632757710544,127,2976764
-129.68582163596727,67,2976831
-274.0318378828744,98,2976929
-483.75500940853203,95,2977024
-264.68179635371513,99,2977123
-161.13533806238945,62,2977185
-68.86002717625333,59,2977244
-93.47137187991311,73,2977317
-318.8345000430952,114,2977431
-144.05532937994104,114,2977545
-208.8271771757162,68,2977613
-265.6696264519063,84,2977697
-86.4753257429925,68,2977765
-225.24081097024055,110,2977875
-79.51822763265974,143,2978018
-210.48080848601143,108,2978126
-260.14110274646225,124,2978250
-360.4813377102619,114,2978364
-378.21943492896355,134,2978498
-137.92892446833352,66,2978564
-154.76715473586526,70,2978634
-148.23247219361582,111,2978745
-256.7163918059862,88,2978833
-126.45892981329601,111,2978944
-268.9137318627391,98,2979042
-122.20797300576763,76,2979118
-125.60427861874547,77,2979195
-52.97368261658332,81,2979276
-251.26708198355593,156,2979432
-233.00866117453415,112,2979544
-126.03858025146445,77,2979621
-84.18948451236061,65,2979686
-123.97855255893238,70,2979756
-132.45695976346968,64,2979820
-123.55966292217892,86,2979906
-241.67809079156393,100,2980006
-115.17921177234597,82,2980088
-340.02175975809246,93,2980181
-156.03098896693075,84,2980265
-152.04367573686625,105,2980370
-182.7225825722083,130,2980500
-90.76721673604946,60,2980560
2.5008327958810384,136,2980696
-117.16125953991427,63,2980759
-171.81160883150795,65,2980824
-171.38682986610146,69,2980893
-117.09346529243936,104,2980997
-398.2279523115453,87,2981084
-176.4059787048638,76,2981160
-129.54178155643288,107,2981267
-31.66928823957433,99,2981366
-264.39761958898407,94,2981460
-99.45399582350946,92,2981552
-126.53288106406441,97,2981649
-120.79228999255417,90,2981739
-383.1426660368806,78,2981817
43.30556493021194,68,2981885
-108.29638378238774,95,2981980
-171.42516641909415,113,2982093
-104.74439156582062,74,2982167
-116.91641599565108,67,2982234
-75.39534079162875,71,2982305
-228.4728744499544,98,2982403
-97.16328755697124,77,2982480
-97.86330215133536,76,2982556
1.6072365428100568,96,2982652
-306.44568752297505,75,2982727
-141.07093138196893,127,2982854
-311.42767691220297,90,2982944
-256.0224891916073,93,2983037
-98.40730172781248,111,2983148
-93.19653949410075,109,2983257
-65.96220375675654,70,2983327
-182.02403724376688,73,2983400
-437.3094120372059,80,2983480
-196.39151548510725,115,2983595
-52.15208442852828,78,2983673
-229.05029327386248,126,2983799
-198.94362565298815,78,2983877
-136.4068988229276,126,2984003
-291.8675417364381,76,2984079
-464.86305011775323,101,2984180
-186.47380710531223,89,2984269
-124.77606846868608,78,2984347
-116.72992204423907,71,2984418
-103.65941827345432,74,2984492
-225.39983388881555,62,2984554
-148.32683308581758,82,2984636
-135.958434932324,101,2984737
-222.00485550178854,75,2984812
-137.14706785946186,117,2984929
6.867834723142238,61,2984990
-141.24079539428274,63,2985053
-261.5557286698896,83,2985136
-80.93528252932336,101,2985237
-376.4415828753968,93,2985330
-454.9276718476607,120,2985450
-287.8132748297935,118,2985568
-99.19000408956892,84,2985652
-191.1775958936937,119,2985771
-123.67704097798827,74,2985845
-84.28732912930775,73,2985918
-217.89651024105996,98,2986016
-187.7073050041433,74,2986090
-258.9861063804717,95,2986185
-113.42297485759491,96,2986281
-135.94266570987048,86,2986367
-182.88660933158056,85,2986452
-570.5537978954305,121,2986573
-338.1031269341753,114,2986687
-168.17674535152412,112,2986799
-257.2843627726428,123,2986922
-121.21453023231467,101,2987023
-283.2006037465366,67,2987090
-417.4205495655915,92,2987182
-231.7590726536508,72,2987254
-128.94711171839225,69,2987323
-118.31655974050534,63,2987386
-128.9490224965309,74,2987460
-471.46362536463687,87,2987547
-63.99596489858705,59,2987606
-224.8940058348283,101,2987707
-240.6556175209088,115,2987822
-437.88946518519464,98,2987920
-194.76837981235377,87,2988007
-135.0766669170851,57,2988064
-156.9391261892515,107,2988171
-95.84746777404189,66,2988237
-262.06630573034556,96,2988333
-126.0170385845658,102,2988435
-161.09812093058144,80,2988515
-364.61967900726665,105,2988620
-113.87418478527348,79,2988699
-221.05281247695143,125,2988824
-104.49991211624567,106,2988930
-172.53489085414037,125,2989055
-55.975907311922256,64,2989119
-105.67575262020159,117,2989236
-276.70019154946965,105,2989341
-47.47447858558388,75,2989416
-64.23859357623905,65,2989481
-130.55086317344774,101,2989582
-458.6630527416845,84,2989666
-92.47245846982388,69,2989735
-137.02624709149794,116,2989851
-202.25391167111923,112,2989963
-254.70715611821095,95,2990058
-167.45143018197115,105,2990163
-103.41937429221544,79,2990242
-353.55432885893117,96,2990338
-71.11429737481166,87,2990425
-92.6798106064564,71,2990496
-181.75095147395075,118,2990614
-74.9802829278053,79,2990693
-101.67678657531722,138,2990831
-342.16594723759766,95,2990926
-131.96769076483739,61,2990987
-135.72427800828734,83,2991070
-119.22836288968094,103,2991173
-341.1563003087646,100,2991273
-137.45883460638692,111,2991384
-111.57313267949985,69,2991453
-107.26054120060184,68,2991521
-138.08115560666988,102,2991623
-133.4518779642105,85,2991708
-224.46967893525226,121,2991829
-119.4028781324181,84,2991913
-9.023144754163397,88,2992001
-114.66434047442397,57,2992058
-103.55362341375437,76,2992134
-110.56967590654094,125,2992259
-143.96133364647986,56,2992315
-243.13974593843182,99,2992414
-85.64232312862588,94,2992508
-262.84613749814366,114,2992622
-87.71703092134011,77,2992699
-101.47997451906431,71,2992770
-268.21318217437863,115,2992885
-402.1632542430426,110,2992995
-408.91938016452275,118,2993113
-107.30798851091994,68,2993181
-113.77731028318145,73,2993254
-84.21773767796768,94,2993348
18.181330117878034,86,2993434
-182.2493803561976,66,2993500
-281.51526642876627,102,2993602
-107.84178017960792,129,2993731
-297.01936077661327,103,2993834
-335.08013265528734,98,2993932
-102.57306708967744,100,2994032
-117.29962283950566,114,2994146
-286.5714310702517,93,2994239
-169.74907434849223,123,2994362
-103.2654075403651,71,2994433
-318.2092237946654,107,2994540
-162.82719304997335,66,2994606
-69.52180937599753,69,2994675
-113.81138447533047,91,2994766
-105.6612222471048,72,2994838
-142.41734719943108,71,2994909
-81.94438550326552,65,2994974
-107.0396621355097,84,2995058
-102.28760154425318,112,2995170
-421.0140829799324,105,2995275
-229.90740894111812,110,2995385
-156.51790499340186,106,2995491
-397.90990764620693,94,2995585
-474.20488272892135,99,2995684
-302.6404600960958,99,2995783
-383.09989310053277,90,2995873
-215.39874773978772,115,2995988
-105.87519605817087,135,2996123
-262.7432250725171,80,2996203
-301.6212463918213,110,2996313
-178.32758212216197,104,2996417
-98.48078960830986,84,2996501
-360.75357118220865,93,2996594
-265.49056197467473,101,2996695
-63.84776279866992,62,2996757
-96.72897594390409,68,2996825
-112.41759629973326,81,2996906
-368.2527165222369,122,2997028
-126.1810640861112,79,2997107
-151.6593846650598,84,2997191
-115.463669988796,110,2997301
-150.56565710054855,99,2997400
-129.13884279706298,75,2997475
-108.48658812829251,108,2997583
-148.34038312088137,62,2997645
-140.42417016798794,63,2997708
-430.68328621908347,89,2997797
-119.36249627004968,66,2997863
-380.2450566546611,97,2997960
-15.490886004797972,115,2998075
-459.86165952690504,110,2998185
-104.03557663305837,60,2998245
6.3975496258617,113,2998358
-123.50656205620723,93,2998451
-92.91460569890177,77,2998528
-132.70082217592693,75,2998603
-100.58110025692865,64,2998667
-259.56749526612066,86,2998753
-445.7927267119135,94,2998847
-130.49211326625525,93,2998940
-115.65258471283154,87,2999027
-85.32608024215872,63,2999090
-88.3416487673988,143,2999233
-236.14083702149753,64,2999297
-417.2108437952626,102,2999399
-283.10490335137786,99,2999498
-85.43059188559803,66,2999564
-112.24422295376777,79,2999643
-90.45986175111013,53,2999696
-360.9746680071305,87,2999783
-170.5433197372757,111,2999894
-85.67294244016821,65,2999959
-61.74130776397415,60,3000019
